CreateTime,ppeID,idBeacon,Sequence_number,Channel,RSSI_1,RSSI_2,RSSI_3,RSSI_4,RSSI_5,RSSI_6,RSSI_7,Azim_1,Azim_2,Azim_3,Azim_4,Azim_5,Azim_6,Azim_7,Elev_1,Elev_2,Elev_3,Elev_4,Elev_5,Elev_6,Elev_7,X_siliconlabs,Y_siliconlabs,Z_siliconlabs,X_real,Y_real,Z_real,iq_i_1,iq_q_1,iq_i_2,iq_q_2,iq_i_3,iq_q_3,iq_i_4,iq_q_4,iq_i_5,iq_q_5,iq_i_6,iq_q_6,iq_i_7,iq_q_7
1740060495.725815,ble-pd-B43A31EF7B26,f0ab49fa-b68d-2a75-37aa-1a19614de6e9,6168,0,-66.0,-69.0,-69.0,-68.0,-56.0,-50.0,-59.0,2.7606567544259493,-1.425462166629038,0.3401112375495835,-1.5266352569669848,-0.2995774882059777,-2.4270855432262413,-2.036264613902889,0.4478434939153136,0.3122060031469743,0.225271520221893,0.4151270925559082,0.8677367874255416,0.2822363423846908,0.7894388006401339,-3.5054047107696533,6.783084392547607,1.586467981338501,-3.54,6.84,1.96,"['[-36.0', -10.0, 28.0, 29.0, -10.0, -35.0, -13.0, 26.0, -25.0, 78.0, -79.0, 9.0, -33.0, 58.0, -70.0, 71.0, -35.0, 33.0, -43.0, 7.0, 5.0, -19.0, -62.0, 10.0, -19.0, 49.0, -44.0, 38.0, -17.0, 17.0, -76.0, 6.0, -38.0, -19.0, -20.0, -20.0, -8.0, -45.0, -3.0, 10.0, 33.0, -28.0, 46.0, -54.0, 20.0, -27.0, 17.0, -43.0, 69.0, -43.0, 14.0, -39.0, 23.0, -2.0, -44.0, -51.0, 13.0, -25.0, 20.0, -36.0, 42.0, -22.0, -3.0, -62.0, 15.0, -56.0, -36.0, -19.0, -7.0, -20.0, -71.0, 16.0, 25.0, 36.0, -29.0, 12.0, -17.0, 29.0, -19.0, -24.0, -9.0, ' 58.0]']","['[0.0', 34.0, 21.0, -20.0, -34.0, -1.0, 33.0, 22.0, -15.0, -72.0, 59.0, 34.0, 10.0, -104.0, 65.0, 3.0, -27.0, -51.0, 1.0, 45.0, -22.0, -77.0, 19.0, 10.0, -19.0, -68.0, 12.0, 20.0, -17.0, -45.0, 24.0, 26.0, -61.0, -53.0, 0.0, 35.0, -32.0, -81.0, 56.0, 40.0, 12.0, -5.0, -96.0, 83.0, 27.0, 22.0, -119.0, 87.0, -22.0, -15.0, -59.0, 15.0, 39.0, -23.0, -67.0, 40.0, 5.0, -10.0, -82.0, 28.0, 5.0, -11.0, -48.0, 50.0, 22.0, -44.0, -44.0, 8.0, 39.0, -27.0, -60.0, 54.0, 32.0, 0.0, 4.0, -106.0, 98.0, 19.0, 30.0, -118.0, 96.0, ' -44.0]']","['[-38.0', 13.0, ' 40.0', -1.0, -42.0, -10.0, 40.0, 19.0, -34.0, -45.0, -57.0, -18.0, -18.0, -28.0, -7.0, -33.0, -80.0, 1.0, -53.0, -16.0, 8.0, -32.0, 32.0, -33.0, -54.0, -6.0, -16.0, -11.0, 42.0, -18.0, 32.0, -8.0, -15.0, -2.0, -49.0, 9.0, -2.0, -4.0, -19.0, -63.0, 3.0, -15.0, -67.0, -48.0, -32.0, -18.0, -24.0, 1.0, -3.0, -80.0, 1.0, -62.0, -12.0, -8.0, -18.0, 16.0, 2.0, -86.0, -5.0, -41.0, -13.0, 34.0, -30.0, 48.0, -25.0, -35.0, -17.0, -83.0, -6.0, -21.0, -11.0, -17.0, -46.0, -11.0, 5.0, -80.0, -30.0, -40.0, -15.0, -16.0, 9.0, ' 31.0]']","['[18.0', ' 40.0', ' -7.0', -42.0, -4.0, 41.0, 14.0, -37.0, 48.0, -67.0, 19.0, -41.0, -2.0, 4.0, 21.0, 80.0, -12.0, 1.0, -36.0, 4.0, -47.0, 36.0, -36.0, 88.0, -92.0, 6.0, -75.0, -9.0, -15.0, -35.0, 57.0, -44.0, -60.0, -40.0, -104.0, -41.0, -57.0, -17.0, 4.0, 37.0, -40.0, 59.0, -47.0, 40.0, -31.0, 3.0, 15.0, 23.0, 87.0, 17.0, 0.0, -14.0, 11.0, -47.0, 46.0, -46.0, 95.0, -65.0, 8.0, -63.0, -3.0, -30.0, -26.0, 43.0, -38.0, -51.0, -36.0, -80.0, -42.0, -54.0, -15.0, 10.0, 56.0, -38.0, 62.0, -20.0, 55.0, -18.0, 8.0, 22.0, 19.0, ' 85.0]']","['[-20.0', ' 8.0', ' 24.0', 4.0, -21.0, -15.0, 13.0, 23.0, -22.0, -7.0, -11.0, -2.0, -3.0, -12.0, -4.0, -22.0, -2.0, 65.0, 4.0, 45.0, -5.0, 4.0, 1.0, -30.0, -7.0, 20.0, -27.0, -21.0, -28.0, -48.0, -21.0, -92.0, 19.0, -41.0, 43.0, -33.0, 20.0, -18.0, 25.0, 51.0, 0.0, 15.0, -76.0, -11.0, -50.0, -9.0, -4.0, -2.0, 42.0, -6.0, -45.0, -3.0, -4.0, -5.0, 25.0, -4.0, 71.0, -22.0, 23.0, -22.0, 38.0, 0.0, -10.0, 2.0, -39.0, -3.0, 3.0, -16.0, -30.0, -25.0, -29.0, -14.0, -52.0, -21.0, 10.0, 67.0, 19.0, 41.0, 9.0, 15.0, 5.0, ' -11.0]']","['[12.0', ' 23.0', ' -1.0', -23.0, -10.0, 18.0, 20.0, -6.0, -7.0, 85.0, 17.0, 55.0, 10.0, 9.0, 3.0, -36.0, 7.0, 23.0, 2.0, -12.0, 8.0, -30.0, 3.0, -64.0, 27.0, -33.0, 33.0, -32.0, 10.0, 30.0, 6.0, 79.0, -3.0, 14.0, 0.0, 46.0, 18.0, 39.0, 5.0, 34.0, 22.0, -18.0, -40.0, -16.0, -23.0, -5.0, -15.0, -5.0, -5.0, -5.0, 52.0, 3.0, 47.0, -8.0, 16.0, 0.0, -4.0, -18.0, 32.0, -37.0, -8.0, -30.0, -56.0, -23.0, -115.0, 19.0, -44.0, 40.0, -47.0, 13.0, -31.0, 21.0, 33.0, -10.0, 21.0, -54.0, -4.0, -37.0, -5.0, 2.0, 0.0, ' 42.0]']","['[-28.0', ' 0.0', 28.0, 20.0, -13.0, -30.0, -7.0, 24.0, -17.0, 0.0, 4.0, 30.0, 38.0, -31.0, -76.0, -82.0, 1.0, -62.0, -54.0, 10.0, -14.0, 55.0, -6.0, 85.0, 72.0, 10.0, 55.0, -25.0, -39.0, 16.0, -36.0, 77.0, -82.0, 35.0, 40.0, 29.0, 74.0, -6.0, 16.0, -12.0, -23.0, 42.0, 67.0, 25.0, -31.0, -30.0, -28.0, -9.0, -2.0, -48.0, 26.0, 3.0, 19.0, 53.0, -29.0, -7.0, -112.0, 32.0, -57.0, -71.0, -29.0, -46.0, 40.0, 20.0, 17.0, 94.0, -8.0, 88.0, -36.0, -41.0, -8.0, -56.0, -2.0, -11.0, -4.0, -34.0, -17.0, -12.0, -20.0, 46.0, 83.0, ' 81.0]']","['[9.0', 30.0, 10.0, -22.0, -27.0, 3.0, 29.0, 16.0, -38.0, -68.0, -27.0, 23.0, 20.0, 36.0, 34.0, 28.0, 51.0, -9.0, 10.0, -22.0, -51.0, 13.0, 10.0, 92.0, -53.0, 56.0, 59.0, 37.0, 60.0, -46.0, -9.0, -42.0, -73.0, -2.0, -102.0, 29.0, 23.0, 11.0, 53.0, 6.0, 19.0, -6.0, 14.0, 11.0, 22.0, 31.0, -39.0, -83.0, -87.0, -15.0, -58.0, -55.0, 16.0, 0.0, 48.0, -9.0, 56.0, 83.0, -7.0, 39.0, -34.0, -55.0, 28.0, -32.0, 87.0, -56.0, 34.0, 66.0, 20.0, 66.0, -9.0, 1.0, -13.0, -26.0, 42.0, 60.0, 21.0, -36.0, -38.0, -16.0, 10.0, ' 21.0]']",,,,,,
1740060496.724623,ble-pd-B43A31EF7B26,3fbd3590-85b5-1dbc-a17f-52b440f3a518,6169,29,-61.0,-76.0,-74.0,-62.0,,-50.0,-60.0,2.767985773745848,-1.4107747000591964,0.3346714647069876,-1.5345320622312877,,-1.748847872069878,-1.1042275335225369,0.5182650631461154,0.2439256653668667,0.2824124543734445,0.431719551542997,,0.8411614660272874,0.7674079530583443,-3.4760217666625977,6.764029502868652,1.5582115650177,-3.54,6.84,1.96,"['[70.0', 69.0, -12.0, -82.0, -39.0, 58.0, 80.0, -7.0, -93.0, -1.0, 8.0, 106.0, -55.0, -29.0, 75.0, 47.0, -44.0, -78.0, 4.0, 99.0, -29.0, -53.0, 42.0, -14.0, -2.0, -75.0, 22.0, 41.0, -21.0, -68.0, 23.0, -6.0, -11.0, -94.0, -3.0, 5.0, -1.0, -74.0, 1.0, 0.0, 0.0, -97.0, 9.0, 2.0, 113.0, -50.0, -28.0, 71.0, 52.0, -42.0, -73.0, 3.0, 106.0, -30.0, -49.0, 38.0, -4.0, 0.0, -73.0, 18.0, 52.0, -26.0, -62.0, 14.0, 0.0, -6.0, -104.0, -8.0, 18.0, -2.0, -85.0, -5.0, 2.0, 8.0, -95.0, 14.0, -1.0, 115.0, -52.0, -25.0, 56.0, ' 56.0]']","['[53.0', -44.0, -83.0, -8.0, 76.0, 58.0, -36.0, -88.0, 1.0, -71.0, 67.0, -11.0, 20.0, -6.0, 67.0, -58.0, -4.0, -47.0, 42.0, -59.0, -4.0, -19.0, 26.0, -81.0, -27.0, 13.0, 30.0, -77.0, 14.0, -20.0, 22.0, -43.0, -23.0, 26.0, -4.0, -69.0, 17.0, 19.0, 31.0, -51.0, -92.0, -9.0, -73.0, 67.0, 1.0, 12.0, -6.0, 74.0, -56.0, -12.0, -57.0, 42.0, -44.0, -5.0, -25.0, 29.0, -80.0, -24.0, 4.0, 27.0, -71.0, 10.0, -22.0, 27.0, -45.0, -18.0, 21.0, -4.0, -67.0, 16.0, 16.0, 33.0, -46.0, -88.0, -22.0, -69.0, 67.0, 26.0, 3.0, -13.0, 83.0, ' -45.0]']","['[16.0', -9.0, ' -20.0', 5.0, 28.0, 2.0, -25.0, -12.0, 4.0, 39.0, 50.0, -5.0, 41.0, -8.0, -5.0, -26.0, 11.0, 37.0, 12.0, 8.0, 24.0, 13.0, 37.0, -11.0, 39.0, -9.0, 40.0, 5.0, 68.0, 24.0, 40.0, 0.0, 33.0, 7.0, 101.0, 2.0, 117.0, 4.0, 25.0, -27.0, 2.0, -5.0, 33.0, 46.0, -3.0, 37.0, -21.0, -17.0, -19.0, 4.0, 32.0, 4.0, 9.0, 21.0, 9.0, 41.0, -7.0, 43.0, 2.0, 35.0, 6.0, 70.0, 21.0, 55.0, -8.0, 35.0, 7.0, 84.0, 3.0, 125.0, 3.0, 16.0, -36.0, 8.0, -9.0, 21.0, 35.0, -3.0, 26.0, -19.0, -11.0, ' -18.0]']","['[-17.0', ' -13.0', ' 3.0', 16.0, 0.0, -18.0, -2.0, 18.0, -25.0, -28.0, -37.0, -14.0, -21.0, -24.0, -40.0, -7.0, -41.0, -5.0, -17.0, -9.0, -25.0, -9.0, -17.0, 14.0, 5.0, -1.0, -13.0, -18.0, 1.0, -10.0, 48.0, -10.0, 5.0, 24.0, -19.0, 6.0, 22.0, 26.0, 59.0, 4.0, 26.0, -14.0, -31.0, -42.0, -10.0, -20.0, -20.0, -28.0, 1.0, -41.0, -11.0, -25.0, -14.0, -27.0, -8.0, -23.0, 23.0, -5.0, -4.0, -26.0, -18.0, -18.0, -17.0, 37.0, -3.0, 4.0, 11.0, -50.0, 8.0, -9.0, 18.0, 51.0, 8.0, 12.0, -19.0, -38.0, -58.0, 0.0, -22.0, -20.0, -21.0, ' -1.0]']","['[10.0', ' 18.0', ' -2.0', -19.0, -8.0, 15.0, 15.0, -8.0, -55.0, 117.0, -21.0, 31.0, -20.0, 18.0, -1.0, 3.0, -8.0, 8.0, 0.0, -10.0, -10.0, -24.0, -24.0, -31.0, 1.0, -52.0, -16.0, -76.0, -13.0, -43.0, 10.0, 12.0, 26.0, -21.0, 63.0, -43.0, 89.0, -30.0, 16.0, 8.0, 18.0, 35.0, -90.0, 25.0, -19.0, 38.0, 22.0, -29.0, 110.0, -25.0, 18.0, 8.0, 53.0, 7.0, 28.0, 31.0, -3.0, 2.0, 27.0, -10.0, 12.0, -6.0, 14.0, -17.0, 21.0, -21.0, -35.0, -31.0, 0.0, -53.0, -12.0, -17.0, -3.0, -21.0, 20.0, 11.0, -28.0, -18.0, -43.0, -81.0, -50.0, ' -71.0]']","['[10.0', ' -2.0', ' -23.0', -7.0, 21.0, 18.0, -14.0, -25.0, 26.0, 32.0, -1.0, 20.0, 1.0, -68.0, -16.0, -85.0, 55.0, -62.0, 4.0, -63.0, 6.0, -22.0, -32.0, 5.0, -14.0, -38.0, -16.0, 3.0, 32.0, 24.0, -18.0, -4.0, 41.0, 61.0, -54.0, 71.0, -17.0, 21.0, -21.0, -26.0, 2.0, -41.0, 23.0, 8.0, -2.0, 3.0, 44.0, 31.0, 61.0, -33.0, 49.0, -16.0, 12.0, -1.0, 3.0, 15.0, -12.0, 22.0, -2.0, 15.0, -59.0, 19.0, -17.0, 7.0, -24.0, -22.0, -76.0, 41.0, -71.0, 33.0, -26.0, 3.0, 22.0, 2.0, 45.0, -123.0, 38.0, -9.0, 0.0, -7.0, -40.0, ' 60.0]']","['[59.0', ' 87.0', -2.0, -85.0, -61.0, 42.0, 88.0, 23.0, -69.0, 7.0, -74.0, -22.0, -19.0, 25.0, 0.0, 0.0, 57.0, 37.0, -6.0, -7.0, -79.0, -6.0, -9.0, 70.0, -27.0, 59.0, 67.0, 66.0, 59.0, -31.0, 11.0, -54.0, -55.0, -11.0, -107.0, 35.0, -17.0, 40.0, 109.0, 14.0, 44.0, 12.0, -17.0, 67.0, 14.0, 44.0, -24.0, -21.0, -74.0, -54.0, -49.0, -50.0, -39.0, 35.0, 29.0, 18.0, 6.0, 54.0, -11.0, -28.0, -77.0, -64.0, 11.0, -40.0, 93.0, -14.0, 38.0, 103.0, 4.0, 86.0, -40.0, -30.0, -56.0, -84.0, 49.0, 25.0, -37.0, 2.0, -48.0, 17.0, 14.0, ' 65.0]']","['[63.0', -26.0, -94.0, -35.0, 71.0, 84.0, -14.0, -92.0, 48.0, 23.0, -32.0, 7.0, -50.0, 19.0, 13.0, 86.0, 19.0, 36.0, 78.0, 54.0, 22.0, -33.0, -21.0, -76.0, -58.0, -37.0, -30.0, 31.0, 31.0, 22.0, 47.0, -56.0, 78.0, -44.0, -46.0, -39.0, -119.0, 22.0, -65.0, 90.0, 76.0, -78.0, -13.0, -32.0, -14.0, 28.0, 6.0, -8.0, -52.0, 15.0, -3.0, -60.0, -39.0, -68.0, 20.0, 7.0, 113.0, 27.0, 72.0, 68.0, 38.0, 4.0, -32.0, -29.0, -4.0, -94.0, 25.0, -40.0, 58.0, 78.0, 7.0, 108.0, -61.0, -28.0, 66.0, -9.0, 64.0, 8.0, 9.0, -29.0, -13.0, ' -11.0]']",,,,,,
1740060497.725206,ble-pd-B43A31EF7B26,22aa42e3-d84c-8300-5263-8cf401bddf5d,6170,36,-63.0,-77.0,-73.0,-66.0,,-55.0,-54.0,2.793996335480433,-1.4971015994263328,0.351120479179862,-1.5072911200730852,,-2.2098956681891333,-0.9305479861474818,0.6257220818131859,0.2110816153674624,0.149004428911665,0.2639834462091234,,0.5850777858481406,0.5539984587042127,-3.440994501113892,6.853947639465332,1.5381253957748413,-3.54,6.84,1.96,"['[63.0', -33.0, -84.0, -23.0, 67.0, 69.0, -21.0, -86.0, 13.0, -9.0, 63.0, 1.0, 19.0, 39.0, 57.0, -102.0, 21.0, -5.0, 48.0, -61.0, -18.0, 21.0, 23.0, -108.0, 8.0, 33.0, 48.0, -92.0, 5.0, 2.0, 6.0, -87.0, -30.0, 27.0, -19.0, -91.0, 44.0, 19.0, 42.0, -43.0, -83.0, -5.0, -8.0, 60.0, 24.0, 8.0, 23.0, 71.0, -99.0, 11.0, -17.0, 42.0, -38.0, -24.0, 8.0, 37.0, -112.0, 11.0, 23.0, 47.0, -79.0, -2.0, -10.0, 14.0, -89.0, -29.0, 10.0, -16.0, -92.0, 46.0, 9.0, 35.0, -41.0, -76.0, -29.0, -8.0, 57.0, 43.0, 0.0, 5.0, 85.0, ' -90.0]']","['[-56.0', -77.0, 4.0, 80.0, 49.0, -48.0, -81.0, -8.0, 100.0, 2.0, 0.0, -98.0, 44.0, 72.0, -80.0, -9.0, 40.0, 52.0, 18.0, -108.0, 36.0, 58.0, -70.0, 21.0, -12.0, 42.0, -9.0, -45.0, 37.0, 59.0, -40.0, 21.0, -3.0, 73.0, -8.0, 7.0, -9.0, 42.0, 36.0, -3.0, -19.0, 102.0, 1.0, 11.0, -94.0, 48.0, 79.0, -68.0, -29.0, 44.0, 48.0, 29.0, -119.0, 32.0, 62.0, -64.0, -2.0, -9.0, 49.0, 2.0, -66.0, 37.0, 58.0, -37.0, 4.0, -10.0, 77.0, -11.0, -9.0, 1.0, 45.0, 45.0, -13.0, -38.0, 99.0, -2.0, 23.0, -88.0, 48.0, 82.0, -51.0, ' -47.0]']","['[17.0', 13.0, ' -13.0', -17.0, 9.0, 20.0, -3.0, -20.0, -1.0, 35.0, 15.0, 8.0, 17.0, 14.0, 21.0, 3.0, 23.0, 30.0, 27.0, 18.0, 36.0, -9.0, 15.0, -43.0, -8.0, 1.0, 20.0, -2.0, 11.0, 3.0, -35.0, 7.0, -18.0, -26.0, 21.0, -14.0, -18.0, -13.0, -55.0, 0.0, -20.0, 0.0, 38.0, 22.0, 8.0, 21.0, 16.0, 24.0, 2.0, 23.0, 35.0, 26.0, 18.0, 38.0, -8.0, 20.0, -45.0, -7.0, 8.0, 27.0, 1.0, 20.0, 4.0, -28.0, 5.0, -13.0, -25.0, 38.0, -18.0, 7.0, -14.0, -49.0, -6.0, -19.0, 4.0, 40.0, 27.0, 7.0, 27.0, 15.0, 26.0, ' 1.0]']","['[11.0', ' -15.0', ' -15.0', 11.0, 18.0, -5.0, -20.0, -1.0, 17.0, 20.0, 31.0, 0.0, 30.0, 3.0, 16.0, -2.0, 11.0, 22.0, -4.0, 9.0, 9.0, 4.0, 21.0, -13.0, 15.0, 33.0, 37.0, 20.0, 66.0, 9.0, 37.0, -10.0, 24.0, 4.0, 88.0, -18.0, 124.0, -10.0, 20.0, -40.0, 5.0, 15.0, 16.0, 28.0, -1.0, 28.0, 0.0, 12.0, -4.0, 6.0, 16.0, -10.0, 8.0, 2.0, 5.0, 17.0, -5.0, 15.0, 32.0, 33.0, 20.0, 63.0, 9.0, 45.0, -12.0, 26.0, 8.0, 84.0, -16.0, 125.0, -7.0, 30.0, -39.0, 6.0, 15.0, 8.0, 24.0, -3.0, 23.0, -1.0, 7.0, ' -4.0]']","['[-30.0', ' -21.0', ' 20.0', 32.0, -2.0, -34.0, -15.0, 26.0, -15.0, -90.0, -22.0, -14.0, -23.0, 32.0, -34.0, 68.0, -20.0, 56.0, -2.0, 40.0, 4.0, 27.0, 11.0, -57.0, 16.0, 30.0, 8.0, -2.0, 27.0, -45.0, 29.0, -88.0, -66.0, -27.0, -30.0, -48.0, -48.0, -39.0, -31.0, -3.0, -33.0, 39.0, 6.0, 1.0, -18.0, -18.0, -56.0, -25.0, -43.0, 30.0, -75.0, -6.0, -38.0, -29.0, 3.0, -24.0, 85.0, -28.0, -23.0, -12.0, 40.0, -17.0, 72.0, -34.0, 74.0, 76.0, 54.0, 15.0, 46.0, 8.0, -7.0, 4.0, -76.0, 23.0, -38.0, 76.0, 19.0, 43.0, 52.0, 51.0, 71.0, ' -5.0]']","['[-13.0', ' 26.0', ' 27.0', -12.0, -34.0, -7.0, 31.0, 23.0, -35.0, 84.0, 20.0, 45.0, 53.0, 48.0, 74.0, -13.0, -23.0, 48.0, 10.0, 11.0, 37.0, -32.0, 22.0, -63.0, 22.0, 2.0, 9.0, -58.0, -5.0, -58.0, 18.0, -14.0, -40.0, -50.0, 12.0, -16.0, 40.0, 51.0, 27.0, 117.0, 0.0, 15.0, -124.0, -31.0, -44.0, -57.0, -14.0, -79.0, 56.0, 2.0, 0.0, -9.0, 18.0, -25.0, 41.0, -8.0, 11.0, -4.0, 18.0, 0.0, 40.0, 22.0, 14.0, 4.0, -47.0, -12.0, 19.0, -30.0, -20.0, -62.0, -65.0, -40.0, -91.0, -24.0, 13.0, 96.0, 24.0, 20.0, 30.0, -28.0, 40.0, ' -70.0]']","['[63.0', ' 23.0', -46.0, -57.0, 4.0, 62.0, 37.0, -29.0, -8.0, -6.0, -58.0, -15.0, -53.0, 29.0, 32.0, 66.0, 39.0, 12.0, 56.0, 0.0, -32.0, -30.0, -37.0, -6.0, -29.0, 29.0, 20.0, 40.0, 61.0, 1.0, 36.0, -58.0, 52.0, -10.0, -57.0, 8.0, -97.0, 50.0, 35.0, 27.0, 57.0, -12.0, 1.0, 41.0, 18.0, 78.0, -15.0, 4.0, -75.0, -7.0, -40.0, -75.0, -27.0, -13.0, 29.0, 41.0, 51.0, 26.0, -15.0, 12.0, -25.0, -45.0, -25.0, -54.0, 40.0, -57.0, 35.0, 12.0, 22.0, 105.0, -41.0, 40.0, -50.0, -60.0, 28.0, 3.0, -7.0, -14.0, -72.0, -4.0, -42.0, ' 51.0]']","['[0.0', -59.0, -45.0, 27.0, 62.0, 15.0, -51.0, -55.0, 28.0, 4.0, 7.0, -10.0, -60.0, -12.0, -53.0, 37.0, -37.0, 50.0, 50.0, 40.0, 65.0, -7.0, -19.0, -75.0, -6.0, -10.0, -47.0, -10.0, -4.0, 39.0, 42.0, 11.0, 26.0, -45.0, 56.0, -47.0, -43.0, 5.0, -115.0, 49.0, 23.0, -30.0, -6.0, -42.0, -1.0, 15.0, 27.0, 63.0, 11.0, 53.0, -33.0, -7.0, -29.0, -72.0, -11.0, -6.0, 59.0, -12.0, 25.0, 51.0, 33.0, 41.0, -31.0, -11.0, -45.0, 8.0, 30.0, -79.0, 41.0, -21.0, 28.0, 112.0, -25.0, 20.0, 16.0, 7.0, 58.0, 12.0, 36.0, -32.0, -47.0, ' -51.0]']",,,,,,
1740060498.727067,ble-pd-B43A31EF7B26,fd758949-5d15-ff07-c26f-96bdac4fa188,6171,13,-69.0,-79.0,-73.0,-69.0,-55.0,-50.0,-59.0,2.76289274447718,-1.45206035485815,0.4075384816087546,-1.499191381933718,-0.6416467345224848,-2.1725645666276168,-0.3021260377210614,0.4891782507468654,0.2059688953514851,0.1630789190223543,0.1798597467222958,0.7097457277780238,0.340002022233162,0.797156157276811,-3.4117226600646973,6.85609769821167,1.5235300064086914,-3.54,6.84,1.96,"['[-25.0', -16.0, 15.0, 26.0, 1.0, -24.0, -17.0, 14.0, -29.0, 66.0, -69.0, 28.0, -33.0, 94.0, -90.0, 36.0, -6.0, 19.0, -9.0, -3.0, 38.0, 35.0, -33.0, 22.0, 8.0, 43.0, 4.0, 7.0, 20.0, -10.0, -29.0, 12.0, 27.0, -30.0, -10.0, 0.0, 10.0, -34.0, -43.0, 22.0, 17.0, -39.0, 62.0, -66.0, 32.0, -35.0, 92.0, -85.0, 41.0, -15.0, 12.0, -9.0, 2.0, 36.0, 21.0, -25.0, 21.0, 4.0, 39.0, 3.0, 15.0, 17.0, -19.0, -25.0, 12.0, 21.0, -42.0, -10.0, 3.0, 10.0, -41.0, -35.0, 24.0, 20.0, -47.0, 53.0, -64.0, 36.0, -37.0, 85.0, -72.0, ' 43.0]']","['[-8.0', 22.0, 21.0, -7.0, -26.0, -10.0, 19.0, 21.0, -86.0, -54.0, 13.0, 37.0, -20.0, -35.0, 76.0, 36.0, -61.0, -53.0, -13.0, 42.0, -7.0, -103.0, 64.0, -8.0, -46.0, -40.0, -8.0, 60.0, -15.0, -83.0, 18.0, 7.0, -45.0, -80.0, 0.0, 25.0, -8.0, -83.0, 35.0, 18.0, 19.0, -82.0, -60.0, 21.0, 32.0, -16.0, -45.0, 84.0, 32.0, -60.0, -55.0, -12.0, 43.0, -12.0, -107.0, 68.0, -12.0, -47.0, -44.0, -8.0, 59.0, -17.0, -82.0, 21.0, 5.0, -49.0, -74.0, 1.0, 25.0, -8.0, -80.0, 43.0, 14.0, 17.0, -79.0, -67.0, 29.0, 29.0, -11.0, -56.0, 95.0, ' 27.0]']","['[-16.0', -15.0, ' 12.0', 17.0, -7.0, -19.0, 1.0, 21.0, -3.0, 111.0, 42.0, 20.0, 34.0, -6.0, -35.0, -37.0, 0.0, 57.0, 11.0, -2.0, 20.0, 13.0, 38.0, -30.0, 117.0, -50.0, 81.0, -6.0, 35.0, 30.0, 22.0, -1.0, 95.0, 41.0, 101.0, 18.0, 111.0, 17.0, 25.0, 46.0, 25.0, -15.0, 105.0, 18.0, 21.0, 22.0, -13.0, -44.0, -45.0, -18.0, 57.0, -2.0, -4.0, 19.0, 4.0, 38.0, -36.0, 106.0, -40.0, 78.0, -18.0, 32.0, 19.0, 23.0, -11.0, 103.0, 47.0, 83.0, 28.0, 103.0, 27.0, 46.0, 44.0, 21.0, -26.0, 93.0, -7.0, 25.0, 10.0, -24.0, -46.0, ' -47.0]']","['[-12.0', ' 13.0', ' 15.0', -9.0, -18.0, 4.0, 21.0, 2.0, -39.0, -4.0, -84.0, 16.0, -42.0, -35.0, -36.0, -26.0, -65.0, 8.0, -51.0, -8.0, -3.0, -25.0, -3.0, -21.0, -37.0, 26.0, 3.0, -41.0, -6.0, -26.0, 9.0, -33.0, 39.0, 29.0, -46.0, 45.0, -25.0, 34.0, 79.0, -9.0, -6.0, -38.0, -29.0, -94.0, 12.0, -49.0, -35.0, -23.0, -16.0, -63.0, -7.0, -53.0, -5.0, -8.0, -26.0, -11.0, -12.0, -61.0, 40.0, -17.0, -38.0, -17.0, -34.0, 2.0, -31.0, 12.0, 17.0, -72.0, 39.0, -51.0, 28.0, 68.0, -21.0, -13.0, -34.0, -58.0, -96.0, 3.0, -52.0, -28.0, -10.0, ' 0.0]']","['[19.0', ' 7.0', ' -16.0', -15.0, 8.0, 20.0, 2.0, -18.0, 8.0, 63.0, 16.0, 30.0, 13.0, -49.0, -8.0, -117.0, 19.0, -13.0, 25.0, -45.0, 3.0, -22.0, 6.0, 1.0, -12.0, 10.0, -6.0, 5.0, 12.0, 12.0, 0.0, 3.0, -6.0, 7.0, 3.0, 45.0, -4.0, 23.0, 6.0, 43.0, 15.0, -35.0, 0.0, -18.0, 12.0, -9.0, 34.0, 2.0, 72.0, -2.0, 23.0, -12.0, 26.0, -8.0, 5.0, -10.0, -27.0, 9.0, 0.0, 9.0, -41.0, -10.0, -67.0, 0.0, -63.0, 3.0, -8.0, 12.0, -62.0, 21.0, -24.0, 23.0, 14.0, 1.0, 30.0, -65.0, 4.0, -45.0, -1.0, 10.0, 5.0, ' 38.0]']","['[2.0', ' -19.0', ' -12.0', 12.0, 19.0, -2.0, -19.0, -7.0, 37.0, -43.0, 10.0, -35.0, 3.0, -8.0, 2.0, -8.0, -8.0, -19.0, -3.0, 0.0, 7.0, 8.0, 8.0, 32.0, -1.0, -6.0, -6.0, 44.0, 5.0, 72.0, 0.0, 72.0, 0.0, 5.0, -17.0, 44.0, -21.0, 13.0, -30.0, -46.0, -13.0, -13.0, 77.0, 6.0, 47.0, 10.0, -36.0, -8.0, -93.0, 20.0, 0.0, 22.0, -37.0, -1.0, -24.0, 1.0, -16.0, -9.0, 12.0, -1.0, -19.0, 7.0, -30.0, 0.0, -35.0, -6.0, 3.0, 12.0, 14.0, 7.0, 13.0, 21.0, 62.0, 21.0, -22.0, -42.0, -18.0, -15.0, -13.0, 48.0, 6.0, ' 112.0]']","['[0.0', ' -29.0', -22.0, 14.0, 31.0, 9.0, -25.0, -27.0, 68.0, 31.0, 19.0, -31.0, -19.0, -10.0, -10.0, 37.0, -12.0, 26.0, 15.0, 18.0, 79.0, 8.0, 12.0, -40.0, 26.0, 4.0, -56.0, -29.0, -37.0, 12.0, 12.0, 14.0, -34.0, 20.0, 53.0, 32.0, -40.0, -33.0, -116.0, -44.0, -3.0, -59.0, -30.0, -59.0, -21.0, -29.0, 21.0, 36.0, 12.0, 10.0, 9.0, 29.0, -21.0, -36.0, -23.0, -39.0, 3.0, -24.0, 4.0, 25.0, 12.0, 81.0, 28.0, 33.0, 16.0, 104.0, 22.0, -52.0, -39.0, -40.0, 30.0, 24.0, 67.0, 28.0, -5.0, 0.0, 41.0, 54.0, 50.0, -12.0, -29.0, ' -48.0]']","['[-32.0', -12.0, 23.0, 29.0, -2.0, -30.0, -20.0, 17.0, 27.0, 16.0, 56.0, 44.0, 46.0, -19.0, -36.0, -37.0, -4.0, -27.0, -45.0, 14.0, -6.0, 21.0, 37.0, 22.0, 11.0, -6.0, 5.0, 3.0, -72.0, -39.0, -46.0, -27.0, -101.0, -40.0, 27.0, 24.0, 74.0, -14.0, 35.0, -51.0, -32.0, 44.0, 19.0, -12.0, -50.0, -39.0, 0.0, 11.0, 51.0, -8.0, 36.0, 37.0, 8.0, 70.0, -4.0, -8.0, -46.0, 15.0, 6.0, -50.0, -27.0, 3.0, 29.0, 34.0, 26.0, 23.0, 40.0, 31.0, 13.0, -75.0, -20.0, -119.0, -11.0, 13.0, -74.0, -35.0, -43.0, 6.0, -2.0, 17.0, 25.0, ' -17.0]']",,,,,,
1740060499.727056,ble-pd-B43A31EF7B26,99d93dc8-c738-d675-9bb7-c81381db62c7,6172,27,-62.0,-73.0,-73.0,-63.0,,-51.0,-65.0,2.801803125899891,-1.4521450433808143,0.4042990124587822,-1.5027738662320929,,-1.6404399853867353,-1.1438013722663314,0.6500416028345988,0.2387768928076324,0.3152931061930805,0.1057806003727576,,0.7829651709864396,1.0288769393026191,-3.398343086242676,6.862249851226807,1.5002527236938477,-3.54,6.84,1.96,"['[54.0', -38.0, -74.0, -12.0, 66.0, 58.0, -30.0, -81.0, -29.0, -85.0, 69.0, -1.0, 21.0, -15.0, 87.0, -57.0, -14.0, -42.0, 38.0, -56.0, -2.0, -30.0, 50.0, -71.0, -27.0, 3.0, 26.0, -64.0, 6.0, -35.0, 42.0, -47.0, -18.0, 4.0, -4.0, -63.0, 3.0, 16.0, 38.0, -51.0, -80.0, -35.0, -85.0, 67.0, 2.0, 20.0, -15.0, 95.0, -54.0, -20.0, -49.0, 39.0, -51.0, -4.0, -35.0, 51.0, -74.0, -28.0, 0.0, 29.0, -59.0, 6.0, -41.0, 42.0, -49.0, -15.0, -1.0, -4.0, -58.0, 3.0, 13.0, 39.0, -50.0, -79.0, -42.0, -84.0, 68.0, 15.0, 15.0, -16.0, 96.0, ' -49.0]']","['[-58.0', -66.0, 14.0, 76.0, 36.0, -52.0, -72.0, 1.0, 108.0, 14.0, -2.0, -119.0, 62.0, 32.0, -53.0, -64.0, 55.0, 92.0, 0.0, -102.0, 28.0, 54.0, -30.0, -6.0, 12.0, 64.0, -18.0, -44.0, 18.0, 75.0, -16.0, -7.0, 8.0, 116.0, 15.0, -21.0, 4.0, 92.0, 0.0, 0.0, -3.0, 110.0, 2.0, 0.0, -122.0, 62.0, 33.0, -47.0, -65.0, 53.0, 90.0, 5.0, -108.0, 28.0, 53.0, -27.0, -10.0, 12.0, 65.0, -14.0, -46.0, 17.0, 74.0, -13.0, -11.0, 7.0, 119.0, 14.0, -27.0, 5.0, 92.0, 2.0, -4.0, -6.0, 105.0, 3.0, 11.0, -121.0, 64.0, 27.0, -44.0, ' -66.0]']","['[-1.0', 28.0, ' 9.0', -25.0, -15.0, 20.0, 22.0, -14.0, 16.0, -24.0, -15.0, 9.0, -22.0, 20.0, 14.0, 11.0, 16.0, -14.0, -1.0, -4.0, -6.0, -3.0, -18.0, 5.0, -41.0, 0.0, -38.0, 2.0, -57.0, -15.0, -61.0, -6.0, -27.0, -11.0, -70.0, -3.0, -105.0, -15.0, -43.0, 34.0, -18.0, 18.0, -13.0, -2.0, 9.0, -16.0, 22.0, 20.0, 11.0, 25.0, -4.0, 5.0, 1.0, 0.0, 0.0, -11.0, -3.0, -35.0, 0.0, -30.0, 7.0, -44.0, -9.0, -62.0, -6.0, -27.0, -18.0, -51.0, -4.0, -89.0, -21.0, -49.0, 25.0, -25.0, 21.0, -4.0, 13.0, 9.0, -4.0, 23.0, 24.0, ' 10.0]']","['[28.0', ' 6.0', ' -27.0', -12.0, 23.0, 19.0, -17.0, -22.0, 13.0, 32.0, 58.0, 0.0, 31.0, 12.0, 22.0, 3.0, 40.0, 29.0, 35.0, 18.0, 32.0, 10.0, 27.0, -25.0, 24.0, -3.0, 31.0, 15.0, 31.0, 18.0, -8.0, -8.0, -1.0, -12.0, 69.0, -4.0, 50.0, -25.0, -32.0, -28.0, -20.0, 8.0, 39.0, 62.0, -3.0, 36.0, 7.0, 20.0, 1.0, 35.0, 33.0, 33.0, 21.0, 33.0, 10.0, 33.0, -27.0, 34.0, -4.0, 40.0, 15.0, 47.0, 21.0, 8.0, -6.0, 6.0, -9.0, 86.0, -3.0, 74.0, -21.0, -22.0, -37.0, -14.0, 3.0, 41.0, 61.0, -4.0, 39.0, 2.0, 14.0, ' -6.0]']","['[20.0', ' -11.0', ' -26.0', -3.0, 24.0, 15.0, -15.0, -25.0, 37.0, -3.0, -12.0, -2.0, -25.0, -64.0, -27.0, -98.0, 47.0, -49.0, 19.0, -62.0, 19.0, -30.0, 1.0, 11.0, -14.0, -42.0, 7.0, 27.0, 0.0, 22.0, 3.0, 26.0, 21.0, 89.0, -36.0, 77.0, -36.0, 33.0, -18.0, -36.0, 11.0, -71.0, 72.0, -22.0, 31.0, 6.0, 23.0, 27.0, 9.0, -19.0, 39.0, -18.0, 18.0, -9.0, 1.0, -23.0, -26.0, 10.0, -11.0, -9.0, -66.0, -7.0, -62.0, 0.0, -34.0, 3.0, -69.0, 40.0, -60.0, 57.0, -34.0, 39.0, 29.0, 15.0, 58.0, -93.0, 39.0, -35.0, 17.0, 33.0, -5.0, ' 82.0]']","['[-17.0', ' -22.0', ' 2.0', 25.0, 9.0, -20.0, -20.0, 9.0, 65.0, -93.0, 40.0, -36.0, 15.0, 28.0, -9.0, 70.0, -11.0, -4.0, 5.0, 26.0, -4.0, 23.0, 29.0, 23.0, -1.0, 58.0, 5.0, 65.0, 10.0, 61.0, -3.0, 22.0, -21.0, 19.0, -20.0, 14.0, -45.0, 16.0, -36.0, -3.0, -24.0, -14.0, 62.0, -36.0, 20.0, -29.0, -66.0, -16.0, -119.0, 45.0, -34.0, 10.0, -66.0, 15.0, -38.0, -16.0, -7.0, -10.0, -71.0, 2.0, -23.0, -5.0, -22.0, 4.0, 7.0, 31.0, 56.0, -12.0, 49.0, 1.0, 15.0, 10.0, -25.0, 22.0, -43.0, 17.0, 8.0, 9.0, 23.0, 62.0, 31.0, ' 86.0]']","['[-10.0', ' 71.0', 61.0, -26.0, -80.0, -32.0, 56.0, 74.0, -56.0, -2.0, -16.0, -12.0, 30.0, -8.0, -21.0, -48.0, 25.0, 8.0, -60.0, -18.0, -55.0, 21.0, 17.0, 119.0, 34.0, 65.0, 59.0, 39.0, -10.0, -30.0, -24.0, 8.0, -114.0, 23.0, -30.0, 65.0, 61.0, 1.0, 80.0, -63.0, -27.0, 56.0, -11.0, 48.0, 3.0, -3.0, -9.0, 1.0, 9.0, -56.0, -21.0, 13.0, -9.0, 72.0, 3.0, 0.0, -84.0, 17.0, -39.0, -66.0, -69.0, -31.0, 33.0, 6.0, 61.0, 75.0, 16.0, 97.0, -44.0, 5.0, -27.0, -83.0, 4.0, -39.0, -21.0, 19.0, -53.0, 7.0, -28.0, 20.0, 19.0, ' 30.0]']","['[80.0', 38.0, -51.0, -76.0, -3.0, 74.0, 59.0, -30.0, -23.0, 18.0, -52.0, 6.0, -26.0, 21.0, 18.0, 32.0, 52.0, 20.0, 36.0, 28.0, -49.0, -25.0, -13.0, 0.0, -57.0, -9.0, 34.0, 60.0, 51.0, -19.0, 12.0, -90.0, 5.0, -45.0, -99.0, 0.0, -67.0, 38.0, 37.0, 51.0, 75.0, -24.0, -16.0, 23.0, -14.0, 42.0, -19.0, -28.0, -58.0, -17.0, -8.0, -70.0, -33.0, -6.0, 33.0, 22.0, 86.0, 65.0, 52.0, 22.0, -11.0, -41.0, -9.0, -27.0, 67.0, -88.0, 47.0, 44.0, 48.0, 91.0, -25.0, 34.0, -83.0, -71.0, 58.0, 1.0, 18.0, 12.0, -29.0, 7.0, 21.0, ' 45.0]']",,,,,,
1740060500.730635,ble-pd-B43A31EF7B26,36156fb1-642a-b516-6d74-4dfc7e03fcad,6173,34,-61.0,-80.0,-72.0,-66.0,-59.0,-56.0,-54.0,2.8071108059524192,-1.488964310715596,0.3802205740950489,-1.488654185606656,0.1814452507302655,-2.174308533466988,-0.8857689262131158,0.727493983922237,0.3371588571651216,0.29039145144689,0.1442208090273942,0.6899933388299802,0.5946869064853756,0.6806951093057623,-3.379554748535156,6.873615264892578,1.4779523611068726,-3.54,6.84,1.96,"['[-85.0', 16.0, 95.0, 43.0, -64.0, -89.0, 5.0, 93.0, 13.0, 6.0, -59.0, -28.0, -7.0, -38.0, -78.0, 79.0, -2.0, 25.0, -50.0, 24.0, 22.0, -8.0, -32.0, 107.0, 0.0, 2.0, -53.0, 64.0, 0.0, 14.0, -11.0, 69.0, 33.0, 4.0, 11.0, 67.0, -27.0, -3.0, -30.0, 36.0, 88.0, 41.0, 3.0, -55.0, -50.0, 3.0, -21.0, -90.0, 73.0, 7.0, 33.0, -46.0, 0.0, 28.0, 0.0, -45.0, 104.0, -3.0, 11.0, -53.0, 48.0, 8.0, 26.0, -18.0, 70.0, 30.0, 24.0, 10.0, 62.0, -26.0, 7.0, -22.0, 28.0, 77.0, 61.0, 1.0, -49.0, -69.0, 12.0, -8.0, -101.0, ' 59.0]']","['[46.0', 96.0, 14.0, -87.0, -72.0, 39.0, 96.0, 29.0, -107.0, 9.0, -9.0, 104.0, -45.0, -60.0, 72.0, 33.0, -38.0, -38.0, -17.0, 123.0, -37.0, -51.0, 58.0, 2.0, 18.0, -45.0, 9.0, 71.0, -38.0, -54.0, 33.0, -8.0, 6.0, -90.0, 1.0, 26.0, -6.0, -58.0, -31.0, 24.0, 41.0, -102.0, 9.0, -18.0, 95.0, -46.0, -67.0, 56.0, 47.0, -38.0, -32.0, -27.0, 124.0, -31.0, -52.0, 49.0, 22.0, 18.0, -43.0, -2.0, 82.0, -36.0, -49.0, 29.0, 5.0, 12.0, -86.0, 3.0, 40.0, -12.0, -58.0, -36.0, 30.0, 59.0, -91.0, 9.0, -31.0, 81.0, -43.0, -71.0, 34.0, ' 61.0]']","['[-5.0', -14.0, ' 1.0', 15.0, 2.0, -13.0, -5.0, 13.0, 14.0, 0.0, 20.0, -2.0, 11.0, -12.0, -8.0, -17.0, -11.0, -1.0, -22.0, -5.0, -12.0, 15.0, 9.0, 23.0, 19.0, 12.0, 16.0, 17.0, 43.0, 9.0, 49.0, -6.0, 29.0, 23.0, 53.0, 5.0, 105.0, 8.0, 39.0, -26.0, 15.0, 11.0, -4.0, 13.0, -4.0, 6.0, -15.0, -13.0, -18.0, -15.0, -4.0, -25.0, -7.0, -17.0, 14.0, 5.0, 28.0, 20.0, 9.0, 10.0, 12.0, 35.0, 8.0, 49.0, -5.0, 29.0, 26.0, 42.0, 7.0, 92.0, 10.0, 45.0, -20.0, 15.0, 8.0, -12.0, 6.0, -4.0, 0.0, -18.0, -16.0, ' -19.0]']","['[-13.0', ' 3.0', ' 15.0', 0.0, -14.0, -4.0, 14.0, 8.0, -13.0, -38.0, -37.0, -6.0, -34.0, -22.0, -30.0, -9.0, -21.0, -27.0, -16.0, -16.0, -32.0, 0.0, -22.0, 31.0, -9.0, -21.0, -39.0, -16.0, -46.0, -10.0, 9.0, 1.0, -6.0, 17.0, -82.0, 25.0, -67.0, 24.0, 33.0, 32.0, 6.0, -15.0, -38.0, -40.0, -7.0, -36.0, -21.0, -29.0, -5.0, -20.0, -27.0, -12.0, -14.0, -30.0, -1.0, -22.0, 26.0, -11.0, -23.0, -43.0, -19.0, -52.0, -11.0, 1.0, 2.0, -9.0, 13.0, -90.0, 22.0, -83.0, 23.0, 26.0, 36.0, 2.0, -17.0, -37.0, -42.0, -5.0, -35.0, -17.0, -27.0, ' -1.0]']","['[-38.0', ' -1.0', ' 37.0', 21.0, -26.0, -37.0, 5.0, 41.0, -13.0, -22.0, 16.0, 9.0, 41.0, 68.0, 30.0, 69.0, -36.0, 86.0, 0.0, 55.0, 25.0, 9.0, 24.0, -68.0, 29.0, 33.0, 11.0, -12.0, 20.0, -64.0, 32.0, -71.0, -73.0, -40.0, -30.0, -40.0, -28.0, 9.0, -11.0, 54.0, -34.0, 35.0, -65.0, -26.0, -49.0, -58.0, -67.0, -73.0, -19.0, 33.0, -65.0, 0.0, -36.0, -27.0, 28.0, -18.0, 75.0, -20.0, -6.0, 4.0, 46.0, 5.0, 59.0, -15.0, 36.0, 48.0, 65.0, -12.0, 36.0, -16.0, -33.0, -16.0, -91.0, 11.0, -40.0, 117.0, 24.0, 60.0, 46.0, 31.0, 80.0, ' -39.0]']","['[9.0', ' 39.0', ' 10.0', -33.0, -30.0, 17.0, 39.0, 4.0, -37.0, 119.0, 21.0, 61.0, 39.0, 23.0, 76.0, -52.0, -8.0, 1.0, 1.0, -9.0, 12.0, -55.0, 0.0, -34.0, -1.0, -27.0, -22.0, -55.0, -32.0, -15.0, -15.0, 26.0, 10.0, -53.0, 52.0, -10.0, 56.0, 36.0, 38.0, 75.0, 24.0, 19.0, -102.0, -5.0, -37.0, -3.0, 28.0, -36.0, 85.0, -17.0, 54.0, 0.0, 42.0, 6.0, 48.0, 14.0, -18.0, 20.0, 42.0, 24.0, 32.0, 38.0, -29.0, 32.0, -68.0, -56.0, 18.0, -60.0, -19.0, -61.0, -22.0, -37.0, -20.0, -39.0, 7.0, 34.0, -13.0, -3.0, -37.0, -66.0, -22.0, ' -77.0]']","['[-34.0', ' -62.0', -9.0, 54.0, 50.0, -18.0, -63.0, -29.0, 51.0, 1.0, 49.0, -6.0, -5.0, -33.0, -53.0, -3.0, -49.0, 24.0, 9.0, 37.0, 85.0, 5.0, 2.0, -68.0, 12.0, -37.0, -60.0, -30.0, -43.0, 39.0, 14.0, 61.0, -3.0, -16.0, 84.0, -45.0, 3.0, -30.0, -110.0, 40.0, -12.0, -34.0, 0.0, -66.0, -11.0, -48.0, 44.0, 38.0, 47.0, 41.0, 12.0, 37.0, -18.0, -63.0, -24.0, -31.0, 17.0, -33.0, 38.0, 39.0, 45.0, 68.0, -19.0, 22.0, -82.0, 39.0, -18.0, -88.0, 21.0, -64.0, 53.0, 59.0, 13.0, 49.0, 4.0, 0.0, 55.0, 24.0, 82.0, -37.0, -10.0, ' -70.0]']","['[-53.0', 11.0, 61.0, 34.0, -38.0, -61.0, -7.0, 56.0, -8.0, 0.0, 45.0, 27.0, 87.0, -29.0, 3.0, -77.0, 0.0, -54.0, -75.0, -20.0, -7.0, 34.0, 45.0, 62.0, 39.0, -13.0, 15.0, -34.0, -56.0, -22.0, -53.0, 55.0, -59.0, 51.0, 36.0, 23.0, 102.0, -47.0, 43.0, -78.0, -62.0, 39.0, 0.0, -6.0, -26.0, -72.0, 2.0, -36.0, 61.0, -27.0, 57.0, 66.0, 39.0, 57.0, -24.0, -33.0, -92.0, -23.0, -11.0, -50.0, 9.0, 17.0, 41.0, 50.0, -9.0, 46.0, -52.0, 25.0, -44.0, -82.0, 18.0, -102.0, 86.0, 41.0, -51.0, 0.0, -35.0, 13.0, 28.0, 25.0, 52.0, ' -22.0]']",,,,,,
1740060501.726454,ble-pd-B43A31EF7B26,b60e0889-fb74-3fad-d986-2ebe72ecd4a7,6174,16,-69.0,-75.0,-70.0,-72.0,-57.0,-48.0,-65.0,2.791227180578969,-1.4659673820705434,0.4244173302815678,-1.5007342843112554,-0.4464398574419762,3.1207828792813315,-1.700313917804663,0.735488061145355,0.3337522746567468,0.3886821359580167,0.1399520614056198,0.7165836439499184,0.575859748466792,1.3067330364109264,-3.3676881790161133,6.877185344696045,1.450232744216919,-3.54,6.84,1.96,"['[10.0', -26.0, -26.0, 10.0, 31.0, 10.0, -26.0, -26.0, 95.0, 39.0, 1.0, -53.0, 44.0, -16.0, -36.0, -48.0, 73.0, 40.0, 12.0, -58.0, -7.0, 79.0, -49.0, 5.0, 35.0, 7.0, 8.0, -73.0, 7.0, 100.0, -19.0, 4.0, 29.0, 87.0, 3.0, -38.0, 11.0, 102.0, -10.0, -23.0, -24.0, 99.0, 44.0, 0.0, -52.0, 41.0, -5.0, -39.0, -46.0, 75.0, 43.0, 12.0, -58.0, -3.0, 84.0, -55.0, 6.0, 37.0, 12.0, 7.0, -72.0, 9.0, 102.0, -23.0, 8.0, 31.0, 87.0, 2.0, -38.0, 10.0, 100.0, -12.0, -23.0, -23.0, 101.0, 51.0, -5.0, -50.0, 40.0, 4.0, -55.0, ' -41.0]']","['[-32.0', -16.0, 17.0, 28.0, 0.0, -28.0, -17.0, 19.0, 38.0, 73.0, -74.0, 17.0, -23.0, 90.0, -122.0, 41.0, 22.0, 32.0, -3.0, -15.0, 35.0, 73.0, -75.0, 56.0, 14.0, 60.0, -2.0, -12.0, 31.0, 28.0, -36.0, 32.0, 40.0, 22.0, -2.0, -8.0, 4.0, -10.0, -46.0, 7.0, 23.0, 28.0, 70.0, -74.0, 25.0, -28.0, 93.0, -123.0, 48.0, 17.0, 30.0, -3.0, -11.0, 37.0, 69.0, -71.0, 54.0, 14.0, 61.0, -1.0, -7.0, 31.0, 18.0, -36.0, 33.0, 35.0, 17.0, -5.0, -1.0, 5.0, -19.0, -47.0, 7.0, 25.0, 22.0, 64.0, -74.0, 27.0, -32.0, 88.0, -115.0, ' 49.0]']","['[22.0', -10.0, ' -23.0', 2.0, 24.0, 4.0, -25.0, -11.0, 26.0, 9.0, 71.0, -12.0, 49.0, 17.0, 23.0, 25.0, 38.0, 18.0, 40.0, 18.0, 11.0, 9.0, -12.0, -3.0, 34.0, 7.0, 35.0, 27.0, 25.0, 20.0, -2.0, -1.0, -28.0, -22.0, 76.0, -21.0, 25.0, -20.0, -63.0, -39.0, -3.0, 24.0, 19.0, 74.0, -10.0, 53.0, 15.0, 17.0, 17.0, 36.0, 18.0, 40.0, 16.0, 20.0, 10.0, 2.0, 0.0, 46.0, 6.0, 45.0, 29.0, 34.0, 22.0, 2.0, 1.0, -20.0, -16.0, 99.0, -20.0, 61.0, -15.0, -57.0, -38.0, 1.0, 20.0, 28.0, 73.0, -9.0, 56.0, 14.0, 10.0, ' 4.0]']","['[-11.0', ' -24.0', ' 4.0', 25.0, 1.0, -25.0, -7.0, 23.0, -7.0, 43.0, 14.0, 3.0, 23.0, -4.0, -22.0, -29.0, -5.0, 13.0, 4.0, -7.0, 38.0, 5.0, 46.0, 8.0, 65.0, -8.0, 47.0, 10.0, 37.0, 23.0, 20.0, 22.0, 44.0, 29.0, 92.0, 4.0, 123.0, 19.0, 19.0, 4.0, 27.0, -14.0, 39.0, -2.0, 5.0, 10.0, -10.0, -27.0, -35.0, -15.0, 6.0, -7.0, -9.0, 33.0, 4.0, 48.0, 10.0, 56.0, -8.0, 38.0, 0.0, 28.0, 17.0, 19.0, 24.0, 47.0, 33.0, 67.0, 10.0, 110.0, 24.0, 32.0, 13.0, 28.0, -19.0, 32.0, -19.0, 8.0, -5.0, -11.0, -31.0, ' -41.0]']","['[7.0', ' 28.0', ' 7.0', -24.0, -20.0, 13.0, 26.0, 1.0, -36.0, 91.0, -4.0, 57.0, 1.0, 13.0, 3.0, -12.0, 14.0, 25.0, 0.0, -15.0, 6.0, -33.0, -24.0, -55.0, 15.0, -24.0, 10.0, -53.0, -2.0, -87.0, 3.0, -69.0, 11.0, 5.0, 7.0, -17.0, 8.0, 25.0, 9.0, 65.0, 25.0, -2.0, -88.0, -15.0, -55.0, -16.0, 44.0, 7.0, 106.0, -39.0, 26.0, -21.0, 55.0, -10.0, 51.0, 5.0, 24.0, 0.0, 16.0, -10.0, 8.0, -1.0, 11.0, -5.0, 6.0, -6.0, -27.0, -3.0, -36.0, 4.0, -42.0, -5.0, -72.0, -29.0, 40.0, 1.0, 19.0, 5.0, 18.0, -65.0, -13.0, ' -103.0]']","['[29.0', ' -3.0', ' -26.0', -12.0, 19.0, 23.0, -9.0, -26.0, 28.0, 37.0, 18.0, 28.0, 17.0, -63.0, -13.0, -118.0, 36.0, -45.0, 24.0, -62.0, 9.0, -36.0, 7.0, 5.0, -13.0, 0.0, 4.0, 28.0, 4.0, 47.0, 3.0, 39.0, 1.0, 32.0, -3.0, 50.0, -4.0, 32.0, -3.0, 41.0, 11.0, -45.0, 51.0, -13.0, 29.0, -8.0, 45.0, 10.0, 56.0, -7.0, 44.0, -12.0, 21.0, -1.0, -9.0, -24.0, -46.0, 20.0, -22.0, 5.0, -61.0, -5.0, -98.0, 1.0, -81.0, 6.0, -17.0, 4.0, -40.0, 5.0, 4.0, 11.0, 33.0, 13.0, 25.0, -102.0, -3.0, -63.0, -8.0, 8.0, 0.0, ' 54.0]']","['[10.0', ' -15.0', -20.0, 0.0, 20.0, 14.0, -10.0, -23.0, 22.0, 7.0, -17.0, -36.0, -45.0, -5.0, 33.0, 39.0, -16.0, 8.0, 25.0, 4.0, 44.0, -48.0, -15.0, -82.0, 18.0, -42.0, -53.0, -8.0, 20.0, 33.0, 42.0, 45.0, 96.0, 24.0, 37.0, -25.0, -62.0, -10.0, -70.0, 59.0, 9.0, -42.0, -8.0, -24.0, 36.0, 22.0, 47.0, 11.0, 17.0, 19.0, 15.0, 0.0, -16.0, -50.0, 10.0, 0.0, 39.0, -53.0, 21.0, 42.0, 31.0, 43.0, -34.0, -12.0, -85.0, 6.0, -45.0, -79.0, -13.0, 12.0, 34.0, 83.0, 20.0, 12.0, 25.0, 4.0, 46.0, -2.0, 22.0, -48.0, -45.0, ' -56.0]']","['[-20.0', -16.0, 7.0, 22.0, 8.0, -16.0, -19.0, 3.0, 37.0, 6.0, 43.0, -17.0, 3.0, -54.0, -36.0, -47.0, -12.0, -25.0, -19.0, 17.0, 33.0, 20.0, 10.0, 9.0, 53.0, 2.0, -11.0, -30.0, -70.0, 17.0, -9.0, 71.0, -80.0, 39.0, 73.0, 34.0, 22.0, -33.0, -55.0, -67.0, -22.0, -2.0, 0.0, -39.0, -19.0, -39.0, 28.0, 48.0, 58.0, -4.0, 23.0, 31.0, -7.0, 18.0, -50.0, -19.0, -74.0, -14.0, -36.0, -37.0, 9.0, 56.0, 17.0, 41.0, -3.0, 125.0, -1.0, -10.0, -39.0, -65.0, 10.0, -29.0, 86.0, 21.0, -35.0, -9.0, 0.0, 39.0, 41.0, 24.0, -18.0, ' -19.0]']",,,,,,
1740060502.727323,ble-pd-B43A31EF7B26,8fc18988-b51e-2ad0-515b-3a6a3343744e,6175,11,-70.0,-78.0,-68.0,-68.0,-64.0,,-58.0,2.7847019032760563,-1.4664122631306415,0.3981268703164146,-1.5188649518544604,-0.6065622640632694,,-0.996876405376762,0.6337912601790441,0.3108992565790996,0.3298760436901364,0.1476105803313879,0.4429245711130637,,0.9553707610931426,-3.361287832260132,6.878870964050293,1.4086230993270874,-3.54,6.84,1.96,"['[-16.0', 6.0, 19.0, 7.0, -15.0, -18.0, 4.0, 18.0, -49.0, -46.0, 4.0, 14.0, 0.0, -19.0, 29.0, 52.0, -59.0, -62.0, -17.0, 28.0, -7.0, -100.0, 28.0, -8.0, -26.0, -56.0, -26.0, 51.0, -38.0, -82.0, -6.0, 2.0, -48.0, -88.0, -11.0, 23.0, -6.0, -94.0, -1.0, 10.0, 19.0, -49.0, -60.0, 15.0, 8.0, 4.0, -39.0, 44.0, 47.0, -56.0, -69.0, -18.0, 29.0, -11.0, -109.0, 35.0, -13.0, -22.0, -64.0, -22.0, 49.0, -42.0, -83.0, -4.0, 1.0, -48.0, -88.0, -14.0, 23.0, -6.0, -90.0, 1.0, 7.0, 18.0, -47.0, -71.0, 24.0, 5.0, 9.0, -62.0, 64.0, ' 40.0]']","['[12.0', 19.0, 0.0, -19.0, -13.0, 9.0, 20.0, 1.0, 0.0, -84.0, 56.0, -28.0, 24.0, -120.0, 104.0, -34.0, 13.0, -43.0, -1.0, 6.0, -24.0, -64.0, 40.0, -24.0, 14.0, -58.0, 14.0, -13.0, -15.0, -9.0, 10.0, 0.0, -3.0, -6.0, -16.0, 4.0, 3.0, 18.0, 14.0, -19.0, -1.0, 7.0, -75.0, 55.0, -30.0, 24.0, -116.0, 99.0, -42.0, 23.0, -32.0, 2.0, 2.0, -23.0, -45.0, 35.0, -23.0, 18.0, -49.0, 19.0, -22.0, -7.0, 8.0, 12.0, 0.0, 3.0, 5.0, -14.0, 0.0, 4.0, 34.0, 14.0, -21.0, -5.0, 16.0, -64.0, 51.0, -31.0, 23.0, -107.0, 88.0, ' -50.0]']","['[-5.0', 17.0, ' 10.0', -14.0, -16.0, 10.0, 18.0, -6.0, 0.0, -101.0, -55.0, -6.0, -56.0, -2.0, 19.0, 26.0, -28.0, -42.0, -35.0, -8.0, -27.0, -24.0, -37.0, 18.0, -102.0, 24.0, -74.0, -19.0, -43.0, -54.0, -5.0, -12.0, -40.0, -31.0, -97.0, -23.0, -110.0, -13.0, 17.0, -11.0, -12.0, 10.0, -102.0, -32.0, -9.0, -46.0, 11.0, 22.0, 37.0, -11.0, -42.0, -22.0, -2.0, -34.0, -18.0, -45.0, 20.0, -99.0, 20.0, -79.0, -8.0, -43.0, -51.0, -11.0, -9.0, -54.0, -37.0, -88.0, -35.0, -118.0, -27.0, -14.0, -13.0, -17.0, 20.0, -95.0, -6.0, -10.0, -32.0, 23.0, 26.0, ' 47.0]']","['[18.0', ' 8.0', ' -15.0', -13.0, 12.0, 17.0, -7.0, -19.0, 34.0, -19.0, 70.0, -8.0, 28.0, 45.0, 18.0, 37.0, 50.0, -8.0, 28.0, 17.0, -26.0, 22.0, -38.0, 9.0, -5.0, -16.0, -22.0, 34.0, -8.0, 5.0, -17.0, 4.0, -46.0, -30.0, 16.0, -37.0, -44.0, -46.0, -92.0, -6.0, -16.0, 33.0, 11.0, 84.0, -5.0, 42.0, 43.0, 13.0, 28.0, 55.0, 2.0, 38.0, 20.0, -17.0, 29.0, -25.0, 2.0, 24.0, -20.0, 4.0, 39.0, 4.0, 20.0, -14.0, 9.0, -31.0, -19.0, 49.0, -26.0, -7.0, -39.0, -95.0, -4.0, -11.0, 28.0, 40.0, 90.0, -2.0, 52.0, 39.0, 5.0, ' 13.0]']","['[-25.0', ' -31.0', ' 8.0', 36.0, 12.0, -30.0, -27.0, 13.0, 26.0, -89.0, 15.0, -46.0, 8.0, 7.0, 18.0, 92.0, -21.0, -49.0, -26.0, 37.0, -12.0, 13.0, -3.0, 48.0, 45.0, -10.0, 27.0, 36.0, 16.0, 95.0, 24.0, 81.0, -15.0, 62.0, -18.0, 38.0, 2.0, 24.0, -1.0, -43.0, -38.0, -27.0, 68.0, -19.0, 14.0, -11.0, -20.0, 18.0, -108.0, 1.0, 10.0, 16.0, -58.0, 23.0, -75.0, 10.0, -46.0, -32.0, -59.0, -25.0, -12.0, -16.0, -17.0, -11.0, 27.0, 0.0, -1.0, 4.0, 47.0, 1.0, 58.0, 18.0, 62.0, 23.0, 0.0, 19.0, 4.0, 31.0, 4.0, 13.0, -34.0, ' 17.0]']","['[-26.0', ' 17.0', ' 36.0', 2.0, -33.0, -19.0, 24.0, 34.0, 14.0, -27.0, 12.0, 13.0, 9.0, 20.0, -30.0, 71.0, 10.0, 19.0, -5.0, 47.0, -18.0, 78.0, -10.0, 26.0, 11.0, 75.0, 13.0, -7.0, 8.0, -38.0, -3.0, -78.0, 9.0, -40.0, 6.0, -78.0, -2.0, -83.0, -20.0, -48.0, -5.0, 14.0, -64.0, 5.0, -45.0, 2.0, -4.0, 31.0, 44.0, -24.0, -52.0, -21.0, 9.0, 0.0, -26.0, 1.0, 29.0, 32.0, -48.0, 17.0, 34.0, 10.0, 101.0, 21.0, 110.0, -17.0, 74.0, -19.0, 75.0, 3.0, 63.0, 8.0, -14.0, -30.0, -30.0, 91.0, -18.0, 35.0, -11.0, -16.0, -1.0, ' -116.0]']","['[-18.0', ' 24.0', 36.0, 0.0, -35.0, -26.0, 16.0, 37.0, -80.0, -24.0, -44.0, 3.0, 29.0, 20.0, 48.0, -10.0, 2.0, 11.0, -7.0, -53.0, -75.0, -14.0, 4.0, 11.0, -34.0, 44.0, 51.0, 45.0, 43.0, 22.0, -26.0, -13.0, 82.0, -24.0, -46.0, -20.0, 4.0, 93.0, 56.0, 101.0, -11.0, 20.0, 18.0, 64.0, 51.0, 23.0, -8.0, -91.0, -20.0, 3.0, -53.0, -24.0, 27.0, 14.0, 33.0, 34.0, 49.0, 12.0, -8.0, -1.0, -30.0, -80.0, -66.0, -13.0, -28.0, -112.0, -17.0, 24.0, 44.0, 42.0, -35.0, 28.0, -90.0, -22.0, 61.0, 7.0, -18.0, -52.0, -52.0, -13.0, 40.0, ' 28.0]']","['[33.0', 29.0, -11.0, -39.0, -15.0, 28.0, 34.0, -3.0, 21.0, -8.0, -50.0, -58.0, -42.0, -1.0, 77.0, 28.0, -5.0, 54.0, 31.0, -2.0, 22.0, -30.0, -40.0, -62.0, 3.0, -16.0, -25.0, 9.0, 66.0, 62.0, 28.0, 39.0, 82.0, 35.0, 0.0, -40.0, -50.0, -10.0, -59.0, 50.0, 32.0, -80.0, -19.0, -14.0, 31.0, 45.0, 20.0, 2.0, -21.0, 5.0, -15.0, -20.0, -45.0, -76.0, 1.0, 21.0, 40.0, -33.0, 47.0, 58.0, 35.0, 6.0, -9.0, -36.0, -29.0, 31.0, -39.0, -39.0, 0.0, 26.0, 87.0, 77.0, 67.0, -23.0, 55.0, 26.0, 63.0, 31.0, 0.0, -16.0, -83.0, ' -5.0]']",,,,,,
1740060503.726753,ble-pd-B43A31EF7B26,03c11cbd-2f88-7c5b-2246-a084f604ea80,6176,27,-62.0,-74.0,-74.0,-63.0,,,,2.793200582946717,-1.543170424701123,0.4856551216512859,-1.4984857774029017,,,,0.7110875134477765,0.4744320614749875,0.4322642345649454,0.12452332891349,,,,,,,-3.54,6.84,1.96,"['[-11.0', -81.0, -40.0, 50.0, 77.0, -1.0, -76.0, -51.0, 72.0, -47.0, 42.0, -94.0, 64.0, 17.0, 3.0, -81.0, 35.0, 35.0, 23.0, -116.0, 22.0, 26.0, 8.0, -48.0, -4.0, 54.0, 1.0, -80.0, 18.0, 32.0, 11.0, -35.0, -1.0, 91.0, 4.0, -55.0, 11.0, 84.0, 16.0, -31.0, -56.0, 64.0, -50.0, 43.0, -86.0, 62.0, 16.0, 13.0, -84.0, 30.0, 30.0, 24.0, -114.0, 20.0, 21.0, 11.0, -53.0, -6.0, 49.0, 5.0, -81.0, 17.0, 30.0, 12.0, -36.0, -4.0, 86.0, 3.0, -56.0, 11.0, 81.0, 17.0, -31.0, -59.0, 61.0, -53.0, 44.0, -83.0, 58.0, 13.0, 19.0, ' -81.0]']","['[-82.0', -16.0, 71.0, 63.0, -27.0, -80.0, -24.0, 67.0, 83.0, 71.0, -56.0, -73.0, 17.0, 31.0, -95.0, 5.0, 48.0, 92.0, -28.0, -25.0, 19.0, 57.0, -58.0, 59.0, 29.0, 36.0, -32.0, 17.0, 6.0, 75.0, -46.0, 33.0, 18.0, 70.0, 10.0, 32.0, 0.0, 42.0, -22.0, 38.0, 63.0, 91.0, 66.0, -52.0, -82.0, 20.0, 32.0, -97.0, 0.0, 49.0, 94.0, -27.0, -32.0, 21.0, 59.0, -57.0, 53.0, 29.0, 42.0, -33.0, 15.0, 8.0, 76.0, -45.0, 29.0, 18.0, 77.0, 10.0, 29.0, 0.0, 49.0, -21.0, 37.0, 61.0, 93.0, 63.0, -51.0, -86.0, 28.0, 34.0, -95.0, ' -6.0]']","['[0.0', 25.0, ' 6.0', -22.0, -10.0, 19.0, 14.0, -16.0, 18.0, -11.0, -1.0, 8.0, -10.0, 20.0, 22.0, 15.0, 30.0, -9.0, 8.0, -5.0, 5.0, 0.0, -9.0, -3.0, -32.0, -3.0, -23.0, 6.0, -41.0, -4.0, -62.0, 0.0, -24.0, -20.0, -45.0, -7.0, -87.0, -22.0, -48.0, 22.0, -19.0, 23.0, -1.0, 17.0, 8.0, -1.0, 22.0, 27.0, 11.0, 35.0, -4.0, 17.0, 1.0, 13.0, 0.0, -2.0, -10.0, -21.0, -5.0, -13.0, 9.0, -30.0, 1.0, -58.0, -2.0, -21.0, -23.0, -22.0, -7.0, -69.0, -24.0, -52.0, 13.0, -22.0, 24.0, 9.0, 31.0, 6.0, 5.0, 20.0, 30.0, ' 8.0]']","['[25.0', ' 1.0', ' -26.0', -4.0, 22.0, 10.0, -19.0, -17.0, 13.0, 40.0, 60.0, 0.0, 35.0, 2.0, 17.0, -5.0, 33.0, 33.0, 30.0, 20.0, 32.0, 8.0, 30.0, -26.0, 41.0, -8.0, 44.0, 9.0, 53.0, 20.0, 10.0, -4.0, 12.0, -10.0, 93.0, -9.0, 80.0, -18.0, -22.0, -33.0, -13.0, 7.0, 44.0, 60.0, -2.0, 35.0, -2.0, 9.0, -8.0, 24.0, 40.0, 26.0, 18.0, 29.0, 6.0, 31.0, -24.0, 46.0, -6.0, 48.0, 7.0, 60.0, 20.0, 27.0, -6.0, 16.0, -5.0, 101.0, -5.0, 94.0, -15.0, -11.0, -38.0, -7.0, 1.0, 42.0, 55.0, -3.0, 35.0, -8.0, 2.0, ' -13.0]']","['[-12.0', ' -20.0', ' 1.0', 21.0, 9.0, -16.0, -18.0, 7.0, 66.0, -92.0, 45.0, -37.0, 19.0, 19.0, -6.0, 66.0, -13.0, -6.0, 10.0, 25.0, -3.0, 29.0, 26.0, 37.0, -3.0, 57.0, 5.0, 68.0, 11.0, 70.0, -3.0, 34.0, -17.0, 19.0, -17.0, 11.0, -39.0, 12.0, -31.0, -8.0, -22.0, -18.0, 64.0, -38.0, 23.0, -33.0, -63.0, -16.0, -120.0, 42.0, -30.0, 9.0, -65.0, 15.0, -46.0, -13.0, -21.0, -6.0, -68.0, 4.0, -28.0, -8.0, -26.0, 0.0, 2.0, 26.0, 54.0, -11.0, 51.0, 1.0, 23.0, 9.0, -6.0, 20.0, -37.0, 4.0, 4.0, 7.0, 24.0, 63.0, 28.0, ' 91.0]']","['[-19.0', ' 7.0', ' 22.0', 3.0, -19.0, -14.0, 11.0, 23.0, -30.0, -9.0, 11.0, 1.0, 26.0, 66.0, 27.0, 103.0, -46.0, 47.0, -21.0, 61.0, -17.0, 36.0, -7.0, -5.0, 11.0, 40.0, -9.0, -23.0, 1.0, -25.0, 2.0, -34.0, -18.0, -87.0, 31.0, -80.0, 34.0, -45.0, 15.0, 15.0, -9.0, 69.0, -67.0, 26.0, -28.0, -2.0, -29.0, -22.0, -16.0, 21.0, -37.0, 21.0, -21.0, 9.0, -2.0, 25.0, 31.0, -10.0, 14.0, 11.0, 66.0, 7.0, 70.0, -5.0, 49.0, -1.0, 69.0, -34.0, 63.0, -52.0, 40.0, -34.0, -15.0, -9.0, -59.0, 92.0, -45.0, 36.0, -22.0, -29.0, 2.0, ' -80.0]']","['[81.0', ' 43.0', -51.0, -79.0, -6.0, 74.0, 59.0, -29.0, -19.0, 21.0, -58.0, 3.0, -32.0, 27.0, 15.0, 36.0, 59.0, 25.0, 40.0, 26.0, -48.0, -27.0, -17.0, 2.0, -57.0, -2.0, 35.0, 64.0, 56.0, -19.0, 18.0, -96.0, 2.0, -44.0, -100.0, 7.0, -69.0, 44.0, 39.0, 52.0, 77.0, -30.0, -16.0, 26.0, -7.0, 45.0, -22.0, -23.0, -60.0, -20.0, -11.0, -74.0, -36.0, -14.0, 37.0, 20.0, 85.0, 68.0, 49.0, 19.0, -20.0, -43.0, -11.0, -32.0, 69.0, -81.0, 53.0, 43.0, 46.0, 96.0, -32.0, 38.0, -91.0, -74.0, 61.0, 2.0, 22.0, 8.0, -32.0, 1.0, 15.0, ' 45.0]']","['[17.0', -72.0, -66.0, 25.0, 83.0, 35.0, -57.0, -77.0, 60.0, 2.0, 20.0, 7.0, -32.0, 4.0, 17.0, 49.0, -28.0, -7.0, 65.0, 23.0, 60.0, -25.0, -12.0, -124.0, -38.0, -63.0, -62.0, -31.0, 6.0, 35.0, 28.0, -4.0, 112.0, -30.0, 38.0, -67.0, -67.0, 2.0, -89.0, 76.0, 31.0, -54.0, 13.0, -54.0, -3.0, -1.0, 17.0, 0.0, -3.0, 62.0, 23.0, -15.0, 3.0, -75.0, 0.0, -3.0, 89.0, -14.0, 41.0, 69.0, 68.0, 38.0, -39.0, -6.0, -65.0, -76.0, -10.0, -98.0, 50.0, -8.0, 30.0, 90.0, -11.0, 36.0, 15.0, -22.0, 56.0, -2.0, 33.0, -27.0, -17.0, ' -36.0]']",,,,,,
1740060504.726478,ble-pd-B43A31EF7B26,b26235d0-6ca3-d6bf-aaff-7307651e5a53,6177,13,-68.0,-75.0,-69.0,-67.0,-58.0,-47.0,-57.0,2.772951503914409,-1.4876977113011542,0.456922276650421,-1.522223464305159,-0.7617425377345917,2.6512022032621294,0.1443633620205125,0.4781521313331783,0.4557323429858599,0.3712549091272425,0.1279055934321611,0.468988687553743,0.3742477737197425,0.9199914838780996,-3.366177082061768,6.873152256011963,1.3920092582702637,-3.54,6.84,1.96,"['[30.0', 8.0, -24.0, -24.0, 8.0, 30.0, 11.0, -22.0, 45.0, -52.0, 60.0, -45.0, 38.0, -84.0, 63.0, -47.0, 37.0, -10.0, 17.0, -11.0, -26.0, -3.0, 5.0, -16.0, 22.0, -24.0, 0.0, -30.0, -10.0, 45.0, 6.0, -10.0, 0.0, 54.0, -2.0, -5.0, -9.0, 65.0, 26.0, -27.0, -25.0, 53.0, -46.0, 54.0, -48.0, 39.0, -76.0, 47.0, -50.0, 43.0, 0.0, 18.0, -15.0, -24.0, 9.0, -4.0, -14.0, 27.0, -15.0, 1.0, -35.0, -5.0, 57.0, 3.0, -9.0, 5.0, 61.0, -1.0, -6.0, -8.0, 72.0, 23.0, -28.0, -27.0, 60.0, -29.0, 50.0, -48.0, 37.0, -69.0, 36.0, ' -51.0]']","['[-1.0', -29.0, -18.0, 17.0, 29.0, 1.0, -28.0, -17.0, 59.0, 90.0, -39.0, -19.0, 1.0, 72.0, -93.0, -22.0, 56.0, 74.0, 8.0, -37.0, 23.0, 124.0, -74.0, 20.0, 38.0, 70.0, 13.0, -47.0, 28.0, 88.0, -25.0, 0.0, 47.0, 60.0, 15.0, -21.0, 0.0, 66.0, -27.0, -8.0, -15.0, 53.0, 94.0, -46.0, -12.0, -3.0, 81.0, -103.0, -15.0, 51.0, 75.0, 6.0, -35.0, 27.0, 125.0, -75.0, 22.0, 36.0, 72.0, 12.0, -45.0, 29.0, 81.0, -26.0, 0.0, 47.0, 54.0, 15.0, -20.0, 1.0, 59.0, -31.0, -6.0, -11.0, 45.0, 101.0, -52.0, -8.0, -8.0, 86.0, -107.0, ' -11.0]']","['[22.0', 12.0, ' -18.0', -17.0, 14.0, 21.0, -9.0, -25.0, 26.0, -56.0, 33.0, -10.0, 3.0, 26.0, 35.0, 39.0, 44.0, -21.0, 24.0, 14.0, -10.0, 0.0, -32.0, 17.0, -49.0, 29.0, -36.0, 25.0, -13.0, -8.0, -16.0, 16.0, -65.0, -41.0, -15.0, -36.0, -66.0, -33.0, -60.0, -35.0, -22.0, 28.0, -41.0, 54.0, -10.0, 17.0, 33.0, 33.0, 34.0, 55.0, -18.0, 35.0, 17.0, -5.0, 5.0, -23.0, 13.0, -23.0, 21.0, -23.0, 35.0, -2.0, 3.0, -15.0, 23.0, -59.0, -37.0, 14.0, -38.0, -36.0, -37.0, -68.0, -31.0, -19.0, 30.0, -23.0, 68.0, -10.0, 29.0, 34.0, 30.0, ' 23.0]']","['[8.0', ' -21.0', ' -14.0', 17.0, 20.0, -11.0, -23.0, 7.0, 11.0, 51.0, 75.0, -4.0, 51.0, 20.0, -2.0, -10.0, 45.0, 16.0, 45.0, 10.0, 22.0, 23.0, 24.0, -11.0, 83.0, -30.0, 45.0, 35.0, 36.0, 40.0, 6.0, 30.0, 19.0, 13.0, 110.0, -14.0, 96.0, -15.0, -40.0, 4.0, 13.0, 4.0, 63.0, 64.0, 0.0, 47.0, 13.0, -11.0, -21.0, 34.0, 23.0, 38.0, 6.0, 24.0, 22.0, 35.0, -16.0, 93.0, -35.0, 53.0, 27.0, 40.0, 40.0, 11.0, 26.0, 35.0, 24.0, 111.0, -5.0, 112.0, -6.0, -23.0, 13.0, 19.0, -3.0, 73.0, 47.0, 2.0, 42.0, 2.0, -21.0, ' -34.0]']","['[19.0', ' -23.0', ' -31.0', 6.0, 35.0, 11.0, -27.0, -27.0, 15.0, -21.0, -2.0, -22.0, 0.0, -3.0, 11.0, -34.0, -11.0, -14.0, -8.0, -33.0, 7.0, -35.0, 10.0, -16.0, -5.0, -43.0, -5.0, 24.0, 0.0, 55.0, -4.0, 83.0, -4.0, 19.0, -22.0, 69.0, -30.0, 43.0, -25.0, -4.0, -2.0, -7.0, 75.0, 12.0, 53.0, 8.0, -35.0, -23.0, -78.0, 22.0, 23.0, 23.0, -15.0, 4.0, 13.0, 1.0, -2.0, -20.0, 37.0, -8.0, -29.0, 0.0, -60.0, -5.0, -89.0, 14.0, -31.0, 12.0, -28.0, 5.0, -25.0, 6.0, 37.0, 31.0, -7.0, -62.0, -10.0, -36.0, -8.0, 42.0, 14.0, ' 118.0]']","['[-28.0', ' -26.0', ' 15.0', 34.0, 2.0, -32.0, -20.0, 21.0, -1.0, -77.0, -12.0, -48.0, -8.0, 43.0, 20.0, 115.0, -20.0, -17.0, -21.0, 38.0, -11.0, 8.0, -8.0, 14.0, 27.0, -17.0, 14.0, 18.0, 0.0, 35.0, 7.0, 51.0, -13.0, 23.0, 0.0, -11.0, 13.0, 1.0, 9.0, -44.0, -34.0, 12.0, 28.0, 3.0, 5.0, 4.0, -27.0, -1.0, -91.0, 2.0, -3.0, 5.0, -49.0, 12.0, -33.0, 12.0, -21.0, -19.0, -28.0, -11.0, 11.0, 0.0, 27.0, -8.0, 43.0, 4.0, 0.0, -20.0, 65.0, -33.0, 36.0, -25.0, 21.0, 13.0, -12.0, 52.0, 7.0, 40.0, 3.0, -15.0, -19.0, ' -19.0]']","['[-19.0', ' 31.0', 41.0, 0.0, -43.0, -29.0, 21.0, 45.0, -58.0, -25.0, 0.0, 35.0, 46.0, -4.0, 0.0, -38.0, 3.0, -24.0, -37.0, -22.0, -79.0, -14.0, 13.0, 34.0, -25.0, 8.0, 53.0, 43.0, 2.0, -25.0, -38.0, -28.0, 0.0, -56.0, -42.0, -11.0, 60.0, 44.0, 115.0, 54.0, -13.0, 68.0, 34.0, 51.0, 7.0, 0.0, -3.0, -55.0, 6.0, -5.0, -9.0, -7.0, 18.0, 67.0, 25.0, 27.0, -2.0, 26.0, 1.0, -42.0, -41.0, -69.0, -32.0, -5.0, -14.0, -91.0, 2.0, 65.0, 46.0, 24.0, -46.0, -66.0, -85.0, -28.0, -14.0, -10.0, -54.0, -41.0, -47.0, 8.0, 56.0, ' 28.0]']","['[40.0', 32.0, -18.0, -46.0, -14.0, 34.0, 40.0, -7.0, -44.0, -24.0, -59.0, -29.0, -29.0, 7.0, 64.0, 14.0, 5.0, 26.0, 32.0, -10.0, -29.0, -20.0, -38.0, -17.0, -16.0, -7.0, 15.0, 21.0, 78.0, 55.0, 30.0, 33.0, 108.0, 35.0, -50.0, -47.0, -62.0, 26.0, 7.0, 67.0, 42.0, -29.0, -9.0, 30.0, 45.0, 55.0, -7.0, -32.0, -40.0, 0.0, -34.0, -49.0, -14.0, -52.0, -1.0, 29.0, 38.0, -15.0, 11.0, 36.0, 24.0, -37.0, -50.0, -48.0, -41.0, -58.0, -67.0, -11.0, 15.0, 83.0, 24.0, 96.0, 9.0, -35.0, 73.0, 33.0, 26.0, -19.0, -28.0, 0.0, -31.0, ' 27.0]']",,,,,,
1740060505.725755,ble-pd-B43A31EF7B26,2fb68a1a-8dda-e6ad-2006-615b6024000a,6178,5,-64.0,-69.0,-68.0,-62.0,-53.0,-57.0,-57.0,2.7876004878064986,-1.5183878465451728,0.4173016301649851,-1.5183608154601085,-0.8205863669479447,-3.000751947355224,-0.4766043942606147,0.4734877711314728,0.4195461090421903,0.3317616283209398,0.1528759327673404,0.5350146296783203,0.5193006140887665,0.8317477101329241,-3.369497537612915,6.904759407043457,1.3877484798431396,-3.54,6.84,1.96,"['[-26.0', -40.0, 1.0, 42.0, 26.0, -24.0, -42.0, -5.0, -4.0, 84.0, -75.0, -35.0, -13.0, 115.0, -86.0, 18.0, -7.0, 65.0, -4.0, -43.0, 33.0, 64.0, -37.0, 10.0, -15.0, 86.0, -17.0, 12.0, 9.0, 38.0, -37.0, -3.0, 33.0, 24.0, 14.0, -26.0, 19.0, 29.0, -38.0, -23.0, 6.0, -19.0, 85.0, -83.0, -29.0, -22.0, 112.0, -83.0, 34.0, -21.0, 64.0, -18.0, -28.0, 27.0, 46.0, -39.0, 16.0, -19.0, 80.0, -24.0, 24.0, 5.0, 28.0, -47.0, -1.0, 23.0, 9.0, 8.0, -22.0, 15.0, 7.0, -40.0, -17.0, 18.0, -28.0, 83.0, -88.0, -20.0, -30.0, 98.0, -74.0, ' 48.0]']","['[-32.0', 14.0, 45.0, 14.0, -33.0, -38.0, 12.0, 40.0, -45.0, 21.0, -45.0, 20.0, -36.0, -9.0, 6.0, 64.0, -48.0, 10.0, -45.0, 50.0, -9.0, -70.0, -16.0, 23.0, -19.0, -11.0, -40.0, 54.0, -16.0, -33.0, -44.0, 11.0, -44.0, -53.0, -14.0, 2.0, -4.0, -80.0, -4.0, 23.0, 42.0, -41.0, -3.0, -23.0, 29.0, -34.0, -36.0, 30.0, 59.0, -47.0, -6.0, -43.0, 59.0, -16.0, -85.0, -5.0, 20.0, -12.0, -35.0, -34.0, 51.0, -19.0, -43.0, -32.0, 12.0, -52.0, -58.0, -20.0, 8.0, -11.0, -86.0, 7.0, 29.0, 38.0, -36.0, -25.0, 0.0, 36.0, -26.0, -64.0, 50.0, ' 50.0]']","['[-46.0', -15.0, ' 37.0', 20.0, -37.0, -31.0, 24.0, 39.0, -49.0, -48.0, -100.0, 7.0, -39.0, -8.0, 7.0, -20.0, -67.0, -48.0, -44.0, -39.0, 8.0, -32.0, 6.0, -10.0, -62.0, -4.0, -28.0, -21.0, 8.0, -33.0, 0.0, -6.0, -2.0, -5.0, -38.0, 21.0, 0.0, 8.0, 24.0, -56.0, 25.0, -32.0, -65.0, -91.0, -2.0, -38.0, -4.0, 17.0, -7.0, -62.0, -44.0, -49.0, -36.0, -6.0, -27.0, -9.0, 6.0, -83.0, -3.0, -48.0, -26.0, -1.0, -32.0, 2.0, -10.0, -25.0, -20.0, -72.0, 3.0, -27.0, -4.0, 9.0, -57.0, 18.0, -15.0, -78.0, -75.0, -11.0, -33.0, -5.0, 29.0, ' 9.0]']","['[-5.0', ' 43.0', ' 18.0', -37.0, -26.0, 29.0, 39.0, -22.0, 36.0, -61.0, 6.0, -30.0, -5.0, -2.0, 42.0, 32.0, -7.0, 0.0, -36.0, 4.0, -40.0, 14.0, -33.0, 63.0, -90.0, -11.0, -71.0, -8.0, -12.0, -12.0, 20.0, -1.0, -71.0, -37.0, -116.0, -45.0, -88.0, -44.0, -43.0, -6.0, -30.0, 47.0, -48.0, 38.0, -31.0, 2.0, 1.0, 34.0, 39.0, 17.0, 13.0, -25.0, 13.0, -44.0, 24.0, -34.0, 66.0, -67.0, -10.0, -62.0, -1.0, -16.0, -4.0, 22.0, 0.0, -66.0, -34.0, -93.0, -49.0, -86.0, -42.0, -51.0, 14.0, -37.0, 55.0, -21.0, 66.0, -29.0, 14.0, 3.0, 25.0, ' 40.0]']","['[-9.0', ' -32.0', ' -7.0', 28.0, 22.0, -15.0, -31.0, -2.0, -8.0, -25.0, 1.0, 3.0, 4.0, -13.0, 10.0, 4.0, 3.0, -52.0, -18.0, -12.0, -14.0, -14.0, 9.0, -5.0, 14.0, -75.0, 37.0, 4.0, 20.0, 88.0, -3.0, 119.0, 5.0, 66.0, -35.0, 93.0, -11.0, 52.0, -10.0, 3.0, -28.0, -23.0, 95.0, 4.0, 43.0, -1.0, -11.0, 9.0, -65.0, -2.0, 61.0, -4.0, -22.0, 24.0, -61.0, 16.0, -72.0, -19.0, -17.0, -19.0, -12.0, -39.0, -33.0, -2.0, -45.0, 7.0, -28.0, 14.0, -19.0, 17.0, -10.0, 8.0, 49.0, 27.0, 29.0, -63.0, -3.0, -44.0, -3.0, 24.0, -20.0, ' 53.0]']","['[-30.0', ' 0.0', ' 31.0', 15.0, -21.0, -27.0, 8.0, 32.0, 27.0, -93.0, -6.0, -49.0, 0.0, 19.0, -16.0, 69.0, 0.0, -41.0, 14.0, 31.0, -19.0, 77.0, -23.0, 84.0, 14.0, 53.0, 3.0, 12.0, 34.0, -6.0, 3.0, -10.0, -10.0, 0.0, 0.0, -24.0, -14.0, -12.0, -4.0, -57.0, -17.0, -17.0, 20.0, 1.0, 28.0, 4.0, -21.0, 18.0, -26.0, 2.0, -26.0, -22.0, -25.0, -4.0, -49.0, 17.0, -42.0, 6.0, -90.0, 32.0, -1.0, 4.0, 82.0, -3.0, 111.0, 8.0, 60.0, -32.0, 94.0, -4.0, 53.0, -7.0, 27.0, -17.0, -11.0, 75.0, 3.0, 25.0, -3.0, 0.0, 0.0, ' -44.0]']","['[-6.0', ' -65.0', -38.0, 38.0, 66.0, 9.0, -58.0, -51.0, 84.0, 45.0, 60.0, -8.0, -15.0, -21.0, -22.0, 43.0, -29.0, 11.0, 22.0, 20.0, 81.0, 4.0, 33.0, -78.0, 11.0, -19.0, -95.0, -25.0, -72.0, 24.0, 11.0, -22.0, 21.0, -12.0, 61.0, -4.0, -40.0, -10.0, -79.0, -49.0, -22.0, -4.0, -28.0, -55.0, -26.0, -39.0, 46.0, 57.0, 85.0, 36.0, 15.0, 58.0, 7.0, -10.0, -37.0, -24.0, 2.0, -64.0, -6.0, 2.0, 26.0, 86.0, -42.0, 45.0, -41.0, 9.0, 0.0, -96.0, 0.0, -79.0, -10.0, -21.0, 17.0, 65.0, -82.0, -26.0, -19.0, 27.0, 45.0, -13.0, -20.0, ' -105.0]']","['[-67.0', -18.0, 53.0, 54.0, -14.0, -66.0, -32.0, 43.0, -27.0, 11.0, 36.0, 32.0, 48.0, -41.0, -51.0, -108.0, -28.0, -21.0, -71.0, -17.0, -21.0, 39.0, 11.0, 26.0, 64.0, 14.0, 33.0, -16.0, -63.0, 35.0, -53.0, 53.0, -17.0, 4.0, 80.0, 0.0, 102.0, 15.0, 53.0, 2.0, -60.0, 89.0, 39.0, 43.0, -18.0, -31.0, -5.0, -2.0, 82.0, -18.0, 19.0, 46.0, 25.0, 82.0, -11.0, 27.0, -83.0, -13.0, -22.0, -100.0, -17.0, -44.0, 8.0, 30.0, -40.0, 25.0, -12.0, 31.0, -5.0, -75.0, -14.0, -94.0, -46.0, 2.0, -38.0, -39.0, -67.0, -17.0, -24.0, 44.0, 54.0, ' 47.0]']",,,,,,
1740060506.727471,ble-pd-B43A31EF7B26,b508e101-e0ad-cc90-62d5-fdd6e3e224a3,6179,7,-62.0,-74.0,-68.0,-61.0,-54.0,,,2.803338704584431,-1.5044066502964202,0.3942855267600843,-1.497459661434894,-0.8131476063535975,,,0.4061606952188022,0.3624514306698221,0.2764236375826152,0.1185646807443842,0.5230674580037933,,,-3.365426778793335,6.913644313812256,1.3723324537277222,-3.54,6.84,1.96,"['[-40.0', -53.0, 3.0, 56.0, 31.0, -35.0, -55.0, 0.0, -14.0, 81.0, -73.0, -32.0, -10.0, 109.0, -99.0, 16.0, -19.0, 50.0, -12.0, -47.0, 30.0, 48.0, -46.0, 1.0, -27.0, 76.0, -19.0, 17.0, 0.0, 19.0, -45.0, 7.0, 18.0, -9.0, 11.0, -8.0, 19.0, -8.0, -33.0, -4.0, 14.0, -24.0, 71.0, -77.0, -28.0, -18.0, 94.0, -83.0, 30.0, -31.0, 44.0, -22.0, -32.0, 26.0, 21.0, -42.0, 8.0, -34.0, 63.0, -28.0, 32.0, -5.0, 3.0, -51.0, 14.0, 8.0, -25.0, 6.0, -4.0, 17.0, -29.0, -31.0, 0.0, 27.0, -32.0, 60.0, -76.0, -23.0, -25.0, 72.0, -65.0, ' 42.0]']","['[-42.0', 23.0, 58.0, 14.0, -49.0, -46.0, 18.0, 57.0, -45.0, -22.0, -25.0, 5.0, -30.0, -44.0, 44.0, 49.0, -53.0, -15.0, -48.0, 52.0, -14.0, -93.0, 10.0, 26.0, -26.0, -42.0, -33.0, 65.0, -20.0, -58.0, -27.0, 26.0, -35.0, -67.0, -20.0, 15.0, -3.0, -85.0, 0.0, 15.0, 54.0, -39.0, -45.0, -6.0, 14.0, -26.0, -73.0, 69.0, 43.0, -46.0, -27.0, -44.0, 63.0, -22.0, -103.0, 22.0, 25.0, -18.0, -61.0, -28.0, 58.0, -19.0, -61.0, -13.0, 23.0, -38.0, -63.0, -22.0, 17.0, -8.0, -80.0, 10.0, 16.0, 49.0, -33.0, -59.0, 14.0, 21.0, -21.0, -96.0, 88.0, ' 34.0]']","['[29.0', 16.0, ' -25.0', -22.0, 19.0, 27.0, -11.0, -29.0, 52.0, 22.0, 93.0, -15.0, 38.0, 1.0, 28.0, 25.0, 69.0, 49.0, 36.0, 23.0, -4.0, 36.0, -16.0, 33.0, 36.0, -25.0, 16.0, 17.0, -8.0, 34.0, 1.0, 5.0, -14.0, -19.0, 7.0, -35.0, -24.0, -32.0, -45.0, 32.0, -24.0, 44.0, 47.0, 101.0, -6.0, 44.0, -1.0, 13.0, 13.0, 71.0, 62.0, 46.0, 27.0, 15.0, 31.0, 2.0, 18.0, 65.0, -20.0, 45.0, 19.0, 4.0, 45.0, 0.0, 10.0, 10.0, -4.0, 46.0, -24.0, 7.0, -24.0, -30.0, 40.0, -16.0, 31.0, 65.0, 95.0, 0.0, 41.0, -4.0, -2.0, ' -3.0]']","['[10.0', ' -28.0', ' -20.0', 22.0, 26.0, -15.0, -29.0, 7.0, -21.0, 78.0, 35.0, 18.0, 16.0, -9.0, -37.0, -30.0, 17.0, 50.0, 35.0, 17.0, 52.0, -13.0, 54.0, -39.0, 100.0, 11.0, 91.0, 10.0, 36.0, 37.0, -7.0, 12.0, 69.0, 42.0, 126.0, 25.0, 89.0, 30.0, 36.0, 26.0, 19.0, -36.0, 65.0, 3.0, 21.0, 3.0, -9.0, -45.0, -35.0, -6.0, 30.0, 21.0, 8.0, 49.0, -23.0, 56.0, -50.0, 85.0, 18.0, 80.0, 3.0, 38.0, 25.0, -8.0, 9.0, 70.0, 46.0, 115.0, 34.0, 94.0, 38.0, 50.0, 12.0, 26.0, -49.0, 46.0, -30.0, 22.0, -10.0, -7.0, -50.0, ' -41.0]']","['[-31.0', ' -3.0', ' 30.0', 19.0, -20.0, -29.0, 2.0, 31.0, 25.0, -88.0, 5.0, -35.0, 10.0, 24.0, -17.0, 84.0, 10.0, -31.0, 6.0, 34.0, -24.0, 80.0, -15.0, 67.0, 13.0, 51.0, 11.0, 13.0, 33.0, -5.0, -3.0, -6.0, -5.0, -11.0, -3.0, -25.0, -19.0, -28.0, -8.0, -58.0, -20.0, -18.0, 11.0, 4.0, 14.0, 0.0, -25.0, 22.0, -22.0, -4.0, -31.0, -21.0, -25.0, 4.0, -53.0, 19.0, -29.0, 12.0, -76.0, 27.0, 8.0, -1.0, 94.0, 2.0, 110.0, 9.0, 66.0, -30.0, 90.0, 1.0, 46.0, -6.0, 27.0, -15.0, -9.0, 78.0, -8.0, 21.0, -8.0, -2.0, -2.0, ' -62.0]']","['[5.0', ' 32.0', ' 12.0', -25.0, -25.0, 12.0, 31.0, 8.0, 6.0, 30.0, -7.0, 1.0, -4.0, 16.0, -16.0, -15.0, 0.0, 50.0, 20.0, 11.0, 6.0, 17.0, -14.0, -2.0, -21.0, 60.0, -36.0, -16.0, -14.0, -102.0, -1.0, -119.0, -7.0, -68.0, 36.0, -88.0, 7.0, -38.0, 12.0, -1.0, 26.0, 21.0, -93.0, 8.0, -31.0, 10.0, 15.0, -8.0, 83.0, 8.0, -50.0, -3.0, 25.0, -23.0, 63.0, -8.0, 61.0, 22.0, 18.0, 26.0, 19.0, 35.0, 43.0, -2.0, 46.0, -1.0, 21.0, -20.0, 16.0, -20.0, -9.0, -12.0, -51.0, -28.0, -26.0, 53.0, 0.0, 27.0, -4.0, -30.0, 24.0, ' -57.0]']","['[-26.0', ' -79.0', -30.0, 58.0, 71.0, -7.0, -77.0, -45.0, 67.0, 33.0, 75.0, 17.0, 2.0, -31.0, -55.0, 20.0, -33.0, -19.0, -4.0, 27.0, 62.0, 22.0, 41.0, -35.0, 24.0, -10.0, -75.0, -29.0, -106.0, 4.0, -8.0, -10.0, -22.0, -7.0, 74.0, 13.0, -10.0, -12.0, -58.0, -81.0, -43.0, 31.0, -9.0, -47.0, -30.0, -51.0, 35.0, 52.0, 101.0, 29.0, 24.0, 67.0, 31.0, 33.0, -41.0, -29.0, -24.0, -47.0, -24.0, -29.0, 10.0, 72.0, -24.0, 60.0, -13.0, 21.0, 14.0, -70.0, -7.0, -101.0, -40.0, -53.0, 12.0, 74.0, -93.0, -26.0, -39.0, 3.0, 37.0, 4.0, 18.0, ' -92.0]']","['[-75.0', -2.0, 73.0, 54.0, -35.0, -80.0, -21.0, 62.0, -62.0, -2.0, 19.0, 26.0, 55.0, -27.0, -30.0, -115.0, -17.0, -18.0, -72.0, -44.0, -59.0, 35.0, 15.0, 41.0, 40.0, 29.0, 65.0, 0.0, -37.0, 24.0, -61.0, 19.0, -13.0, -12.0, 44.0, 3.0, 112.0, 47.0, 80.0, 22.0, -62.0, 87.0, 32.0, 61.0, 8.0, -19.0, -19.0, -38.0, 59.0, -24.0, -10.0, 25.0, 41.0, 79.0, 7.0, 33.0, -49.0, 8.0, -20.0, -94.0, -27.0, -87.0, -5.0, 13.0, -18.0, -14.0, -1.0, 50.0, 12.0, -49.0, -29.0, -84.0, -83.0, -14.0, -5.0, -20.0, -67.0, -31.0, -39.0, 41.0, 61.0, ' 66.0]']",,,,,,
1740060507.727495,ble-pd-B43A31EF7B26,79e3a035-1556-4d9b-3341-f9a6c6134db1,6180,3,-63.0,-68.0,-83.0,-63.0,-55.0,-54.0,,2.7939159080155127,-1.49044502828168,0.364260515998313,-1.4909124130529887,-0.8351951926038808,-2.662531079309685,,0.4022462146010355,0.3265762539414737,0.258357335314006,0.1910009313398309,0.5910193432501158,0.4898694480480717,,-3.357085466384888,6.916511058807373,1.390711784362793,-3.54,6.84,1.96,"['[17.0', 47.0, 12.0, -39.0, -36.0, 15.0, 47.0, 16.0, -4.0, -83.0, 70.0, 42.0, 6.0, -116.0, 90.0, 0.0, -4.0, -66.0, 3.0, 50.0, -32.0, -83.0, 39.0, 0.0, 0.0, -88.0, 14.0, 9.0, -16.0, -44.0, 33.0, 16.0, -41.0, -43.0, -9.0, 31.0, -20.0, -47.0, 46.0, 36.0, 1.0, 4.0, -92.0, 89.0, 37.0, 18.0, -118.0, 101.0, -23.0, 9.0, -69.0, 21.0, 39.0, -23.0, -60.0, 46.0, -10.0, 5.0, -84.0, 24.0, -7.0, -10.0, -36.0, 48.0, 10.0, -26.0, -30.0, 2.0, 31.0, -17.0, -21.0, 46.0, 26.0, -12.0, 13.0, -92.0, 98.0, 26.0, 27.0, -104.0, 93.0, ' -47.0]']","['[43.0', -3.0, -45.0, -25.0, 27.0, 43.0, 0.0, -43.0, 35.0, -45.0, 67.0, -12.0, 38.0, -19.0, 28.0, -73.0, 42.0, -17.0, 50.0, -31.0, 2.0, 56.0, 40.0, -25.0, 16.0, -8.0, 42.0, -47.0, 15.0, 27.0, 58.0, -10.0, 47.0, 43.0, 27.0, 5.0, 9.0, 74.0, 8.0, -19.0, -44.0, 38.0, -16.0, 43.0, -25.0, 32.0, 19.0, 0.0, -65.0, 41.0, 1.0, 42.0, -45.0, 9.0, 79.0, 25.0, -23.0, 16.0, 17.0, 37.0, -48.0, 21.0, 41.0, 48.0, -13.0, 57.0, 50.0, 29.0, -8.0, 17.0, 87.0, -4.0, -31.0, -43.0, 33.0, 15.0, 13.0, -35.0, 26.0, 59.0, -33.0, ' -56.0]']","['[47.0', 32.0, ' -39.0', -41.0, 27.0, 47.0, -12.0, -54.0, 62.0, -25.0, 78.0, -29.0, 18.0, 5.0, 17.0, 51.0, 47.0, 31.0, 10.0, 27.0, -33.0, 38.0, -26.0, 54.0, -12.0, 3.0, -39.0, 13.0, -17.0, -4.0, 36.0, -16.0, -37.0, -20.0, -58.0, -41.0, -43.0, -20.0, -25.0, 57.0, -44.0, 59.0, -3.0, 90.0, -21.0, 25.0, 11.0, 7.0, 49.0, 61.0, 32.0, 31.0, 33.0, -27.0, 39.0, -26.0, 46.0, 19.0, 7.0, -13.0, 21.0, -21.0, 1.0, 27.0, -19.0, -13.0, -10.0, -10.0, -33.0, -18.0, -13.0, -12.0, 68.0, -37.0, 45.0, 23.0, 90.0, -9.0, 32.0, 13.0, 0.0, ' 34.0]']","['[27.0', ' -42.0', ' -37.0', 31.0, 47.0, -17.0, -51.0, 3.0, -6.0, 67.0, 46.0, 15.0, 27.0, 17.0, -19.0, 0.0, 56.0, 4.0, 67.0, 9.0, 25.0, 10.0, 9.0, -20.0, 101.0, 11.0, 74.0, 23.0, -12.0, 25.0, -25.0, -3.0, 62.0, 25.0, 105.0, 19.0, 57.0, 11.0, 38.0, 36.0, 17.0, -29.0, 72.0, 15.0, 31.0, 19.0, 13.0, -24.0, -18.0, 38.0, -8.0, 56.0, -1.0, 38.0, -4.0, 13.0, -38.0, 97.0, 8.0, 77.0, 14.0, -3.0, 23.0, -37.0, 2.0, 73.0, 31.0, 117.0, 29.0, 68.0, 19.0, 46.0, 11.0, 33.0, -44.0, 66.0, -18.0, 32.0, 9.0, 12.0, -24.0, ' -32.0]']","['[0.0', ' -5.0', ' -1.0', 5.0, 5.0, -3.0, -6.0, -1.0, 18.0, -38.0, 5.0, -7.0, -7.0, -9.0, -6.0, 17.0, -3.0, -79.0, 0.0, -17.0, -7.0, 24.0, -9.0, 37.0, 21.0, -12.0, 31.0, 5.0, 35.0, 78.0, 9.0, 110.0, -7.0, 49.0, -25.0, 61.0, 1.0, 38.0, -9.0, -31.0, -7.0, -30.0, 87.0, 1.0, 53.0, 9.0, -19.0, 14.0, -60.0, 8.0, 47.0, -8.0, 0.0, -5.0, -68.0, 9.0, -85.0, -6.0, -60.0, -1.0, -30.0, -22.0, 4.0, -15.0, 5.0, 5.0, 4.0, 1.0, 33.0, 4.0, 28.0, 4.0, 70.0, 4.0, 4.0, -31.0, -9.0, -33.0, 1.0, 20.0, -6.0, ' 29.0]']","['[-4.0', ' 0.0', ' 5.0', 3.0, -2.0, -5.0, 1.0, 5.0, 22.0, -76.0, -7.0, -53.0, -6.0, 22.0, -15.0, 59.0, -7.0, -11.0, 7.0, 6.0, 5.0, 59.0, -6.0, 78.0, -2.0, 76.0, -11.0, 30.0, 9.0, -37.0, 11.0, -57.0, -4.0, -29.0, 7.0, -61.0, -7.0, -49.0, -1.0, -60.0, -2.0, 9.0, -2.0, 8.0, 11.0, -3.0, -17.0, 1.0, -5.0, 2.0, -64.0, -6.0, -19.0, -7.0, -1.0, -7.0, 5.0, 20.0, -45.0, 34.0, -5.0, 29.0, 86.0, 5.0, 126.0, -5.0, 55.0, -25.0, 80.0, 3.0, 52.0, -5.0, -4.0, -4.0, -31.0, 78.0, 0.0, 43.0, 10.0, -8.0, 13.0, ' -54.0]']","['[-39.0', ' 27.0', 58.0, 11.0, -50.0, -44.0, 17.0, 58.0, -65.0, -15.0, -11.0, 26.0, 50.0, -22.0, -43.0, -112.0, 2.0, -48.0, -69.0, -12.0, -62.0, 31.0, -15.0, 84.0, 55.0, 9.0, 91.0, -5.0, -7.0, 1.0, -43.0, 51.0, -59.0, 17.0, 23.0, 12.0, 90.0, 13.0, 72.0, 14.0, -21.0, 57.0, 47.0, 60.0, -1.0, -4.0, -44.0, -26.0, -16.0, -49.0, 11.0, -13.0, 18.0, 58.0, -2.0, 16.0, -74.0, 45.0, -24.0, -74.0, -23.0, -84.0, 37.0, -14.0, 29.0, 53.0, -3.0, 102.0, -12.0, -5.0, -7.0, -50.0, -29.0, -41.0, 31.0, -13.0, -26.0, -25.0, -46.0, 49.0, 63.0, ' 117.0]']","['[43.0', 51.0, -5.0, -55.0, -30.0, 35.0, 55.0, 6.0, -33.0, -44.0, -63.0, -7.0, -12.0, 54.0, 47.0, 52.0, 55.0, 6.0, 33.0, -15.0, -39.0, -6.0, -16.0, 51.0, -66.0, 24.0, 51.0, 27.0, 90.0, -41.0, 28.0, -50.0, -33.0, 0.0, -114.0, 11.0, -23.0, 1.0, 28.0, 27.0, 50.0, -53.0, -3.0, 6.0, 28.0, 49.0, -37.0, -58.0, -122.0, -16.0, -50.0, -73.0, -7.0, -44.0, 31.0, -11.0, 63.0, 72.0, 0.0, 65.0, -15.0, -38.0, 15.0, -50.0, 64.0, -46.0, 13.0, 53.0, 7.0, 92.0, 11.0, 61.0, 3.0, -38.0, 69.0, 46.0, 55.0, -10.0, -23.0, -30.0, -10.0, ' 27.0]']",,,,,,
1740060508.726871,ble-pd-B43A31EF7B26,cb20a6c8-fb1d-1ca0-d688-a7b132e0c1ff,6181,15,-70.0,-76.0,-70.0,-66.0,-62.0,-48.0,-56.0,2.8035613448515617,-1.4890451376546796,0.3591275393132943,-1.5017140612762956,-0.8879178515861844,2.914657284600504,0.2889682995683805,0.2879337199453967,0.3280997152430536,0.195124719774521,0.1029956579194561,0.5629227754480076,0.3921679924131235,0.5567866441228401,-3.36011791229248,6.912874698638916,1.405125856399536,-3.54,6.84,1.96,"['[25.0', 4.0, -22.0, -19.0, 9.0, 26.0, 7.0, -22.0, 44.0, -45.0, 55.0, -55.0, 38.0, -68.0, 54.0, -49.0, 33.0, 1.0, 22.0, -24.0, -24.0, -4.0, 17.0, -16.0, 22.0, -15.0, 0.0, -22.0, -8.0, 53.0, 10.0, -2.0, 6.0, 63.0, -2.0, -4.0, 3.0, 85.0, 22.0, -21.0, -24.0, 51.0, -36.0, 53.0, -57.0, 37.0, -61.0, 39.0, -50.0, 41.0, 10.0, 22.0, -26.0, -22.0, 9.0, 6.0, -11.0, 26.0, -7.0, 1.0, -27.0, -6.0, 65.0, 5.0, -1.0, 11.0, 69.0, -1.0, -6.0, 2.0, 90.0, 21.0, -23.0, -24.0, 57.0, -22.0, 45.0, -59.0, 37.0, -53.0, 22.0, ' -50.0]']","['[-3.0', -26.0, -13.0, 17.0, 23.0, -2.0, -25.0, -13.0, 56.0, 91.0, -42.0, -22.0, 0.0, 60.0, -105.0, -4.0, 57.0, 74.0, 5.0, -25.0, 17.0, 119.0, -83.0, 34.0, 39.0, 62.0, 5.0, -36.0, 24.0, 99.0, -37.0, 9.0, 39.0, 56.0, 13.0, -20.0, -5.0, 53.0, -19.0, -14.0, -9.0, 52.0, 96.0, -46.0, -16.0, -5.0, 67.0, -111.0, 0.0, 52.0, 74.0, 1.0, -22.0, 20.0, 119.0, -84.0, 36.0, 37.0, 63.0, 5.0, -33.0, 24.0, 92.0, -39.0, 10.0, 38.0, 47.0, 13.0, -19.0, -6.0, 44.0, -21.0, -12.0, -6.0, 44.0, 100.0, -54.0, -8.0, -10.0, 74.0, -117.0, ' 5.0]']","['[12.0', -10.0, ' -16.0', 6.0, 18.0, -1.0, -18.0, -3.0, 15.0, 15.0, 68.0, 4.0, 40.0, 22.0, 0.0, 0.0, 36.0, 17.0, 38.0, 13.0, 21.0, 6.0, 11.0, -8.0, 56.0, 10.0, 42.0, 34.0, 37.0, 24.0, 4.0, 21.0, 5.0, -2.0, 117.0, -12.0, 69.0, -10.0, -41.0, -29.0, 3.0, 7.0, 22.0, 62.0, 2.0, 41.0, 17.0, -8.0, -10.0, 28.0, 17.0, 33.0, 10.0, 27.0, 7.0, 20.0, -7.0, 65.0, 5.0, 47.0, 31.0, 40.0, 26.0, 9.0, 24.0, 18.0, 8.0, 123.0, -8.0, 92.0, -5.0, -32.0, -24.0, 9.0, -1.0, 26.0, 50.0, 2.0, 38.0, 12.0, -15.0, ' -21.0]']","['[-13.0', ' -15.0', ' 8.0', 17.0, -4.0, -17.0, -1.0, 18.0, -24.0, 26.0, -15.0, 0.0, 6.0, -10.0, -27.0, -36.0, -24.0, -1.0, -9.0, -6.0, 18.0, 4.0, 31.0, -4.0, 38.0, -21.0, 22.0, -5.0, 19.0, 14.0, 17.0, 14.0, 40.0, 37.0, 36.0, 12.0, 87.0, 17.0, 26.0, 7.0, 20.0, -27.0, 21.0, -34.0, -1.0, -5.0, -18.0, -28.0, -36.0, -33.0, -5.0, -20.0, -9.0, 10.0, 3.0, 27.0, -2.0, 22.0, -23.0, 8.0, -13.0, 8.0, 5.0, 15.0, 9.0, 37.0, 37.0, 4.0, 16.0, 61.0, 20.0, 37.0, 13.0, 17.0, -28.0, 14.0, -50.0, -2.0, -17.0, -22.0, -23.0, ' -31.0]']","['[-16.0', ' 21.0', ' 28.0', -5.0, -30.0, -10.0, 25.0, 23.0, -20.0, 39.0, -1.0, 25.0, -2.0, 0.0, -3.0, 15.0, 7.0, 22.0, 6.0, 21.0, -1.0, 10.0, -14.0, -3.0, 10.0, 29.0, 4.0, -32.0, -3.0, -67.0, 11.0, -83.0, -1.0, -22.0, 35.0, -61.0, 32.0, -18.0, 27.0, 25.0, 4.0, 5.0, -84.0, -14.0, -48.0, -6.0, 47.0, 12.0, 94.0, -23.0, -16.0, -25.0, 23.0, -11.0, 7.0, -5.0, 7.0, 14.0, -20.0, 0.0, 25.0, 4.0, 42.0, -4.0, 65.0, -14.0, 14.0, -17.0, 16.0, -16.0, 4.0, -4.0, -51.0, -27.0, 13.0, 51.0, 17.0, 27.0, 10.0, -51.0, -10.0, ' -112.0]']","['[25.0', ' 22.0', ' -12.0', -30.0, -2.0, 28.0, 17.0, -19.0, 6.0, 74.0, 17.0, 41.0, 9.0, -56.0, -13.0, -117.0, 22.0, 4.0, 25.0, -42.0, 15.0, -15.0, 14.0, -6.0, -24.0, 5.0, -4.0, -7.0, -3.0, -8.0, -2.0, -22.0, 18.0, -2.0, -1.0, 24.0, -1.0, 6.0, -13.0, 44.0, 30.0, -20.0, -5.0, -11.0, -3.0, -6.0, 30.0, 2.0, 74.0, -4.0, 16.0, -8.0, 40.0, -10.0, 18.0, -20.0, 0.0, 21.0, 20.0, 6.0, -23.0, -1.0, -53.0, 11.0, -58.0, -11.0, -18.0, 29.0, -64.0, 27.0, -20.0, 29.0, -5.0, -13.0, 14.0, -67.0, -5.0, -39.0, -3.0, 24.0, 9.0, ' 40.0]']","['[28.0', ' 50.0', 7.0, -45.0, -39.0, 16.0, 51.0, 20.0, -58.0, -20.0, -56.0, -5.0, 2.0, 4.0, 51.0, 7.0, 10.0, 11.0, 6.0, -17.0, -67.0, -45.0, -22.0, -19.0, -44.0, -11.0, 34.0, 48.0, 73.0, 2.0, 3.0, -9.0, 87.0, -37.0, -79.0, -38.0, -21.0, 37.0, 78.0, 105.0, 32.0, 9.0, 11.0, 57.0, 28.0, 43.0, 14.0, -57.0, -28.0, 2.0, -20.0, -45.0, -12.0, -5.0, 34.0, 45.0, 43.0, 11.0, 31.0, 23.0, -16.0, -66.0, -49.0, -43.0, -53.0, -114.0, -27.0, 28.0, 41.0, 95.0, -1.0, 29.0, -54.0, -49.0, 51.0, 8.0, -2.0, -24.0, -49.0, -19.0, 9.0, ' 21.0]']","['[43.0', -9.0, -50.0, -24.0, 31.0, 48.0, 1.0, -47.0, 26.0, -1.0, -32.0, -29.0, -52.0, -19.0, 37.0, 29.0, -8.0, 16.0, 49.0, 26.0, 45.0, -12.0, -38.0, -38.0, 11.0, -30.0, -45.0, -8.0, 29.0, 55.0, 49.0, 70.0, 80.0, 54.0, 16.0, -25.0, -97.0, -21.0, -87.0, 0.0, 40.0, -64.0, -17.0, -31.0, 11.0, 30.0, 13.0, 25.0, -8.0, 12.0, 0.0, -19.0, -28.0, -80.0, -32.0, 0.0, 1.0, -44.0, 7.0, 53.0, 46.0, 46.0, -25.0, -23.0, -45.0, 34.0, -61.0, -75.0, -20.0, 30.0, 42.0, 114.0, 88.0, 7.0, 39.0, 19.0, 64.0, 18.0, 20.0, 5.0, -62.0, ' -18.0]']",,,,,,
1740060509.728263,ble-pd-B43A31EF7B26,08103930-a49c-a8d2-20ff-1068896a857d,6182,26,-61.0,-79.0,-75.0,-68.0,-59.0,-53.0,-63.0,2.7894737553172604,-1.47227401384796,0.4252013649064872,-1.4779799696415097,-0.8223500236819092,-2.902107612475163,-0.1898510113190691,0.3924019395000985,0.3449291289881321,0.3139239417871572,0.1157229796703504,0.3743599157127818,0.3228007176310222,0.7414543621516169,-3.3866400718688965,6.909626007080078,1.3904772996902466,-3.54,6.84,1.96,"['[-63.0', -85.0, 6.0, 90.0, 51.0, -54.0, -88.0, -3.0, 104.0, -14.0, -11.0, -115.0, 57.0, 36.0, -51.0, -52.0, 58.0, 67.0, -10.0, -117.0, 38.0, 58.0, -25.0, 15.0, 15.0, 67.0, -26.0, -60.0, 20.0, 64.0, -25.0, 13.0, 23.0, 115.0, -10.0, -18.0, 27.0, 86.0, -13.0, 6.0, -8.0, 104.0, -22.0, -7.0, -113.0, 61.0, 35.0, -46.0, -56.0, 56.0, 63.0, -8.0, -119.0, 38.0, 54.0, -23.0, 8.0, 13.0, 65.0, -24.0, -67.0, 20.0, 63.0, -22.0, 7.0, 22.0, 114.0, -11.0, -23.0, 28.0, 86.0, -15.0, 7.0, -12.0, 103.0, -28.0, -1.0, -112.0, 63.0, 35.0, -40.0, ' -58.0]']","['[-67.0', 37.0, 91.0, 20.0, -78.0, -75.0, 26.0, 94.0, 2.0, 84.0, -67.0, -6.0, -37.0, 16.0, -59.0, 58.0, 15.0, 75.0, -36.0, 40.0, -5.0, 25.0, -36.0, 89.0, 23.0, 23.0, -20.0, 72.0, -3.0, 35.0, -33.0, 55.0, 14.0, 14.0, 18.0, 61.0, -20.0, -10.0, 4.0, 38.0, 92.0, 10.0, 80.0, -66.0, -19.0, -29.0, 21.0, -64.0, 57.0, 19.0, 80.0, -36.0, 30.0, -2.0, 30.0, -37.0, 90.0, 24.0, 30.0, -24.0, 65.0, -2.0, 38.0, -34.0, 55.0, 17.0, 21.0, 17.0, 60.0, -18.0, -2.0, 3.0, 38.0, 93.0, 19.0, 79.0, -67.0, -23.0, -24.0, 23.0, -68.0, ' 48.0]']","['[12.0', 10.0, ' -8.0', -13.0, 4.0, 14.0, 0.0, -14.0, 23.0, 23.0, 23.0, 6.0, 17.0, 13.0, 44.0, 13.0, 45.0, -9.0, 31.0, 0.0, 23.0, 3.0, 4.0, -3.0, -8.0, 0.0, 11.0, 1.0, -3.0, 11.0, -37.0, 8.0, -12.0, -36.0, 14.0, -11.0, -42.0, -17.0, -29.0, -5.0, -14.0, 25.0, 30.0, 36.0, 6.0, 20.0, 10.0, 43.0, 6.0, 49.0, 0.0, 34.0, 3.0, 27.0, 3.0, 10.0, -8.0, 6.0, -3.0, 21.0, 2.0, 12.0, 13.0, -28.0, 10.0, -5.0, -35.0, 45.0, -15.0, -17.0, -18.0, -29.0, -11.0, -14.0, 27.0, 37.0, 41.0, 6.0, 23.0, 7.0, 40.0, ' 0.0]']","['[8.0', ' -11.0', ' -12.0', 6.0, 14.0, -2.0, -14.0, 0.0, 12.0, 40.0, 49.0, 0.0, 18.0, -12.0, -4.0, -27.0, 13.0, 43.0, 16.0, 14.0, 22.0, -2.0, 22.0, -29.0, 57.0, -12.0, 55.0, 0.0, 74.0, 6.0, 36.0, 2.0, 29.0, 5.0, 125.0, -18.0, 109.0, -2.0, 0.0, -32.0, 3.0, 9.0, 35.0, 42.0, 0.0, 15.0, -14.0, -13.0, -29.0, 4.0, 46.0, 7.0, 14.0, 17.0, -3.0, 22.0, -28.0, 58.0, -10.0, 51.0, 0.0, 72.0, 4.0, 44.0, 0.0, 32.0, 11.0, 119.0, -15.0, 115.0, 1.0, 6.0, -30.0, 6.0, 3.0, 29.0, 35.0, -2.0, 10.0, -17.0, -22.0, ' -35.0]']","['[1.0', ' -16.0', ' -12.0', 9.0, 17.0, -1.0, -17.0, -6.0, 56.0, -116.0, 38.0, -49.0, 34.0, 13.0, -8.0, 81.0, -20.0, -6.0, 6.0, 23.0, -4.0, 47.0, 18.0, 54.0, -23.0, 54.0, -7.0, 70.0, 20.0, 73.0, 4.0, 34.0, 6.0, 9.0, -11.0, -4.0, -20.0, -17.0, -20.0, -47.0, -9.0, -6.0, 103.0, -13.0, 37.0, -35.0, -54.0, -23.0, -116.0, 53.0, -41.0, 23.0, -58.0, 13.0, -48.0, -6.0, -4.0, -2.0, -51.0, 18.0, -22.0, -11.0, -16.0, -13.0, 19.0, 14.0, 58.0, 1.0, 60.0, -1.0, 67.0, 0.0, 62.0, 17.0, -51.0, -21.0, -20.0, 0.0, 11.0, 59.0, 39.0, ' 74.0]']","['[-18.0', ' -7.0', ' 13.0', 15.0, -5.0, -17.0, -4.0, 16.0, -44.0, -35.0, -17.0, -5.0, 15.0, 60.0, 38.0, 83.0, -51.0, 60.0, -36.0, 59.0, -14.0, 21.0, -7.0, -45.0, 24.0, 19.0, -18.0, -31.0, -3.0, -48.0, 15.0, -59.0, -25.0, -86.0, 8.0, -75.0, 19.0, -74.0, 16.0, -41.0, -15.0, 71.0, -62.0, 40.0, -32.0, 14.0, -31.0, -32.0, 7.0, 18.0, -43.0, 28.0, -23.0, 6.0, 20.0, 18.0, 71.0, -33.0, 28.0, 6.0, 73.0, 17.0, 87.0, -7.0, 67.0, 22.0, 63.0, -14.0, 46.0, -27.0, 35.0, -25.0, -7.0, 4.0, -50.0, 120.0, -37.0, 48.0, -35.0, -19.0, 5.0, ' -88.0]']","['[19.0', ' 49.0', 16.0, -37.0, -43.0, 6.0, 47.0, 27.0, -32.0, 3.0, -15.0, 16.0, 3.0, 34.0, -5.0, -20.0, 60.0, 10.0, -14.0, -20.0, -50.0, 2.0, -1.0, 77.0, -14.0, 41.0, 48.0, 36.0, 27.0, -63.0, -9.0, -77.0, -88.0, -21.0, -73.0, 45.0, 9.0, 26.0, 84.0, -32.0, 9.0, 6.0, -13.0, 22.0, 3.0, 12.0, -54.0, -12.0, -29.0, -55.0, -25.0, -29.0, 8.0, 32.0, 26.0, -3.0, 2.0, 59.0, -10.0, -26.0, -52.0, -45.0, 41.0, -20.0, 111.0, 2.0, 53.0, 76.0, -1.0, 47.0, -53.0, -44.0, -56.0, -41.0, 24.0, 17.0, -17.0, -20.0, -20.0, 39.0, 23.0, ' 57.0]']","['[45.0', -1.0, -47.0, -33.0, 22.0, 49.0, 12.0, -39.0, 23.0, 15.0, -18.0, -19.0, -20.0, 41.0, 23.0, 60.0, 18.0, 25.0, 52.0, 7.0, 3.0, -40.0, 4.0, -77.0, -68.0, -27.0, -11.0, 37.0, 35.0, 2.0, 36.0, -77.0, 82.0, -53.0, -36.0, -42.0, -73.0, 47.0, -18.0, 109.0, 49.0, -38.0, -10.0, 1.0, 25.0, 17.0, -3.0, -20.0, -55.0, 29.0, -9.0, -46.0, -20.0, -37.0, 30.0, -3.0, 110.0, 37.0, 48.0, 43.0, 3.0, -5.0, -47.0, -31.0, -5.0, -121.0, 21.0, -30.0, 61.0, 57.0, -14.0, 75.0, -98.0, -25.0, 30.0, -2.0, 14.0, -15.0, -2.0, -37.0, 4.0, ' 18.0]']",,,,,,
1740060510.725117,ble-pd-B43A31EF7B26,e8612505-e076-a166-f8bf-075862f6073d,6183,0,-63.0,-68.0,-69.0,-65.0,-59.0,-50.0,-62.0,2.779915670164966,-1.5009950077819747,0.2900126500713398,-1.5175264470905865,-0.8539932911223548,-2.599572201048458,-1.3910360998335296,0.3002155531025697,0.3677748233727815,0.2459134155149882,0.2117227048208717,0.7351595216078844,0.3487689628280375,1.1979828806362318,-3.384565114974976,6.91766595840454,1.4013772010803225,-3.54,6.84,1.96,"['[45.0', -4.0, -47.0, -27.0, 30.0, 46.0, 0.0, -46.0, 15.0, -24.0, 52.0, -11.0, 18.0, 9.0, 34.0, -59.0, 38.0, 2.0, 45.0, -20.0, 1.0, 69.0, 42.0, -11.0, 26.0, 0.0, 40.0, -34.0, 22.0, 34.0, 49.0, -6.0, 63.0, 36.0, 24.0, 1.0, 21.0, 86.0, -13.0, -18.0, -49.0, 13.0, 13.0, 18.0, -19.0, 7.0, 52.0, 1.0, -45.0, 35.0, 22.0, 35.0, -35.0, 8.0, 91.0, 20.0, -11.0, 23.0, 27.0, 26.0, -36.0, 23.0, 48.0, 24.0, -11.0, 66.0, 46.0, 20.0, -16.0, 26.0, 92.0, -26.0, -28.0, -45.0, 9.0, 47.0, -17.0, -25.0, -1.0, 89.0, -37.0, ' -28.0]']","['[-20.0', -49.0, -12.0, 41.0, 39.0, -17.0, -49.0, -15.0, -3.0, 99.0, -89.0, -27.0, -22.0, 124.0, -97.0, 27.0, -1.0, 67.0, -23.0, -45.0, 18.0, 68.0, -58.0, -1.0, -4.0, 79.0, -31.0, -11.0, 6.0, 43.0, -57.0, -16.0, 20.0, 35.0, -9.0, -50.0, 17.0, 31.0, -39.0, -35.0, 2.0, -8.0, 101.0, -102.0, -22.0, -27.0, 111.0, -104.0, 46.0, -15.0, 63.0, -36.0, -34.0, 17.0, 37.0, -68.0, 3.0, -12.0, 73.0, -43.0, 1.0, -2.0, 27.0, -72.0, -13.0, -3.0, 19.0, -17.0, -47.0, 8.0, 1.0, -33.0, -27.0, 19.0, -13.0, 91.0, -101.0, -13.0, -28.0, 83.0, -97.0, ' 60.0]']","['[-24.0', 40.0, ' 35.0', -28.0, -43.0, 18.0, 47.0, -6.0, 0.0, -56.0, -41.0, -25.0, -20.0, -25.0, 3.0, 1.0, -74.0, 17.0, -65.0, -8.0, -13.0, -8.0, 7.0, 8.0, -94.0, -10.0, -57.0, -10.0, 21.0, -12.0, 40.0, -17.0, -52.0, -29.0, -97.0, -3.0, -38.0, -6.0, -32.0, -35.0, -22.0, 22.0, -67.0, -19.0, -33.0, -13.0, -21.0, 12.0, 28.0, -58.0, 23.0, -60.0, -2.0, -25.0, 6.0, -5.0, 38.0, -103.0, -2.0, -70.0, -10.0, 12.0, -19.0, 52.0, -29.0, -66.0, -39.0, -113.0, -17.0, -50.0, -6.0, -25.0, -13.0, -35.0, 42.0, -70.0, 5.0, -37.0, -6.0, -12.0, 19.0, ' 54.0]']","['[42.0', ' 29.0', ' -33.0', -40.0, 22.0, 45.0, -10.0, -48.0, 63.0, -41.0, 59.0, -27.0, 12.0, 7.0, 25.0, 70.0, 33.0, 17.0, 1.0, 17.0, -35.0, 37.0, -34.0, 84.0, -43.0, 24.0, -47.0, 0.0, -21.0, -21.0, 42.0, -39.0, -49.0, -31.0, -66.0, -34.0, -37.0, 0.0, 11.0, 54.0, -43.0, 61.0, -16.0, 70.0, -16.0, 18.0, 17.0, 20.0, 64.0, 58.0, 9.0, 24.0, 20.0, -30.0, 38.0, -36.0, 75.0, -8.0, 26.0, -23.0, 3.0, -27.0, -15.0, 26.0, -31.0, -29.0, -18.0, -27.0, -31.0, -21.0, 2.0, 22.0, 64.0, -32.0, 49.0, 7.0, 72.0, -2.0, 22.0, 23.0, 13.0, ' 49.0]']","['[-15.0', ' -29.0', ' 0.0', 30.0, 16.0, -21.0, -27.0, 6.0, -18.0, -106.0, -27.0, -60.0, -14.0, -15.0, 10.0, 34.0, -1.0, -55.0, 3.0, -1.0, 0.0, 14.0, -9.0, 58.0, -32.0, 12.0, -43.0, 33.0, -17.0, -19.0, -9.0, -68.0, 1.0, 17.0, -14.0, -13.0, -18.0, -5.0, 2.0, -25.0, -30.0, 9.0, 88.0, 14.0, 52.0, -6.0, 24.0, 5.0, 0.0, -13.0, -40.0, -12.0, -57.0, 11.0, -35.0, 12.0, -19.0, 25.0, -55.0, 58.0, -10.0, 39.0, 36.0, 24.0, 112.0, -40.0, 31.0, -60.0, 43.0, -22.0, 18.0, -31.0, -41.0, 15.0, 10.0, 39.0, 16.0, 20.0, 19.0, -3.0, -14.0, ' -36.0]']","['[-26.0', ' 8.0', ' 30.0', 9.0, -26.0, -22.0, 14.0, 29.0, -1.0, -53.0, -5.0, -30.0, 11.0, -21.0, -10.0, -13.0, 15.0, 64.0, 12.0, 61.0, -12.0, 31.0, -8.0, -3.0, -13.0, 54.0, -43.0, -2.0, -33.0, -32.0, -23.0, -93.0, 43.0, -42.0, 70.0, -42.0, 31.0, -17.0, 33.0, 54.0, -5.0, -15.0, -80.0, -24.0, -43.0, -17.0, -7.0, 12.0, 37.0, -6.0, -75.0, -1.0, -24.0, 4.0, 0.0, -5.0, 56.0, -24.0, -8.0, -23.0, 32.0, -1.0, -5.0, 0.0, -29.0, -15.0, 33.0, -40.0, 5.0, -29.0, 1.0, -9.0, -43.0, -25.0, 14.0, 113.0, 21.0, 64.0, 1.0, 26.0, 1.0, ' -14.0]']","['[25.0', ' 41.0', 4.0, -38.0, -31.0, 16.0, 42.0, 13.0, -34.0, -64.0, -39.0, 14.0, 15.0, 42.0, 44.0, 48.0, 54.0, 13.0, 18.0, -15.0, -43.0, -4.0, -2.0, 73.0, -67.0, 41.0, 50.0, 42.0, 74.0, -42.0, 4.0, -60.0, -67.0, -1.0, -108.0, 1.0, 7.0, -2.0, 59.0, 19.0, 35.0, -18.0, 2.0, 14.0, 19.0, 45.0, -29.0, -70.0, -93.0, -9.0, -56.0, -58.0, 0.0, -12.0, 55.0, -5.0, 76.0, 79.0, 11.0, 53.0, -18.0, -42.0, 20.0, -47.0, 71.0, -69.0, 16.0, 57.0, 24.0, 78.0, 15.0, 17.0, -8.0, -33.0, 44.0, 63.0, 32.0, -26.0, -41.0, -26.0, -7.0, ' 4.0]']","['[34.0', -11.0, -42.0, -18.0, 28.0, 39.0, -1.0, -40.0, 28.0, 17.0, -3.0, -25.0, -51.0, 18.0, 61.0, 82.0, -5.0, 54.0, 55.0, 4.0, 24.0, -55.0, 5.0, -100.0, -62.0, -25.0, -70.0, 7.0, 22.0, -10.0, 47.0, -56.0, 93.0, -17.0, -31.0, -25.0, -83.0, -15.0, -37.0, 2.0, 22.0, -41.0, -66.0, -38.0, 22.0, 28.0, 35.0, 29.0, 24.0, 53.0, -2.0, 2.0, -15.0, -48.0, 12.0, -2.0, 97.0, -46.0, 47.0, 68.0, 38.0, 65.0, -39.0, -9.0, -42.0, -93.0, 2.0, -96.0, 8.0, 29.0, 1.0, 69.0, 17.0, 25.0, -6.0, 19.0, 24.0, 13.0, 35.0, -37.0, -77.0, ' -92.0]']",,,,,,
1740060511.72719,ble-pd-B43A31EF7B26,f606f1c6-1520-cd0e-57de-46051dcc15ad,6184,21,-70.0,-74.0,-72.0,-66.0,-65.0,,-68.0,2.836802388945713,-1.485790754802603,0.2811065067538968,-1.5356848115091284,2.8508352785171214,,-1.8187080347219289,0.3105454889177962,0.2931667649083752,0.4382276514568781,0.2050746058574364,1.261887016480095,,1.2283040370521037,-3.395971775054932,6.915557861328125,1.434770107269287,-3.54,6.84,1.96,"['[-14.0', 16.0, 25.0, 0.0, -25.0, -17.0, 13.0, 29.0, -25.0, 74.0, -65.0, 51.0, -44.0, 50.0, -100.0, 84.0, -12.0, 2.0, -14.0, 42.0, 5.0, 28.0, -60.0, 70.0, 1.0, -2.0, -5.0, 28.0, -1.0, -7.0, -19.0, 37.0, 17.0, -74.0, 8.0, 6.0, -9.0, -53.0, -32.0, 16.0, 28.0, -27.0, 73.0, -65.0, 51.0, -45.0, 49.0, -102.0, 87.0, -14.0, 3.0, -15.0, 43.0, 6.0, 30.0, -60.0, 70.0, 1.0, -3.0, -5.0, 29.0, -2.0, -7.0, -18.0, 37.0, 17.0, -75.0, 8.0, 7.0, -9.0, -52.0, -33.0, 16.0, 28.0, -27.0, 73.0, -64.0, 52.0, -45.0, 48.0, -102.0, ' 84.0]']","['[22.0', 21.0, -7.0, -26.0, -9.0, 21.0, 23.0, -7.0, -94.0, -81.0, 21.0, 72.0, -26.0, -36.0, 75.0, 34.0, -57.0, -89.0, -3.0, 44.0, -3.0, -97.0, 59.0, -30.0, -27.0, -58.0, 12.0, 27.0, -13.0, -103.0, 24.0, -11.0, -23.0, -74.0, -13.0, 0.0, -2.0, -87.0, -15.0, 6.0, -6.0, -94.0, -80.0, 22.0, 72.0, -24.0, -38.0, 75.0, 29.0, -56.0, -88.0, -3.0, 44.0, -2.0, -97.0, 59.0, -31.0, -27.0, -58.0, 12.0, 27.0, -13.0, -103.0, 25.0, -12.0, -22.0, -73.0, -14.0, 0.0, -2.0, -87.0, -13.0, 5.0, -7.0, -94.0, -81.0, 24.0, 72.0, -24.0, -39.0, 74.0, ' 32.0]']","['[-11.0', -24.0, ' 4.0', 26.0, 2.0, -25.0, -9.0, 22.0, -9.0, 9.0, 17.0, -7.0, 35.0, -4.0, -17.0, -2.0, -18.0, 16.0, -7.0, -7.0, 6.0, -7.0, 20.0, 1.0, 50.0, 7.0, 40.0, 9.0, 44.0, 17.0, 43.0, 0.0, 27.0, 18.0, 85.0, 8.0, 116.0, 27.0, 24.0, -14.0, 27.0, -12.0, 1.0, 0.0, -9.0, 27.0, -8.0, -21.0, -4.0, -27.0, 6.0, -14.0, -12.0, 2.0, -9.0, 19.0, 9.0, 41.0, 7.0, 29.0, 3.0, 31.0, 10.0, 41.0, 2.0, 27.0, 22.0, 63.0, 9.0, 104.0, 29.0, 34.0, -6.0, 27.0, -14.0, -5.0, -16.0, -7.0, 14.0, -9.0, -24.0, ' -5.0]']","['[-23.0', ' 8.0', ' 25.0', -2.0, -26.0, -6.0, 24.0, 13.0, -10.0, -27.0, -66.0, 0.0, -36.0, -10.0, -18.0, -8.0, -36.0, -41.0, -34.0, -22.0, -15.0, -8.0, -4.0, 31.0, -31.0, 3.0, -45.0, -24.0, -48.0, -22.0, -2.0, 8.0, 8.0, 17.0, -80.0, 8.0, -38.0, 14.0, 43.0, 28.0, 7.0, -9.0, -28.0, -69.0, 2.0, -43.0, -8.0, -15.0, -8.0, -30.0, -45.0, -32.0, -19.0, -16.0, -5.0, -10.0, 31.0, -42.0, 0.0, -52.0, -26.0, -58.0, -26.0, -13.0, 8.0, 1.0, 11.0, -97.0, 6.0, -65.0, 8.0, 36.0, 31.0, 0.0, -5.0, -28.0, -68.0, 5.0, -49.0, -6.0, -9.0, ' -3.0]']","['[-24.0', ' 4.0', ' 25.0', 10.0, -21.0, -21.0, 9.0, 29.0, -34.0, -42.0, -26.0, -20.0, 6.0, 53.0, 21.0, 91.0, -40.0, 51.0, -30.0, 64.0, -18.0, 35.0, 1.0, -38.0, 15.0, 12.0, -14.0, -39.0, -10.0, -53.0, 5.0, -51.0, -9.0, -80.0, 33.0, -84.0, 31.0, -70.0, 19.0, -39.0, -15.0, 70.0, -62.0, 38.0, -23.0, 19.0, -23.0, -27.0, -2.0, 11.0, -50.0, 18.0, -17.0, 10.0, 11.0, 13.0, 70.0, -16.0, 35.0, 3.0, 81.0, 15.0, 101.0, 3.0, 57.0, 0.0, 34.0, -25.0, 47.0, -38.0, 22.0, -23.0, -6.0, -10.0, -50.0, 119.0, -21.0, 51.0, -31.0, -25.0, 13.0, ' -89.0]']","['[11.0', ' 26.0', ' 3.0', -24.0, -16.0, 15.0, 25.0, -1.0, -61.0, 111.0, -27.0, 48.0, -31.0, -9.0, 17.0, -68.0, 17.0, 23.0, 0.0, -30.0, 1.0, -41.0, -19.0, -59.0, 8.0, -56.0, 7.0, -72.0, -12.0, -86.0, -8.0, -31.0, 6.0, 16.0, 6.0, 6.0, 25.0, 25.0, 14.0, 39.0, 24.0, 12.0, -103.0, -4.0, -45.0, 24.0, 49.0, 5.0, 114.0, -42.0, 24.0, -25.0, 68.0, -16.0, 53.0, 12.0, 5.0, 6.0, 44.0, -15.0, 12.0, -2.0, 10.0, 8.0, -20.0, -10.0, -76.0, 22.0, -69.0, 9.0, -70.0, 6.0, -54.0, -26.0, 49.0, 13.0, 31.0, 8.0, 1.0, -48.0, -24.0, ' -72.0]']","['[39.0', ' 31.0', -16.0, -44.0, -14.0, 33.0, 38.0, -6.0, -39.0, -6.0, -16.0, 28.0, 16.0, 15.0, 11.0, 3.0, 33.0, -7.0, 10.0, 8.0, -59.0, -2.0, 8.0, 49.0, -49.0, 21.0, 59.0, 43.0, 18.0, -34.0, -11.0, -78.0, -36.0, -46.0, -76.0, 10.0, 5.0, 44.0, 68.0, 14.0, 38.0, 12.0, 4.0, 28.0, -21.0, 9.0, -34.0, -40.0, -56.0, -9.0, -30.0, -44.0, -2.0, 27.0, 16.0, 4.0, 24.0, 69.0, -2.0, -12.0, -22.0, -48.0, -3.0, -9.0, 70.0, -67.0, 49.0, 69.0, 45.0, 45.0, -46.0, -21.0, -70.0, -42.0, 26.0, 1.0, -17.0, -1.0, -28.0, 27.0, 38.0, ' 64.0]']","['[18.0', -29.0, -40.0, 0.0, 41.0, 28.0, -19.0, -44.0, 17.0, 0.0, -22.0, 5.0, -24.0, 32.0, 41.0, 67.0, -13.0, 43.0, 47.0, -4.0, 14.0, -19.0, -12.0, -66.0, -48.0, -13.0, -28.0, -3.0, 46.0, 30.0, 21.0, -28.0, 113.0, -24.0, -28.0, -66.0, -62.0, 24.0, -26.0, 77.0, 22.0, -42.0, -5.0, 2.0, 18.0, 29.0, -8.0, -15.0, -38.0, 34.0, -32.0, -19.0, 9.0, -56.0, 10.0, 14.0, 79.0, -6.0, 24.0, 64.0, 36.0, -12.0, -46.0, -22.0, -43.0, -98.0, -20.0, -42.0, 48.0, 42.0, 19.0, 69.0, -35.0, 16.0, 36.0, 5.0, 21.0, -28.0, -10.0, -22.0, -20.0, ' -18.0]']",,,,,,
1740060512.727368,ble-pd-B43A31EF7B26,ffabda45-7659-35ba-5446-ca7d49ee5415,6185,16,-70.0,-75.0,-70.0,-70.0,-56.0,-48.0,-65.0,2.765267218905094,-1.4361407768099832,0.3560012545096503,-1.5424664180669607,-1.0262816693655656,2.4062429567178154,-2.767855231131532,0.1762120482667279,0.2307128743163861,0.5109735278185602,0.1359982575498825,1.2427014580601747,0.7956513840773494,1.1797083752729811,-3.4016454219818115,6.916013717651367,1.4798659086227417,-3.54,6.84,1.96,"['[11.0', -21.0, -24.0, 5.0, 29.0, 13.0, -19.0, -25.0, 104.0, 35.0, 0.0, -48.0, 44.0, -7.0, -40.0, -43.0, 73.0, 35.0, 13.0, -52.0, -5.0, 79.0, -53.0, 8.0, 37.0, 3.0, 7.0, -70.0, 8.0, 98.0, -21.0, 9.0, 35.0, 88.0, 2.0, -37.0, 11.0, 101.0, -15.0, -19.0, -25.0, 107.0, 42.0, -8.0, -46.0, 41.0, -1.0, -50.0, -40.0, 75.0, 37.0, 14.0, -54.0, -2.0, 85.0, -57.0, 11.0, 37.0, 8.0, 7.0, -72.0, 11.0, 100.0, -23.0, 13.0, 38.0, 90.0, 2.0, -37.0, 12.0, 101.0, -18.0, -19.0, -23.0, 109.0, 48.0, -13.0, -45.0, 38.0, 5.0, -58.0, ' -37.0]']","['[-26.0', -18.0, 15.0, 28.0, 4.0, -25.0, -21.0, 15.0, 30.0, 70.0, -70.0, 19.0, -32.0, 96.0, -123.0, 44.0, 16.0, 28.0, 1.0, -14.0, 31.0, 73.0, -68.0, 49.0, 15.0, 64.0, 0.0, -13.0, 29.0, 28.0, -36.0, 32.0, 31.0, 18.0, 2.0, -8.0, 2.0, -17.0, -37.0, 3.0, 16.0, 23.0, 65.0, -68.0, 23.0, -36.0, 96.0, -120.0, 48.0, 10.0, 24.0, 0.0, -11.0, 31.0, 67.0, -65.0, 49.0, 10.0, 63.0, 0.0, -5.0, 28.0, 23.0, -36.0, 29.0, 27.0, 12.0, 2.0, -4.0, 0.0, -22.0, -36.0, 6.0, 19.0, 12.0, 61.0, -68.0, 25.0, -39.0, 96.0, -115.0, ' 50.0]']","['[13.0', -19.0, ' -17.0', 15.0, 21.0, -7.0, -22.0, 0.0, 23.0, 27.0, 66.0, -12.0, 51.0, 10.0, 16.0, 12.0, 32.0, 18.0, 38.0, 9.0, 25.0, 11.0, 11.0, 3.0, 54.0, 3.0, 47.0, 27.0, 35.0, 26.0, 6.0, 5.0, -10.0, -11.0, 101.0, -16.0, 71.0, -10.0, -41.0, -32.0, 8.0, 18.0, 34.0, 62.0, -9.0, 50.0, 7.0, 8.0, 2.0, 26.0, 20.0, 31.0, 5.0, 32.0, 11.0, 23.0, 6.0, 62.0, 0.0, 52.0, 26.0, 41.0, 27.0, 12.0, 11.0, 2.0, -2.0, 106.0, -13.0, 94.0, -3.0, -31.0, -24.0, 13.0, 11.0, 42.0, 55.0, -5.0, 44.0, 3.0, 0.0, ' -11.0]']","['[-19.0', ' -14.0', ' 17.0', 18.0, -10.0, -22.0, 4.0, 24.0, -17.0, 37.0, -11.0, 11.0, -1.0, -14.0, -28.0, -36.0, -16.0, 10.0, -12.0, -12.0, 27.0, 0.0, 43.0, 10.0, 44.0, -8.0, 28.0, -5.0, 23.0, 12.0, 18.0, 23.0, 50.0, 34.0, 47.0, 9.0, 95.0, 24.0, 44.0, 19.0, 24.0, -21.0, 31.0, -28.0, 14.0, -14.0, -15.0, -29.0, -38.0, -25.0, 6.0, -21.0, -14.0, 22.0, -2.0, 40.0, 8.0, 29.0, -9.0, 16.0, -11.0, 13.0, 6.0, 17.0, 21.0, 51.0, 38.0, 23.0, 14.0, 74.0, 26.0, 53.0, 28.0, 19.0, -27.0, 19.0, -42.0, 16.0, -25.0, -17.0, -30.0, ' -38.0]']","['[-10.0', ' -29.0', ' -2.0', 27.0, 18.0, -17.0, -27.0, 3.0, 40.0, -98.0, 3.0, -56.0, 0.0, -9.0, -9.0, 22.0, -15.0, -22.0, -2.0, 17.0, -10.0, 38.0, 24.0, 57.0, -17.0, 32.0, -9.0, 61.0, 4.0, 88.0, -2.0, 64.0, -9.0, -8.0, -8.0, 7.0, -5.0, -33.0, -6.0, -76.0, -27.0, 6.0, 89.0, 15.0, 56.0, 16.0, -43.0, -9.0, -108.0, 40.0, -26.0, 19.0, -60.0, 13.0, -52.0, -9.0, -21.0, -2.0, -16.0, 10.0, -7.0, 0.0, -7.0, 3.0, 3.0, 11.0, 38.0, 1.0, 42.0, -6.0, 51.0, 1.0, 78.0, 29.0, -48.0, -5.0, -23.0, -6.0, -18.0, 63.0, 19.0, ' 102.0]']","['[-27.0', ' 3.0', ' 30.0', 11.0, -22.0, -24.0, 10.0, 30.0, -36.0, -40.0, -23.0, -26.0, -19.0, 63.0, 16.0, 116.0, -38.0, 48.0, -23.0, 62.0, -9.0, 36.0, -5.0, -13.0, 15.0, 0.0, -6.0, -33.0, -2.0, -55.0, 0.0, -50.0, -6.0, -40.0, 4.0, -57.0, 11.0, -38.0, 3.0, -42.0, -14.0, 55.0, -59.0, 15.0, -28.0, 11.0, -46.0, -16.0, -48.0, 11.0, -46.0, 12.0, -22.0, -1.0, 11.0, 22.0, 54.0, -23.0, 26.0, -4.0, 68.0, 5.0, 103.0, -2.0, 83.0, -4.0, 16.0, -9.0, 37.0, -10.0, -4.0, -7.0, -39.0, -15.0, -28.0, 107.0, 2.0, 62.0, 7.0, -9.0, 1.0, ' -59.0]']","['[-18.0', ' -22.0', 1.0, 23.0, 15.0, -12.0, -24.0, -6.0, 40.0, 7.0, 30.0, -28.0, -12.0, -51.0, -24.0, -31.0, -20.0, -21.0, -8.0, 15.0, 48.0, 0.0, 4.0, -27.0, 56.0, -12.0, -30.0, -32.0, -54.0, 27.0, 5.0, 83.0, -32.0, 42.0, 78.0, 20.0, 6.0, -34.0, -73.0, -31.0, -20.0, -20.0, 1.0, -42.0, -5.0, -31.0, 42.0, 50.0, 64.0, 2.0, 25.0, 32.0, -9.0, -2.0, -41.0, -15.0, -52.0, -35.0, -27.0, -20.0, 19.0, 66.0, 4.0, 36.0, -36.0, 113.0, -16.0, -34.0, -41.0, -57.0, 24.0, 3.0, 84.0, 25.0, -20.0, -10.0, 15.0, 32.0, 48.0, 3.0, -32.0, ' -40.0]']","['[-18.0', 10.0, 25.0, 7.0, -19.0, -21.0, 4.0, 25.0, -4.0, -6.0, 29.0, 23.0, 47.0, -16.0, -45.0, -55.0, 11.0, -16.0, -34.0, 1.0, -27.0, 49.0, 15.0, 79.0, 5.0, 39.0, 43.0, 0.0, -42.0, -23.0, -47.0, -11.0, -114.0, -8.0, -11.0, 37.0, 66.0, -3.0, 46.0, -80.0, -17.0, 36.0, 11.0, 8.0, -36.0, -36.0, -33.0, 2.0, 4.0, -23.0, -8.0, 11.0, 12.0, 55.0, -26.0, -4.0, -65.0, 44.0, -31.0, -49.0, -27.0, -22.0, 36.0, 30.0, 76.0, 37.0, 39.0, 72.0, -3.0, -33.0, -26.0, -86.0, 14.0, -6.0, -37.0, -5.0, -40.0, 16.0, -5.0, 54.0, 39.0, ' 48.0]']",,,,,,
1740060513.728166,ble-pd-B43A31EF7B26,d6ad4c03-7974-82b4-1b85-93ac03ff52c0,6186,1,-67.0,-71.0,-81.0,-65.0,-57.0,,-58.0,2.74402371552175,-1.508801931359487,0.2648303314357686,-1.541563872773533,-0.9389175032543076,,-1.110343087114792,0.1454513226090653,0.2888451202494491,0.4102052379663055,0.1912298633250369,0.9025114293765444,,1.059469518276471,-3.4004313945770264,6.926690101623535,1.52933144569397,-3.54,6.84,1.96,"['[-14.0', -30.0, -3.0, 28.0, 22.0, -13.0, -30.0, -7.0, -21.0, 113.0, -67.0, 3.0, -33.0, 84.0, -59.0, 53.0, -30.0, 69.0, -20.0, -9.0, 10.0, 20.0, -55.0, -12.0, -15.0, 92.0, -29.0, 19.0, -5.0, 58.0, -78.0, -4.0, -30.0, 16.0, -5.0, -38.0, 4.0, -6.0, -12.0, 2.0, 4.0, -20.0, 90.0, -55.0, 13.0, -33.0, 52.0, -49.0, 47.0, -35.0, 55.0, -30.0, 3.0, 2.0, -4.0, -59.0, -8.0, -22.0, 69.0, -35.0, 23.0, -11.0, 38.0, -75.0, 7.0, -53.0, -9.0, -16.0, -28.0, -5.0, -45.0, 4.0, 20.0, 14.0, -15.0, 57.0, -37.0, 21.0, -28.0, 16.0, -31.0, ' 36.0]']","['[-26.0', 5.0, 30.0, 12.0, -22.0, -27.0, 4.0, 29.0, -1.0, -36.0, 19.0, 27.0, -6.0, -74.0, 17.0, -5.0, -21.0, -22.0, -30.0, 32.0, -19.0, -66.0, -19.0, 6.0, -18.0, -49.0, -19.0, 15.0, -14.0, -45.0, -4.0, 32.0, -65.0, -62.0, -30.0, 25.0, -22.0, -106.0, 42.0, 44.0, 29.0, 7.0, -76.0, 44.0, 23.0, 7.0, -101.0, 35.0, -25.0, -9.0, -46.0, -20.0, 34.0, -22.0, -70.0, 2.0, 10.0, -12.0, -78.0, -6.0, 6.0, -11.0, -64.0, 22.0, 31.0, -49.0, -64.0, -24.0, 36.0, -22.0, -96.0, 44.0, 39.0, 26.0, 14.0, -106.0, 59.0, 17.0, 18.0, -112.0, 53.0, ' -39.0]']","['[-3.0', -44.0, ' -7.0', 40.0, 20.0, -37.0, -30.0, 26.0, -23.0, 91.0, 11.0, 52.0, 9.0, 0.0, -15.0, -62.0, 45.0, 15.0, 58.0, -7.0, 54.0, -32.0, 25.0, -65.0, 112.0, 11.0, 90.0, -5.0, 5.0, 32.0, -54.0, 34.0, 66.0, 22.0, 124.0, 42.0, 67.0, 39.0, 27.0, -10.0, 39.0, -49.0, 75.0, -17.0, 55.0, 0.0, -7.0, -19.0, -84.0, 20.0, 7.0, 40.0, -12.0, 59.0, -48.0, 37.0, -82.0, 97.0, 16.0, 91.0, -9.0, 24.0, 20.0, -47.0, 35.0, 69.0, 29.0, 118.0, 41.0, 75.0, 31.0, 25.0, -47.0, 42.0, -64.0, 50.0, -43.0, 48.0, -9.0, -11.0, -19.0, ' -98.0]']","['[-44.0', ' -3.0', ' 43.0', 15.0, -37.0, -24.0, 30.0, 35.0, -64.0, -23.0, -74.0, 17.0, -27.0, -17.0, -15.0, -74.0, -62.0, -17.0, -40.0, -12.0, 23.0, -51.0, 36.0, -56.0, -16.0, 16.0, 17.0, -16.0, 54.0, -27.0, 2.0, 10.0, 20.0, 23.0, 15.0, 8.0, 31.0, -9.0, -1.0, -92.0, 20.0, -50.0, -54.0, -73.0, -3.0, -29.0, -16.0, -8.0, -46.0, -77.0, -22.0, -58.0, -8.0, 1.0, -35.0, 23.0, -27.0, -60.0, 11.0, -14.0, -12.0, 49.0, -37.0, 26.0, -2.0, -3.0, 13.0, -37.0, -9.0, 1.0, -25.0, -13.0, -80.0, 3.0, -29.0, -78.0, -64.0, -23.0, -26.0, -13.0, 1.0, ' -9.0]']","['[7.0', ' 6.0', ' -3.0', -8.0, 0.0, 7.0, 5.0, -3.0, -16.0, 39.0, -7.0, 9.0, -9.0, 3.0, -8.0, -10.0, -12.0, 70.0, 0.0, 4.0, -2.0, -20.0, 14.0, -50.0, -20.0, 37.0, -23.0, -11.0, -32.0, -69.0, -10.0, -105.0, 7.0, -77.0, 28.0, -72.0, 3.0, -63.0, -13.0, 35.0, 10.0, 47.0, -93.0, 0.0, -50.0, 1.0, 24.0, -17.0, 69.0, 5.0, -53.0, 3.0, 9.0, -10.0, 58.0, -17.0, 91.0, -2.0, 68.0, -10.0, 36.0, 19.0, 9.0, 21.0, -17.0, -1.0, -1.0, 6.0, -44.0, -18.0, -35.0, -1.0, -78.0, -4.0, -17.0, 27.0, 7.0, 24.0, 6.0, -20.0, 22.0, ' -42.0]']","['[5.0', ' -5.0', ' -7.0', 0.0, 8.0, 3.0, -7.0, -7.0, -44.0, 84.0, 3.0, 49.0, 1.0, -28.0, 22.0, -72.0, 0.0, 29.0, -3.0, -12.0, 13.0, -54.0, 13.0, -78.0, 9.0, -88.0, 19.0, -35.0, -9.0, 15.0, -18.0, 62.0, 0.0, 30.0, -17.0, 73.0, 17.0, 61.0, 6.0, 70.0, -1.0, 0.0, 5.0, -8.0, -6.0, -9.0, 12.0, -17.0, 17.0, -11.0, 55.0, 1.0, 8.0, -7.0, 2.0, 9.0, -19.0, -23.0, 67.0, -28.0, 3.0, -26.0, -71.0, -3.0, -121.0, 7.0, -84.0, 32.0, -94.0, -2.0, -80.0, -14.0, 10.0, 10.0, 44.0, -90.0, 4.0, -44.0, 5.0, 18.0, -10.0, ' 58.0]']","['[22.0', ' -26.0', -42.0, -2.0, 41.0, 31.0, -18.0, -44.0, 60.0, 52.0, 25.0, -48.0, -25.0, 9.0, 32.0, 95.0, -16.0, 55.0, 53.0, 7.0, 83.0, -32.0, 17.0, -92.0, -25.0, -29.0, -94.0, 2.0, -8.0, 20.0, 36.0, -51.0, 68.0, -19.0, 5.0, -23.0, -99.0, 3.0, -73.0, -7.0, 5.0, -52.0, -58.0, -39.0, -15.0, -23.0, 61.0, 48.0, 26.0, 38.0, 3.0, 39.0, -22.0, -60.0, 4.0, -12.0, 62.0, -69.0, 34.0, 46.0, 48.0, 95.0, -47.0, 19.0, -45.0, -28.0, -11.0, -120.0, 26.0, -12.0, 13.0, 33.0, 14.0, 40.0, -33.0, -24.0, -5.0, 56.0, 37.0, -41.0, -56.0, ' -107.0]']","['[-39.0', -35.0, 14.0, 45.0, 18.0, -31.0, -40.0, 3.0, 37.0, 48.0, 33.0, 28.0, 31.0, -64.0, -59.0, -55.0, -34.0, -18.0, -54.0, 22.0, 39.0, 4.0, 8.0, -37.0, 77.0, -27.0, -23.0, -50.0, -96.0, 44.0, -30.0, 59.0, 9.0, 16.0, 122.0, -20.0, 36.0, -14.0, -17.0, -13.0, -44.0, 50.0, 41.0, 14.0, -54.0, -32.0, 24.0, 46.0, 106.0, -5.0, 58.0, 66.0, 1.0, 70.0, -33.0, 14.0, -78.0, -44.0, -21.0, -86.0, 14.0, 17.0, 9.0, 43.0, -64.0, 64.0, -22.0, -23.0, -16.0, -106.0, 6.0, -67.0, -5.0, 18.0, -63.0, -68.0, -42.0, 0.0, -15.0, 51.0, 35.0, ' -4.0]']",,,,,,
1740060514.728385,ble-pd-B43A31EF7B26,6c8a98b9-626f-fb2d-632e-1e69c8986a67,6187,12,-69.0,-77.0,-70.0,-67.0,,-48.0,,2.769060625561803,-1.4077247148207834,0.3043580335991607,-1.577109749633093,,2.4064869952385064,,0.1999965402251438,0.2434932012953514,0.3453918532275334,0.2095821058709364,,0.9488697612311978,,,,,-3.54,6.84,1.96,"['[-24.0', -21.0, 10.0, 28.0, 8.0, -24.0, -23.0, 8.0, -12.0, 89.0, -75.0, 26.0, -32.0, 116.0, -104.0, 30.0, -9.0, 40.0, -6.0, -10.0, 33.0, 55.0, -32.0, 20.0, 0.0, 58.0, 4.0, -1.0, 19.0, 2.0, -18.0, 9.0, 19.0, -2.0, 5.0, -11.0, 10.0, -19.0, -35.0, 20.0, 14.0, -24.0, 79.0, -73.0, 30.0, -34.0, 110.0, -95.0, 38.0, -17.0, 30.0, -8.0, -5.0, 31.0, 42.0, -24.0, 21.0, -6.0, 50.0, 0.0, 10.0, 16.0, -8.0, -17.0, 11.0, 13.0, -15.0, 3.0, -5.0, 9.0, -35.0, -30.0, 22.0, 18.0, -33.0, 70.0, -70.0, 34.0, -38.0, 103.0, -81.0, ' 44.0]']","['[-14.0', 18.0, 26.0, -1.0, -28.0, -16.0, 16.0, 26.0, -73.0, -50.0, 4.0, 31.0, -19.0, -25.0, 49.0, 50.0, -61.0, -61.0, -16.0, 40.0, -11.0, -108.0, 50.0, 0.0, -42.0, -40.0, -19.0, 62.0, -23.0, -90.0, 5.0, 10.0, -47.0, -78.0, -11.0, 30.0, -1.0, -94.0, 21.0, 16.0, 24.0, -71.0, -64.0, 15.0, 23.0, -16.0, -42.0, 64.0, 45.0, -60.0, -67.0, -15.0, 42.0, -14.0, -114.0, 54.0, -3.0, -41.0, -50.0, -19.0, 63.0, -26.0, -90.0, 9.0, 7.0, -50.0, -76.0, -12.0, 30.0, -3.0, -91.0, 26.0, 12.0, 21.0, -68.0, -73.0, 26.0, 21.0, -9.0, -61.0, 80.0, ' 39.0]']","['[19.0', 13.0, ' -16.0', -19.0, 11.0, 22.0, -5.0, -24.0, 23.0, -84.0, 1.0, -23.0, -13.0, 19.0, 40.0, 44.0, 29.0, -44.0, 6.0, 8.0, -23.0, 3.0, -41.0, 23.0, -90.0, 27.0, -71.0, 28.0, -25.0, -15.0, -23.0, 12.0, -89.0, -46.0, -59.0, -35.0, -89.0, -34.0, -61.0, -30.0, -21.0, 32.0, -68.0, 30.0, -25.0, 2.0, 24.0, 43.0, 43.0, 45.0, -34.0, 19.0, 10.0, -17.0, 12.0, -33.0, 23.0, -67.0, 15.0, -60.0, 38.0, -16.0, -3.0, -20.0, 18.0, -87.0, -45.0, -32.0, -41.0, -65.0, -38.0, -75.0, -24.0, -17.0, 36.0, -47.0, 50.0, -24.0, 20.0, 29.0, 44.0, ' 41.0]']","['[10.0', ' -18.0', ' -15.0', 13.0, 21.0, -7.0, -22.0, 2.0, 31.0, 47.0, 93.0, -6.0, 55.0, 23.0, 17.0, 8.0, 65.0, 22.0, 55.0, 5.0, 10.0, 29.0, 18.0, 2.0, 80.0, -38.0, 29.0, 35.0, 28.0, 40.0, 3.0, 18.0, 0.0, -4.0, 82.0, -22.0, 72.0, -21.0, -52.0, 20.0, 10.0, 22.0, 69.0, 89.0, 0.0, 57.0, 17.0, 5.0, -6.0, 53.0, 37.0, 51.0, 2.0, 17.0, 27.0, 30.0, -2.0, 98.0, -44.0, 49.0, 26.0, 35.0, 45.0, 10.0, 16.0, 26.0, 8.0, 96.0, -10.0, 95.0, -9.0, -36.0, 28.0, 17.0, 13.0, 84.0, 78.0, 7.0, 55.0, 8.0, -8.0, ' -21.0]']","['[15.0', ' -21.0', ' -26.0', 7.0, 29.0, 8.0, -25.0, -23.0, 15.0, -9.0, -1.0, -25.0, -5.0, -6.0, 8.0, -38.0, -14.0, -10.0, -7.0, -30.0, 13.0, -33.0, 7.0, -4.0, -8.0, -40.0, -4.0, 27.0, -4.0, 55.0, 2.0, 78.0, 3.0, 17.0, -11.0, 58.0, -18.0, 39.0, -32.0, -21.0, -5.0, -3.0, 65.0, 9.0, 49.0, 9.0, -29.0, -22.0, -78.0, 22.0, 18.0, 21.0, -16.0, -3.0, 14.0, -2.0, -1.0, -13.0, 39.0, -12.0, -29.0, 4.0, -57.0, -5.0, -72.0, -3.0, -31.0, 12.0, -15.0, -4.0, -15.0, 15.0, 48.0, 28.0, -13.0, -62.0, -9.0, -25.0, -4.0, 35.0, 16.0, ' 121.0]']","['[-26.0', ' -21.0', ' 15.0', 29.0, 1.0, -29.0, -16.0, 19.0, -7.0, -71.0, -10.0, -41.0, -8.0, 36.0, 23.0, 114.0, -18.0, -13.0, -20.0, 38.0, -3.0, 4.0, -1.0, 3.0, 20.0, -21.0, 18.0, 17.0, -2.0, 33.0, 6.0, 35.0, 2.0, 26.0, -7.0, -15.0, 15.0, -3.0, 0.0, -42.0, -29.0, 17.0, 32.0, 3.0, -1.0, 0.0, -27.0, -4.0, -94.0, -4.0, -2.0, 4.0, -44.0, 10.0, -31.0, 8.0, -6.0, -16.0, -24.0, -14.0, 15.0, -2.0, 29.0, -1.0, 46.0, 3.0, 1.0, -5.0, 57.0, -23.0, 35.0, -28.0, 3.0, 10.0, -10.0, 38.0, 5.0, 41.0, 8.0, -10.0, -17.0, ' -18.0]']","['[-39.0', ' -27.0', 20.0, 41.0, 9.0, -34.0, -34.0, 12.0, 28.0, 6.0, 67.0, 47.0, 44.0, -18.0, -52.0, -28.0, -5.0, -41.0, -40.0, 11.0, 0.0, 16.0, 44.0, 23.0, 5.0, -1.0, -3.0, 1.0, -83.0, -54.0, -44.0, -29.0, -95.0, -52.0, 33.0, 34.0, 71.0, -12.0, 35.0, -45.0, -39.0, 57.0, 25.0, -17.0, -40.0, -47.0, 6.0, 11.0, 53.0, 3.0, 31.0, 42.0, 22.0, 77.0, -4.0, -17.0, -42.0, 16.0, -7.0, -53.0, -33.0, 16.0, 20.0, 44.0, 22.0, 10.0, 48.0, 24.0, 13.0, -71.0, -43.0, -116.0, -28.0, 25.0, -85.0, -31.0, -49.0, -8.0, 0.0, 12.0, 43.0, ' -23.0]']","['[-14.0', 31.0, 37.0, -6.0, -41.0, -22.0, 23.0, 40.0, -80.0, -33.0, -14.0, 21.0, 28.0, 1.0, 17.0, -45.0, 0.0, -14.0, -25.0, -32.0, -89.0, -4.0, -4.0, 36.0, -22.0, 9.0, 62.0, 37.0, 28.0, 6.0, -23.0, -8.0, 42.0, -25.0, -49.0, -32.0, 41.0, 55.0, 114.0, 60.0, -7.0, 63.0, 20.0, 66.0, 32.0, 23.0, -17.0, -53.0, -2.0, -4.0, -29.0, -21.0, 26.0, 41.0, 15.0, 42.0, 3.0, 16.0, -5.0, -33.0, -16.0, -86.0, -50.0, -26.0, -22.0, -104.0, -33.0, 55.0, 46.0, 44.0, -36.0, -22.0, -69.0, -32.0, 15.0, 11.0, -48.0, -51.0, -53.0, 14.0, 34.0, ' 47.0]']",,,,,,
1740060515.727951,ble-pd-B43A31EF7B26,d7595dc6-d0f0-bbe6-b096-2b428f2bdb4d,6188,20,-71.0,-74.0,-73.0,-70.0,-62.0,,-65.0,2.75558289991713,-1.3887611436466558,0.3458183917656233,-1.5749548528370554,-0.8131476063535975,,-0.3446007174729563,0.2146732376373273,0.2885810678273678,0.4882944141600953,0.1788508913671034,0.5230674580037933,,0.7725621324787486,-3.397883176803589,6.938084602355957,1.560114502906799,-3.54,6.84,1.96,"['[18.0', 15.0, -8.0, -21.0, -4.0, 18.0, 16.0, -9.0, -69.0, -89.0, 35.0, 42.0, -4.0, -48.0, 98.0, 0.0, -41.0, -76.0, -1.0, 21.0, -4.0, -92.0, 73.0, -44.0, -25.0, -50.0, 11.0, 13.0, -10.0, -89.0, 23.0, -18.0, -24.0, -44.0, -17.0, 1.0, 0.0, -54.0, 2.0, 1.0, -10.0, -68.0, -89.0, 36.0, 40.0, -3.0, -49.0, 101.0, -2.0, -42.0, -76.0, 0.0, 20.0, -4.0, -92.0, 72.0, -46.0, -24.0, -49.0, 12.0, 12.0, -10.0, -88.0, 24.0, -19.0, -23.0, -42.0, -17.0, 0.0, 0.0, -55.0, 3.0, 1.0, -11.0, -68.0, -89.0, 37.0, 38.0, -3.0, -50.0, 106.0, ' -4.0]']","['[9.0', -14.0, -19.0, 3.0, 21.0, 11.0, -13.0, -21.0, 54.0, -32.0, 49.0, -62.0, 41.0, -32.0, 71.0, -74.0, 27.0, 21.0, 17.0, -46.0, -6.0, 1.0, 31.0, -41.0, 1.0, 19.0, 0.0, -30.0, 9.0, 33.0, 9.0, -22.0, -9.0, 82.0, 7.0, -7.0, 9.0, 76.0, 37.0, -14.0, -21.0, 57.0, -34.0, 48.0, -63.0, 41.0, -30.0, 68.0, -75.0, 28.0, 24.0, 17.0, -46.0, -6.0, 5.0, 31.0, -41.0, 2.0, 21.0, 0.0, -30.0, 9.0, 35.0, 8.0, -22.0, -7.0, 83.0, 7.0, -6.0, 8.0, 75.0, 36.0, -14.0, -20.0, 57.0, -33.0, 48.0, -64.0, 42.0, -30.0, 62.0, ' -74.0]']","['[28.0', 0.0, ' -27.0', -7.0, 27.0, 15.0, -21.0, -21.0, 16.0, 12.0, 51.0, 1.0, 22.0, 16.0, 33.0, 23.0, 48.0, 24.0, 37.0, 22.0, 2.0, 6.0, -9.0, -28.0, -1.0, 2.0, 13.0, 22.0, 15.0, 10.0, -17.0, -5.0, -24.0, -23.0, 27.0, -14.0, -21.0, -25.0, -46.0, -19.0, -17.0, 16.0, 16.0, 65.0, 0.0, 34.0, 17.0, 30.0, 22.0, 46.0, 32.0, 40.0, 21.0, 7.0, 5.0, -6.0, -33.0, 17.0, 2.0, 30.0, 28.0, 31.0, 17.0, -7.0, -3.0, -18.0, -22.0, 53.0, -13.0, 7.0, -21.0, -45.0, -25.0, -9.0, 15.0, 21.0, 72.0, -2.0, 45.0, 17.0, 25.0, ' 19.0]']","['[-3.0', ' -29.0', ' -5.0', 27.0, 12.0, -24.0, -17.0, 19.0, 0.0, 23.0, 54.0, -6.0, 52.0, 6.0, -4.0, 3.0, 0.0, 30.0, 15.0, -1.0, 16.0, -4.0, 19.0, -14.0, 69.0, 2.0, 62.0, 25.0, 59.0, 30.0, 35.0, 3.0, 24.0, 12.0, 120.0, 3.0, 121.0, 10.0, -4.0, -27.0, 25.0, -3.0, 19.0, 39.0, -6.0, 44.0, 2.0, -12.0, -3.0, -10.0, 22.0, 5.0, -7.0, 15.0, -6.0, 22.0, -9.0, 67.0, 3.0, 54.0, 20.0, 53.0, 27.0, 39.0, 5.0, 29.0, 17.0, 110.0, 8.0, 123.0, 16.0, 6.0, -22.0, 27.0, -8.0, 14.0, 23.0, -6.0, 34.0, -1.0, -20.0, ' -8.0]']","['[16.0', ' -10.0', ' -23.0', 0.0, 22.0, 13.0, -15.0, -23.0, 38.0, 42.0, 24.0, 18.0, 8.0, -57.0, -15.0, -99.0, 37.0, -52.0, 25.0, -61.0, 14.0, -39.0, -1.0, 38.0, -14.0, -6.0, 15.0, 44.0, 14.0, 56.0, 6.0, 43.0, 12.0, 67.0, -13.0, 75.0, -22.0, 65.0, -10.0, 40.0, 4.0, -69.0, 61.0, -31.0, 29.0, -27.0, 31.0, 13.0, 14.0, -7.0, 50.0, -18.0, 9.0, -6.0, -11.0, -17.0, -69.0, 17.0, -38.0, -6.0, -77.0, -20.0, -105.0, -14.0, -53.0, -5.0, -27.0, 10.0, -42.0, 30.0, -14.0, 25.0, 14.0, 17.0, 47.0, -118.0, 15.0, -53.0, 26.0, 18.0, 0.0, ' 80.0]']","['[-16.0', ' -21.0', ' 4.0', 23.0, 8.0, -19.0, -18.0, 10.0, 57.0, -111.0, 22.0, -48.0, 28.0, 3.0, -5.0, 54.0, -21.0, -22.0, 4.0, 36.0, -3.0, 44.0, 21.0, 57.0, -10.0, 51.0, -3.0, 63.0, 14.0, 89.0, 10.0, 34.0, -1.0, -20.0, -2.0, -3.0, -21.0, -30.0, -24.0, -49.0, -26.0, -2.0, 101.0, 4.0, 43.0, -12.0, -49.0, -9.0, -112.0, 43.0, -28.0, 17.0, -70.0, 14.0, -58.0, -14.0, -2.0, -4.0, -35.0, 14.0, -4.0, 1.0, -11.0, -1.0, 13.0, 10.0, 65.0, -7.0, 62.0, -5.0, 70.0, 6.0, 62.0, 20.0, -52.0, -12.0, -30.0, -5.0, -13.0, 54.0, 16.0, ' 80.0]']","['[-6.0', ' -26.0', -11.0, 18.0, 24.0, 0.0, -25.0, -18.0, 39.0, 5.0, -12.0, -33.0, -37.0, 0.0, 5.0, 26.0, -24.0, 15.0, 20.0, -2.0, 53.0, -13.0, -29.0, -64.0, 19.0, -29.0, -61.0, -29.0, 19.0, 36.0, 32.0, 61.0, 80.0, 35.0, 38.0, -21.0, -47.0, -34.0, -63.0, 13.0, -6.0, -33.0, -2.0, -21.0, 27.0, 15.0, 34.0, 34.0, 23.0, 18.0, 23.0, 11.0, -9.0, -55.0, -3.0, 8.0, 6.0, -57.0, 14.0, 41.0, 28.0, 36.0, -9.0, -14.0, -76.0, 23.0, -49.0, -77.0, -30.0, 6.0, 46.0, 59.0, 55.0, 25.0, 2.0, -3.0, 38.0, -1.0, 18.0, -41.0, -47.0, ' -52.0]']","['[-26.0', -3.0, 23.0, 19.0, -10.0, -26.0, -8.0, 20.0, 12.0, 0.0, 35.0, -10.0, 9.0, -42.0, -46.0, -49.0, -3.0, -40.0, -30.0, 14.0, 29.0, 14.0, 11.0, 44.0, 57.0, 3.0, -6.0, -12.0, -58.0, -14.0, -5.0, 49.0, -88.0, 34.0, 68.0, 57.0, 30.0, -31.0, -27.0, -82.0, -27.0, 25.0, 5.0, -32.0, -19.0, -35.0, 25.0, 33.0, 50.0, -17.0, 37.0, 35.0, -10.0, 26.0, -19.0, -30.0, -77.0, -19.0, -26.0, -44.0, -15.0, 49.0, 37.0, 29.0, 20.0, 117.0, 7.0, -11.0, -53.0, -56.0, -9.0, -33.0, 60.0, 11.0, -42.0, -5.0, 1.0, 34.0, 34.0, 11.0, 7.0, ' -13.0]']",,,,,,
1740060516.728414,ble-pd-B43A31EF7B26,ead0b520-ea8c-7654-72ea-82e1f00c942e,6189,15,-71.0,-74.0,-73.0,-69.0,,,,2.784764221245564,-1.3402669775671303,0.3905411222674329,-1.5523414193889744,,,,0.2471751380156836,0.3127487886666461,0.4386905088543338,0.1846445483843003,,,,-3.40069031715393,6.941264629364014,1.5986874103546145,-3.54,6.84,1.96,"['[9.0', 25.0, 7.0, -20.0, -19.0, 7.0, 25.0, 6.0, -85.0, -63.0, 39.0, 32.0, -10.0, -45.0, 97.0, 18.0, -64.0, -42.0, -4.0, 43.0, -11.0, -97.0, 79.0, -23.0, -40.0, -38.0, 0.0, 54.0, -19.0, -79.0, 33.0, -9.0, -44.0, -62.0, 1.0, 25.0, -3.0, -56.0, 35.0, 13.0, 3.0, -81.0, -65.0, 45.0, 25.0, -4.0, -51.0, 104.0, 12.0, -59.0, -42.0, -2.0, 40.0, -14.0, -98.0, 81.0, -26.0, -37.0, -42.0, 0.0, 50.0, -20.0, -74.0, 35.0, -10.0, -44.0, -56.0, 1.0, 22.0, -2.0, -49.0, 36.0, 11.0, 0.0, -73.0, -69.0, 50.0, 17.0, 0.0, -60.0, 113.0, ' 4.0]']","['[22.0', -1.0, -24.0, -14.0, 14.0, 23.0, 0.0, -25.0, 41.0, -37.0, 54.0, -43.0, 42.0, -73.0, 68.0, -54.0, 28.0, 0.0, 8.0, -19.0, -27.0, -9.0, 19.0, -28.0, 10.0, -34.0, 0.0, -30.0, -11.0, 37.0, 14.0, -15.0, -5.0, 47.0, -1.0, -13.0, 1.0, 61.0, 22.0, -21.0, -25.0, 48.0, -30.0, 50.0, -46.0, 42.0, -68.0, 56.0, -56.0, 37.0, 5.0, 8.0, -24.0, -25.0, 4.0, 9.0, -25.0, 18.0, -29.0, 0.0, -36.0, -9.0, 47.0, 10.0, -14.0, 0.0, 54.0, -1.0, -17.0, 1.0, 68.0, 19.0, -24.0, -25.0, 59.0, -21.0, 43.0, -51.0, 43.0, -60.0, 38.0, ' -57.0]']","['[26.0', 0.0, ' -26.0', -6.0, 24.0, 14.0, -20.0, -19.0, 31.0, -26.0, 54.0, -10.0, 27.0, 25.0, 32.0, 33.0, 43.0, -3.0, 37.0, 19.0, -2.0, 7.0, -26.0, 3.0, -8.0, 21.0, -3.0, 34.0, 0.0, 8.0, -17.0, 2.0, -54.0, -33.0, 30.0, -28.0, -23.0, -28.0, -61.0, -33.0, -14.0, 32.0, -14.0, 67.0, -10.0, 38.0, 26.0, 27.0, 24.0, 47.0, 1.0, 43.0, 16.0, 7.0, 11.0, -13.0, 2.0, 19.0, 13.0, 13.0, 40.0, 13.0, 18.0, -13.0, 10.0, -43.0, -27.0, 60.0, -29.0, 11.0, -26.0, -65.0, -34.0, -7.0, 31.0, 3.0, 74.0, -9.0, 45.0, 24.0, 19.0, ' 11.0]']","['[-3.0', ' -26.0', ' -3.0', 26.0, 11.0, -21.0, -16.0, 18.0, 8.0, 47.0, 53.0, -3.0, 39.0, 4.0, -10.0, -23.0, 16.0, 16.0, 27.0, -1.0, 38.0, 9.0, 41.0, -4.0, 85.0, -23.0, 57.0, 25.0, 42.0, 36.0, 12.0, 24.0, 34.0, 21.0, 116.0, -4.0, 121.0, 4.0, -20.0, -2.0, 24.0, -1.0, 53.0, 35.0, 0.0, 29.0, 0.0, -19.0, -31.0, 3.0, 16.0, 15.0, -8.0, 38.0, 6.0, 47.0, -4.0, 85.0, -28.0, 55.0, 15.0, 40.0, 32.0, 16.0, 22.0, 48.0, 31.0, 104.0, 3.0, 123.0, 13.0, 0.0, 6.0, 27.0, -10.0, 55.0, 16.0, 3.0, 18.0, -8.0, -28.0, ' -40.0]']","['[4.0', ' 20.0', ' 5.0', -17.0, -15.0, 7.0, 19.0, 1.0, -36.0, 62.0, -5.0, 40.0, 0.0, 9.0, 6.0, 1.0, 10.0, 20.0, 0.0, -8.0, 3.0, -28.0, -14.0, -51.0, 17.0, -9.0, 8.0, -52.0, -5.0, -79.0, 7.0, -69.0, 2.0, -4.0, 16.0, -26.0, 13.0, 9.0, 17.0, 61.0, 18.0, 5.0, -80.0, -12.0, -45.0, -15.0, 45.0, 3.0, 97.0, -33.0, 10.0, -19.0, 49.0, -7.0, 40.0, 2.0, 26.0, 3.0, 1.0, -7.0, 12.0, 0.0, 18.0, -4.0, 12.0, 0.0, -14.0, -13.0, -23.0, -5.0, -27.0, -10.0, -71.0, -20.0, 32.0, 24.0, 19.0, 7.0, 15.0, -59.0, -8.0, ' -111.0]']","['[20.0', ' 0.0', ' -18.0', -10.0, 13.0, 19.0, -3.0, -21.0, 20.0, 54.0, 19.0, 27.0, 16.0, -60.0, -7.0, -119.0, 32.0, -27.0, 23.0, -51.0, 6.0, -30.0, 8.0, 0.0, -14.0, 5.0, 3.0, 19.0, 1.0, 32.0, 1.0, 29.0, -2.0, 21.0, 4.0, 43.0, -1.0, 25.0, 0.0, 43.0, 12.0, -41.0, 22.0, -15.0, 20.0, -8.0, 42.0, 9.0, 67.0, -8.0, 33.0, -13.0, 18.0, 0.0, -8.0, -17.0, -44.0, 22.0, -11.0, 6.0, -54.0, -6.0, -85.0, 5.0, -74.0, 2.0, -15.0, 11.0, -46.0, 12.0, -5.0, 13.0, 28.0, 8.0, 26.0, -79.0, -1.0, -48.0, -7.0, 15.0, -2.0, ' 45.0]']","['[-21.0', ' -31.0', -2.0, 29.0, 23.0, -11.0, -33.0, -10.0, 53.0, 12.0, 40.0, -6.0, 0.0, -40.0, -46.0, -25.0, -12.0, -17.0, -10.0, 20.0, 57.0, 34.0, 9.0, 12.0, 50.0, 14.0, -28.0, -42.0, -67.0, 14.0, -6.0, 48.0, -78.0, 37.0, 71.0, 35.0, 18.0, -35.0, -71.0, -85.0, -21.0, -15.0, 4.0, -48.0, -34.0, -44.0, 8.0, 54.0, 41.0, -6.0, 18.0, 38.0, -1.0, 1.0, -49.0, -30.0, -65.0, -16.0, -39.0, -25.0, 8.0, 60.0, 32.0, 45.0, 25.0, 122.0, 16.0, -15.0, -43.0, -76.0, 10.0, -26.0, 80.0, 33.0, -39.0, -16.0, 8.0, 41.0, 47.0, 30.0, -9.0, ' -17.0]']","['[-25.0', 9.0, 32.0, 14.0, -22.0, -30.0, 0.0, 31.0, -16.0, -12.0, 29.0, 44.0, 52.0, 12.0, -34.0, -32.0, 15.0, -11.0, -38.0, -10.0, -37.0, 37.0, 28.0, 68.0, -10.0, 36.0, 45.0, 14.0, -30.0, -47.0, -48.0, -60.0, -95.0, -40.0, -26.0, 29.0, 77.0, 10.0, 71.0, -44.0, -24.0, 53.0, 16.0, 17.0, -28.0, -26.0, -40.0, -20.0, -4.0, -18.0, -9.0, 11.0, 22.0, 67.0, 8.0, -7.0, -24.0, 49.0, -5.0, -46.0, -43.0, -41.0, 37.0, 19.0, 73.0, -15.0, 52.0, 74.0, 17.0, -24.0, -35.0, -98.0, -52.0, -8.0, -40.0, -5.0, -49.0, -16.0, -24.0, 28.0, 57.0, ' 35.0]']",,,,,,
1740060517.727507,ble-pd-B43A31EF7B26,804809dc-2a75-7ce8-f0c0-71ffe8c4d160,6190,31,-61.0,-82.0,-85.0,-65.0,,,-67.0,2.7716316412781654,-1.3941397969422344,0.5150204674110447,-1.5050291642012263,,,-0.4557295882609121,0.3486998654860617,0.4086819431122938,0.3436015098952141,0.3364768881889796,,,0.4782795097101667,-3.406574249267578,6.934836387634277,1.62168288230896,-3.54,6.84,1.96,"['[48.0', 104.0, 19.0, -92.0, -80.0, 39.0, 105.0, 33.0, -93.0, 43.0, -3.0, 112.0, -45.0, -60.0, 75.0, 42.0, -25.0, -31.0, -7.0, 123.0, -24.0, -72.0, 46.0, -5.0, 25.0, -62.0, 14.0, 84.0, -41.0, -73.0, 37.0, -12.0, -34.0, -118.0, 43.0, 33.0, -30.0, -80.0, 19.0, 0.0, 43.0, -96.0, 48.0, -17.0, 106.0, -47.0, -63.0, 67.0, 56.0, -25.0, -17.0, -18.0, 125.0, -20.0, -71.0, 38.0, 15.0, 28.0, -54.0, 2.0, 96.0, -39.0, -70.0, 31.0, -1.0, -28.0, -115.0, 45.0, 50.0, -38.0, -81.0, 16.0, 11.0, 64.0, -93.0, 52.0, -29.0, 99.0, -49.0, -62.0, 53.0, ' 61.0]']","['[94.0', -14.0, -103.0, -51.0, 70.0, 98.0, -2.0, -101.0, 16.0, -32.0, 79.0, 23.0, 22.0, 13.0, 57.0, -75.0, 2.0, -66.0, 56.0, -18.0, -23.0, -6.0, 44.0, -106.0, -21.0, -26.0, 64.0, -63.0, -21.0, -11.0, 31.0, -68.0, -29.0, -11.0, -8.0, -80.0, 45.0, 20.0, 23.0, -54.0, -97.0, -3.0, -23.0, 77.0, 42.0, 15.0, 3.0, 70.0, -64.0, -1.0, -71.0, 53.0, 0.0, -29.0, -16.0, 52.0, -107.0, -15.0, -37.0, 65.0, -44.0, -26.0, -26.0, 39.0, -70.0, -34.0, -33.0, 0.0, -72.0, 39.0, 3.0, 26.0, -53.0, -83.0, -21.0, -15.0, 72.0, 56.0, 6.0, -7.0, 82.0, ' -56.0]']","['[-9.0', -7.0, ' 7.0', 10.0, -5.0, -11.0, 1.0, 12.0, 5.0, -5.0, 10.0, -9.0, 7.0, -44.0, -22.0, -47.0, -24.0, 10.0, -25.0, -7.0, -18.0, -4.0, 11.0, 18.0, 14.0, 2.0, 17.0, -18.0, 61.0, 1.0, 67.0, -7.0, 37.0, 10.0, 60.0, 0.0, 85.0, 19.0, 38.0, -18.0, 14.0, 2.0, -10.0, 1.0, -10.0, 1.0, -47.0, -28.0, -46.0, -29.0, 6.0, -28.0, -6.0, -24.0, -5.0, 6.0, 22.0, 9.0, 0.0, 8.0, -20.0, 55.0, -5.0, 69.0, -10.0, 30.0, 14.0, 44.0, 1.0, 73.0, 22.0, 44.0, -12.0, 12.0, 0.0, -18.0, -8.0, -11.0, -6.0, -46.0, -33.0, ' -47.0]']","['[-7.0', ' 8.0', ' 9.0', -6.0, -11.0, 4.0, 12.0, 1.0, -7.0, -42.0, -55.0, -7.0, -46.0, -7.0, -36.0, -7.0, -26.0, -18.0, -16.0, -1.0, -41.0, -11.0, -32.0, 22.0, -31.0, -4.0, -60.0, -21.0, -46.0, -41.0, 13.0, -21.0, -43.0, 21.0, -104.0, 2.0, -68.0, 14.0, 31.0, 33.0, -1.0, -8.0, -39.0, -56.0, -4.0, -46.0, 0.0, -32.0, 0.0, -21.0, -20.0, -12.0, 0.0, -39.0, -10.0, -34.0, 19.0, -33.0, -4.0, -61.0, -18.0, -54.0, -41.0, 2.0, -19.0, -48.0, 19.0, -110.0, 2.0, -80.0, 11.0, 24.0, 35.0, -4.0, -8.0, -37.0, -56.0, -3.0, -47.0, 6.0, -28.0, ' 9.0]']","['[-6.0', ' 0.0', ' 6.0', 4.0, -4.0, -7.0, 0.0, 9.0, 14.0, -97.0, 22.0, -27.0, 14.0, 53.0, 10.0, 121.0, -43.0, 33.0, -5.0, 48.0, -2.0, 54.0, 20.0, 15.0, -3.0, 36.0, -12.0, 28.0, 18.0, 21.0, 5.0, 2.0, 0.0, -36.0, 20.0, -51.0, -1.0, -43.0, -8.0, -40.0, -7.0, 39.0, 39.0, -7.0, -3.0, -19.0, -69.0, -43.0, -101.0, 51.0, -48.0, 22.0, -46.0, -2.0, -24.0, -2.0, 34.0, -13.0, -23.0, 14.0, 18.0, -6.0, 39.0, -15.0, 39.0, 10.0, 73.0, -28.0, 85.0, -23.0, 63.0, -1.0, 40.0, 2.0, -76.0, 49.0, -10.0, 30.0, 14.0, 46.0, 52.0, ' 31.0]']","['[1.0', ' 7.0', ' 2.0', -5.0, -6.0, 2.0, 8.0, 1.0, -76.0, 54.0, -14.0, 31.0, 12.0, 44.0, 50.0, 18.0, -30.0, 36.0, -29.0, 16.0, 4.0, -23.0, -18.0, -69.0, 24.0, -6.0, -6.0, -59.0, -9.0, -79.0, 16.0, -61.0, -14.0, -66.0, 18.0, -70.0, 33.0, -47.0, 10.0, -16.0, 7.0, 68.0, -105.0, 26.0, -42.0, 1.0, 8.0, -29.0, 70.0, -9.0, -6.0, 19.0, 20.0, -5.0, 55.0, 27.0, 61.0, -22.0, 28.0, -2.0, 64.0, 18.0, 72.0, -6.0, 47.0, 10.0, 23.0, 0.0, 18.0, -24.0, 5.0, -13.0, -16.0, -12.0, -20.0, 100.0, -24.0, 29.0, -13.0, -51.0, -7.0, ' -120.0]']","['[49.0', ' 59.0', -5.0, -63.0, -37.0, 36.0, 62.0, 10.0, -65.0, -19.0, -55.0, 16.0, -35.0, 30.0, 33.0, 11.0, 44.0, -3.0, 1.0, -24.0, -93.0, -2.0, -30.0, 43.0, -34.0, 38.0, 63.0, 35.0, 57.0, -33.0, -20.0, -60.0, -40.0, 0.0, -105.0, 35.0, -1.0, 20.0, 111.0, -2.0, 36.0, 23.0, 13.0, 47.0, 2.0, 62.0, -38.0, -30.0, -49.0, -42.0, -29.0, -55.0, 10.0, 49.0, 27.0, 48.0, 10.0, 59.0, -22.0, -20.0, -39.0, -76.0, 21.0, -21.0, 63.0, -18.0, 20.0, 102.0, -6.0, 78.0, -37.0, -63.0, -45.0, -63.0, 32.0, 0.0, -17.0, -18.0, -61.0, 27.0, 13.0, ' 60.0]']","['[42.0', -29.0, -65.0, -16.0, 54.0, 54.0, -15.0, -64.0, 43.0, 3.0, -6.0, -21.0, -53.0, 23.0, 6.0, 63.0, 12.0, 50.0, 84.0, 8.0, 39.0, -38.0, -40.0, -68.0, -51.0, -12.0, -43.0, 18.0, 49.0, 7.0, 57.0, -24.0, 76.0, -31.0, -33.0, -32.0, -120.0, 32.0, -30.0, 70.0, 54.0, -76.0, -14.0, -28.0, 26.0, 20.0, 1.0, 16.0, -41.0, 17.0, -40.0, -63.0, -22.0, -89.0, 29.0, 12.0, 81.0, 18.0, 33.0, 75.0, 7.0, 0.0, -25.0, -57.0, -18.0, -85.0, 26.0, -39.0, 45.0, 91.0, -10.0, 96.0, -52.0, -18.0, 73.0, 18.0, 52.0, -19.0, 25.0, -26.0, -32.0, ' 0.0]']",,,,,,
1740060518.728325,ble-pd-B43A31EF7B26,ad8a354b-da48-1da9-9ce7-53581a94cd5a,6191,33,-63.0,-83.0,-77.0,-64.0,,-53.0,,2.789158437044195,-1.3866107742244718,0.5364700994627608,-1.4686262821028786,,-2.8777163614026504,,0.369382607012376,0.4172771290829564,0.3296696819951689,0.3389583884032018,,1.300054937007777,,,,,-3.54,6.84,1.96,"['[77.0', 49.0, -45.0, -80.0, -8.0, 75.0, 57.0, -38.0, 8.0, 33.0, 47.0, 66.0, 2.0, -54.0, 104.0, -48.0, 33.0, -25.0, 24.0, 36.0, -7.0, -56.0, 50.0, -89.0, 45.0, -18.0, 36.0, -13.0, -11.0, -53.0, 49.0, -64.0, -58.0, -46.0, 52.0, -52.0, 7.0, -20.0, 60.0, -53.0, -28.0, -13.0, 38.0, 35.0, 76.0, -6.0, -67.0, 111.0, -34.0, 22.0, -23.0, 16.0, 50.0, -10.0, -67.0, 51.0, -81.0, 46.0, -24.0, 28.0, 2.0, -12.0, -62.0, 48.0, -58.0, -54.0, -55.0, 54.0, -37.0, -1.0, -32.0, 56.0, -45.0, -12.0, -38.0, 41.0, 21.0, 81.0, -12.0, -75.0, 113.0, ' -19.0]']","['[24.0', -65.0, -67.0, 21.0, 81.0, 32.0, -58.0, -71.0, 119.0, -23.0, 63.0, -56.0, 50.0, 69.0, -41.0, -92.0, 66.0, -7.0, 54.0, -86.0, 14.0, 66.0, -16.0, -48.0, -10.0, 37.0, 44.0, -86.0, 2.0, 59.0, 3.0, -30.0, -11.0, 65.0, -9.0, -76.0, 57.0, 75.0, 14.0, -40.0, -76.0, 120.0, -15.0, 69.0, -41.0, 49.0, 58.0, -18.0, -101.0, 72.0, -13.0, 57.0, -80.0, 14.0, 55.0, -8.0, -61.0, -3.0, 32.0, 50.0, -87.0, 0.0, 49.0, 10.0, -40.0, -21.0, 56.0, -3.0, -85.0, 58.0, 72.0, 23.0, -50.0, -78.0, 113.0, -8.0, 75.0, -29.0, 48.0, 47.0, 0.0, ' -106.0]']","['[-12.0', -4.0, ' 10.0', 6.0, -8.0, -9.0, 5.0, 11.0, 5.0, 21.0, 30.0, 1.0, 16.0, -26.0, -9.0, -30.0, -17.0, 10.0, -34.0, 0.0, -2.0, 12.0, 22.0, 0.0, 15.0, 9.0, 29.0, 0.0, 56.0, 24.0, 37.0, 15.0, 63.0, 8.0, 89.0, 0.0, 96.0, 0.0, 25.0, -35.0, 12.0, 3.0, 14.0, 24.0, -1.0, 14.0, -34.0, -14.0, -36.0, -21.0, 7.0, -39.0, 0.0, -14.0, 10.0, 16.0, 5.0, 7.0, 8.0, 20.0, -2.0, 51.0, 19.0, 42.0, 9.0, 58.0, 12.0, 73.0, 2.0, 85.0, 5.0, 29.0, -30.0, 8.0, 2.0, 2.0, 20.0, -4.0, 9.0, -39.0, -18.0, ' -38.0]']","['[-2.0', ' 11.0', ' 6.0', -9.0, -8.0, 8.0, 10.0, -4.0, -3.0, -49.0, -25.0, -18.0, -17.0, -39.0, -29.0, -27.0, -29.0, -14.0, -25.0, -3.0, -57.0, -4.0, -28.0, 29.0, -36.0, -2.0, -59.0, -18.0, -17.0, -21.0, 33.0, -20.0, -28.0, 16.0, -78.0, 16.0, -49.0, 28.0, 30.0, 19.0, -7.0, -4.0, -51.0, -32.0, -18.0, -20.0, -35.0, -27.0, -19.0, -25.0, -14.0, -16.0, -2.0, -56.0, -7.0, -32.0, 30.0, -39.0, -4.0, -63.0, -16.0, -27.0, -25.0, 25.0, -24.0, -38.0, 15.0, -94.0, 16.0, -66.0, 28.0, 24.0, 26.0, -9.0, -4.0, -53.0, -37.0, -17.0, -22.0, -28.0, -24.0, ' -13.0]']","['[-3.0', ' 15.0', ' 11.0', -8.0, -16.0, 1.0, 17.0, 6.0, -20.0, 114.0, -26.0, 31.0, -36.0, -47.0, 0.0, -103.0, 40.0, -41.0, 5.0, -22.0, -5.0, -46.0, -40.0, 6.0, -4.0, -8.0, 4.0, -31.0, -32.0, -28.0, 3.0, -19.0, -4.0, 8.0, -1.0, 20.0, 5.0, 44.0, -2.0, 35.0, 4.0, -26.0, -61.0, 14.0, -7.0, 49.0, 70.0, 52.0, 86.0, -49.0, 55.0, -24.0, 36.0, 5.0, 15.0, 17.0, -47.0, 31.0, 2.0, -13.0, -5.0, 22.0, -27.0, 9.0, -10.0, -28.0, -54.0, 16.0, -50.0, 10.0, -60.0, 21.0, -49.0, -14.0, 58.0, -25.0, 4.0, -21.0, -36.0, -57.0, -80.0, ' -26.0]']","['[16.0', ' 7.0', ' -13.0', -14.0, 4.0, 16.0, 4.0, -14.0, 58.0, -31.0, 5.0, -23.0, -35.0, -52.0, -79.0, -17.0, 30.0, -35.0, 28.0, -30.0, -1.0, 25.0, 20.0, 60.0, -40.0, 7.0, 14.0, 43.0, 1.0, 67.0, -17.0, 37.0, 46.0, 70.0, -22.0, 54.0, -18.0, 41.0, -26.0, 33.0, 13.0, -56.0, 103.0, -23.0, 39.0, 0.0, 7.0, 60.0, -58.0, 6.0, -2.0, -17.0, 7.0, -1.0, -52.0, -43.0, -38.0, 25.0, -10.0, -8.0, -52.0, -23.0, -68.0, 14.0, -42.0, -35.0, -44.0, 15.0, -26.0, 17.0, 0.0, 16.0, 0.0, -6.0, 25.0, -116.0, 28.0, -33.0, 33.0, 41.0, -7.0, ' 102.0]']","['[60.0', ' 53.0', -21.0, -69.0, -31.0, 49.0, 64.0, -3.0, -58.0, 5.0, -79.0, 10.0, -40.0, 25.0, 45.0, 6.0, 45.0, -35.0, 2.0, -9.0, -92.0, -15.0, -20.0, -1.0, -41.0, -3.0, 59.0, 34.0, 65.0, -32.0, -19.0, -71.0, 17.0, -12.0, -103.0, 20.0, -10.0, 18.0, 81.0, 25.0, 48.0, 5.0, 4.0, 60.0, 1.0, 76.0, -16.0, -44.0, -33.0, -31.0, 11.0, -59.0, 6.0, 45.0, 33.0, 50.0, 46.0, 63.0, 4.0, -10.0, -24.0, -79.0, 8.0, -16.0, 46.0, -67.0, 22.0, 87.0, 2.0, 89.0, -31.0, -22.0, -72.0, -70.0, 46.0, -12.0, -11.0, -12.0, -75.0, -1.0, 24.0, ' 42.0]']","['[34.0', -43.0, -66.0, -4.0, 63.0, 49.0, -27.0, -70.0, 58.0, -15.0, 0.0, -16.0, -68.0, -4.0, 13.0, 45.0, -5.0, 25.0, 89.0, 0.0, 42.0, -32.0, -53.0, -69.0, -48.0, -1.0, -55.0, -4.0, 44.0, 23.0, 45.0, 12.0, 87.0, -22.0, -16.0, -29.0, -122.0, 28.0, -57.0, 81.0, 52.0, -82.0, 15.0, -51.0, 18.0, 26.0, 20.0, 16.0, -31.0, 33.0, -41.0, -66.0, -5.0, -91.0, 14.0, 26.0, 51.0, 6.0, 0.0, 80.0, 24.0, 8.0, -38.0, -47.0, -55.0, -55.0, 9.0, -53.0, 35.0, 83.0, -10.0, 96.0, -45.0, -12.0, 69.0, -7.0, 78.0, -13.0, 28.0, -25.0, -41.0, ' 4.0]']",,,,,,
1740060519.727467,ble-pd-B43A31EF7B26,29fa73c8-2810-9426-7c2f-298e4dc03ae8,6192,32,-61.0,-83.0,-74.0,-65.0,-61.0,-55.0,-61.0,2.718340722601244,-1.42971510173184,0.4663834227390365,-1.4433291812243247,-0.8126943356077836,-2.5796576174156804,-0.5749506032829278,0.5408745351420747,0.3860792621771142,0.4379438583532166,0.3052319499108702,0.3504811694831903,0.7022987807838322,0.4040737858314098,-3.413553476333618,6.922948837280273,1.5992015600204468,-3.54,6.84,1.96,"['[-89.0', 10.0, 96.0, 50.0, -61.0, -93.0, 1.0, 93.0, 0.0, 19.0, -72.0, -20.0, -11.0, -27.0, -63.0, 76.0, -2.0, 54.0, -55.0, 24.0, 28.0, 0.0, -43.0, 108.0, 12.0, 24.0, -60.0, 64.0, 18.0, 11.0, -23.0, 67.0, 28.0, 8.0, 12.0, 75.0, -39.0, -11.0, -27.0, 49.0, 87.0, 12.0, 13.0, -70.0, -41.0, -6.0, -15.0, -74.0, 70.0, 1.0, 59.0, -52.0, 6.0, 34.0, 10.0, -50.0, 109.0, 7.0, 31.0, -62.0, 52.0, 25.0, 21.0, -29.0, 69.0, 31.0, 28.0, 10.0, 70.0, -35.0, -2.0, -26.0, 46.0, 82.0, 30.0, 8.0, -65.0, -58.0, 1.0, -3.0, -82.0, ' 62.0]']","['[42.0', 99.0, 24.0, -83.0, -78.0, 35.0, 99.0, 34.0, -85.0, 32.0, -12.0, 109.0, -38.0, -61.0, 68.0, 35.0, -25.0, -30.0, -18.0, 123.0, -25.0, -65.0, 50.0, 0.0, 27.0, -59.0, 8.0, 78.0, -39.0, -66.0, 37.0, -13.0, -21.0, -113.0, 24.0, 25.0, -18.0, -68.0, -1.0, 14.0, 46.0, -85.0, 36.0, -22.0, 104.0, -39.0, -65.0, 58.0, 47.0, -25.0, -23.0, -27.0, 125.0, -20.0, -64.0, 41.0, 12.0, 29.0, -57.0, 0.0, 85.0, -34.0, -66.0, 32.0, -2.0, -16.0, -110.0, 27.0, 39.0, -26.0, -69.0, -8.0, 22.0, 55.0, -81.0, 37.0, -34.0, 96.0, -39.0, -66.0, 45.0, ' 55.0]']","['[11.0', 5.0, ' -8.0', -7.0, 5.0, 11.0, -2.0, -13.0, -1.0, 24.0, 0.0, 6.0, 3.0, 37.0, 25.0, 42.0, 22.0, -3.0, 28.0, 5.0, 24.0, 0.0, -9.0, -23.0, -7.0, -4.0, 1.0, 9.0, -40.0, 2.0, -62.0, 10.0, -19.0, -20.0, -32.0, -10.0, -69.0, -20.0, -50.0, 13.0, -12.0, 1.0, 32.0, 8.0, 8.0, 12.0, 38.0, 33.0, 41.0, 25.0, 2.0, 27.0, 8.0, 28.0, 1.0, -2.0, -27.0, -1.0, 0.0, 11.0, 15.0, -27.0, 8.0, -60.0, 10.0, -13.0, -22.0, -4.0, -13.0, -54.0, -20.0, -55.0, 6.0, -13.0, 4.0, 39.0, 16.0, 10.0, 18.0, 36.0, 38.0, ' 39.0]']","['[4.0', ' -10.0', ' -6.0', 9.0, 9.0, -5.0, -10.0, 1.0, 17.0, 44.0, 52.0, 9.0, 40.0, 0.0, 35.0, -1.0, 15.0, 27.0, 6.0, 3.0, 34.0, 10.0, 31.0, -13.0, 25.0, 17.0, 55.0, 21.0, 57.0, 30.0, 2.0, 8.0, 37.0, -15.0, 108.0, -10.0, 95.0, -12.0, -19.0, -33.0, 3.0, 16.0, 40.0, 52.0, 7.0, 41.0, -5.0, 28.0, -10.0, 11.0, 26.0, 1.0, 0.0, 30.0, 11.0, 33.0, -9.0, 27.0, 19.0, 56.0, 19.0, 66.0, 29.0, 16.0, 8.0, 39.0, -11.0, 113.0, -8.0, 106.0, -9.0, -8.0, -37.0, 8.0, 17.0, 34.0, 49.0, 5.0, 37.0, -14.0, 23.0, ' -19.0]']","['[29.0', ' 0.0', ' -28.0', -14.0, 20.0, 26.0, -4.0, -31.0, -39.0, 96.0, -35.0, 21.0, -19.0, -65.0, -4.0, -121.0, 40.0, -47.0, -3.0, -63.0, 12.0, -57.0, -23.0, -14.0, 0.0, -44.0, 11.0, -30.0, -16.0, -24.0, 3.0, -4.0, 17.0, 49.0, -24.0, 38.0, 14.0, 13.0, -2.0, 2.0, 26.0, -26.0, -20.0, 22.0, 7.0, 23.0, 77.0, 47.0, 108.0, -58.0, 53.0, -9.0, 59.0, -5.0, 33.0, 5.0, -23.0, 14.0, 25.0, -16.0, -26.0, 7.0, -29.0, 8.0, -23.0, -11.0, -102.0, 60.0, -92.0, 31.0, -36.0, 14.0, 4.0, -3.0, 74.0, -64.0, 2.0, -31.0, -13.0, -49.0, -62.0, ' -33.0]']","['[-7.0', ' -30.0', ' -8.0', 26.0, 21.0, -12.0, -28.0, -5.0, 73.0, -67.0, 0.0, -32.0, -11.0, -47.0, -61.0, -32.0, 38.0, -29.0, 20.0, -20.0, -5.0, 12.0, 19.0, 47.0, -19.0, 6.0, 13.0, 68.0, 4.0, 72.0, -17.0, 38.0, -5.0, 93.0, -56.0, 90.0, -61.0, 39.0, -17.0, -12.0, -22.0, -81.0, 116.0, -25.0, 40.0, -5.0, -11.0, 41.0, -63.0, -2.0, -12.0, -16.0, -30.0, 14.0, -50.0, -32.0, -44.0, 12.0, -36.0, 0.0, -69.0, -12.0, -69.0, 17.0, -32.0, 15.0, -33.0, 24.0, -34.0, 52.0, -19.0, 11.0, 12.0, 32.0, 46.0, -99.0, 33.0, -25.0, 18.0, 63.0, 4.0, ' 119.0]']","['[11.0', ' 69.0', 40.0, -42.0, -69.0, -8.0, 61.0, 55.0, -80.0, -14.0, -40.0, 21.0, 11.0, 6.0, 36.0, -38.0, 33.0, -39.0, -53.0, -28.0, -98.0, 20.0, -3.0, 81.0, 12.0, 39.0, 78.0, 11.0, 18.0, -32.0, -51.0, -30.0, -71.0, 25.0, -60.0, 50.0, 69.0, -6.0, 107.0, -58.0, -9.0, 67.0, 17.0, 62.0, -9.0, 45.0, -30.0, -36.0, -7.0, -49.0, 8.0, -5.0, 21.0, 93.0, 3.0, 34.0, -46.0, 33.0, -42.0, -64.0, -39.0, -67.0, 36.0, 13.0, 65.0, 31.0, 5.0, 108.0, -42.0, 8.0, -22.0, -103.0, 7.0, -40.0, -26.0, -13.0, -55.0, -8.0, -79.0, 41.0, 19.0, ' 46.0]']","['[69.0', 17.0, -58.0, -57.0, 16.0, 70.0, 33.0, -45.0, -12.0, -9.0, -48.0, -9.0, -81.0, 42.0, 14.0, 56.0, 37.0, 34.0, 67.0, 0.0, -27.0, -30.0, -50.0, -23.0, -62.0, 17.0, 5.0, 45.0, 79.0, -17.0, 41.0, -61.0, 34.0, -37.0, -96.0, 6.0, -95.0, 42.0, 32.0, 63.0, 72.0, -44.0, -5.0, 8.0, 22.0, 67.0, -28.0, 12.0, -68.0, -7.0, -52.0, -86.0, -19.0, -37.0, 35.0, 36.0, 71.0, 54.0, 11.0, 48.0, -26.0, -45.0, -7.0, -65.0, 26.0, -72.0, 44.0, 31.0, 28.0, 118.0, -36.0, 45.0, -85.0, -60.0, 76.0, 12.0, 32.0, -23.0, -21.0, 0.0, -33.0, ' 45.0]']",,,,,,
1740060520.725409,ble-pd-B43A31EF7B26,df567b39-1a36-c170-efbe-7bc1eb6af6dc,6193,9,-64.0,,-69.0,,-54.0,,,2.90568292001174,,0.4178936508753098,,-0.8673151662725811,,,0.5499633047312699,,0.4091760593630443,,0.4253025077816659,,,,,,-3.54,6.84,1.96,"['[16.0', -40.0, -53.0, 11.0, 57.0, 41.0, -11.0, -29.0, 59.0, 32.0, -6.0, -28.0, 18.0, 70.0, -74.0, -2.0, 35.0, 57.0, 28.0, -51.0, 14.0, 72.0, -31.0, 3.0, 18.0, 51.0, 10.0, -84.0, 17.0, 69.0, -5.0, -6.0, 25.0, 34.0, 21.0, -25.0, 2.0, 69.0, -14.0, -11.0, -52.0, 50.0, 73.0, -25.0, -19.0, 0.0, 125.0, -94.0, -43.0, 28.0, 11.0, 34.0, -40.0, 34.0, 84.0, -32.0, -8.0, 24.0, 77.0, 1.0, -27.0, 21.0, 77.0, -6.0, -42.0, 11.0, 86.0, 6.0, -15.0, 12.0, 44.0, -22.0, -18.0, -42.0, 8.0, 63.0, -28.0, 11.0, 4.0, 92.0, -103.0, ' -18.0]']","['[-32.0', -26.0, 23.0, 41.0, 11.0, -33.0, -32.0, 20.0, -16.0, 64.0, -68.0, -18.0, -23.0, 44.0, -73.0, 56.0, -28.0, 39.0, -17.0, 1.0, 8.0, 5.0, -27.0, -13.0, -32.0, 58.0, -31.0, 35.0, -4.0, -14.0, -34.0, 19.0, -32.0, -76.0, 7.0, -6.0, 2.0, -77.0, -23.0, -2.0, 19.0, -41.0, 2.0, -68.0, 1.0, -19.0, 42.0, -30.0, 39.0, -50.0, -2.0, -29.0, 12.0, 20.0, -3.0, -27.0, -17.0, -33.0, -6.0, -31.0, 34.0, -6.0, -32.0, -29.0, 4.0, -23.0, -65.0, 0.0, 34.0, 11.0, -91.0, -20.0, -8.0, 36.0, -37.0, -11.0, -32.0, -24.0, -34.0, 32.0, -34.0, ' 60.0]']","[nan, nan, nan, nan, nan, nan, nan, nan, nan, nan, nan, nan, nan, nan, nan, nan, nan, nan, nan, nan, nan, nan, nan, nan, nan, nan, nan, nan, nan, nan, nan, nan, nan, nan, nan, nan, nan, nan, nan, nan, nan, nan, nan, nan, nan, nan, nan, nan, nan, nan, nan, nan, nan, nan, nan, nan, nan, nan, nan, nan, nan, nan, nan, nan, nan, nan, nan, nan, nan, nan, nan, nan, nan, nan, nan, nan, nan, nan, nan, nan, nan, nan]","[nan, nan, nan, nan, nan, nan, nan, nan, nan, nan, nan, nan, nan, nan, nan, nan, nan, nan, nan, nan, nan, nan, nan, nan, nan, nan, nan, nan, nan, nan, nan, nan, nan, nan, nan, nan, nan, nan, nan, nan, nan, nan, nan, nan, nan, nan, nan, nan, nan, nan, nan, nan, nan, nan, nan, nan, nan, nan, nan, nan, nan, nan, nan, nan, nan, nan, nan, nan, nan, nan, nan, nan, nan, nan, nan, nan, nan, nan, nan, nan, nan, nan]","['[0.0', 38.0, 25.0, -26.0, -39.0, -4.0, 26.0, 5.0, -6.0, 33.0, 0.0, 15.0, -4.0, 35.0, -27.0, -5.0, 15.0, 33.0, 32.0, 7.0, -6.0, 45.0, -7.0, 14.0, -18.0, 81.0, -13.0, -4.0, 0.0, -100.0, -15.0, -115.0, -9.0, -72.0, 24.0, -83.0, -18.0, -65.0, 7.0, -16.0, 19.0, 10.0, -77.0, 11.0, -28.0, 9.0, 4.0, 16.0, 92.0, 0.0, -48.0, -16.0, 30.0, -17.0, 34.0, 5.0, 43.0, 37.0, -23.0, 35.0, 17.0, 19.0, 83.0, 10.0, 85.0, 7.0, 48.0, -26.0, 33.0, 1.0, -4.0, -17.0, -42.0, -43.0, -19.0, 79.0, -6.0, 9.0, -1.0, ' -39.0', ' 21.0', ' -87.0]']","['[30.0', 7.0, -31.0, -23.0, 15.0, 35.0, 4.0, -32.0, -15.0, 120.0, -10.0, 25.0, -4.0, -30.0, 13.0, -103.0, -4.0, 25.0, 16.0, -41.0, 27.0, -68.0, 4.0, -57.0, -22.0, -37.0, -31.0, -20.0, -24.0, -41.0, -1.0, -34.0, -2.0, -42.0, 14.0, 0.0, 13.0, 39.0, 12.0, 52.0, 35.0, 2.0, -38.0, 3.0, 4.0, 5.0, 24.0, -28.0, 49.0, 18.0, 18.0, 10.0, 26.0, -16.0, 77.0, -20.0, 37.0, -5.0, 50.0, 3.0, -15.0, 10.0, -69.0, -14.0, -79.0, -4.0, -43.0, 9.0, -65.0, -11.0, -74.0, -2.0, -41.0, 1.0, 8.0, -51.0, 1.0, -14.0, 3.0, ' -5.0', ' 15.0', ' 58.0]']","[nan, nan, nan, nan, nan, nan, nan, nan, nan, nan, nan, nan, nan, nan, nan, nan, nan, nan, nan, nan, nan, nan, nan, nan, nan, nan, nan, nan, nan, nan, nan, nan, nan, nan, nan, nan, nan, nan, nan, nan, nan, nan, nan, nan, nan, nan, nan, nan, nan, nan, nan, nan, nan, nan, nan, nan, nan, nan, nan, nan, nan, nan, nan, nan, nan, nan, nan, nan, nan, nan, nan, nan, nan, nan, nan, nan, nan, nan, nan, nan, nan, nan]","[nan, nan, nan, nan, nan, nan, nan, nan, nan, nan, nan, nan, nan, nan, nan, nan, nan, nan, nan, nan, nan, nan, nan, nan, nan, nan, nan, nan, nan, nan, nan, nan, nan, nan, nan, nan, nan, nan, nan, nan, nan, nan, nan, nan, nan, nan, nan, nan, nan, nan, nan, nan, nan, nan, nan, nan, nan, nan, nan, nan, nan, nan, nan, nan, nan, nan, nan, nan, nan, nan, nan, nan, nan, nan, nan, nan, nan, nan, nan, nan, nan, nan]",,,,,,
1740060521.727836,ble-pd-B43A31EF7B26,ce34d06b-7c51-ca9f-aebd-15f156569d4e,6194,34,-61.0,-80.0,-72.0,,-57.0,,-55.0,2.874396636157708,-1.477584490219633,0.3831910639749232,,-0.0431376672851753,,-0.7290933567157764,0.6451061661234366,0.5038850918136372,0.2711100985756891,,0.6278760117041661,,0.3919975356165604,-3.418516159057617,6.910235404968262,1.5542885065078735,-3.54,6.84,1.96,"['[38.0', -65.0, -83.0, 11.0, 91.0, 47.0, -59.0, -89.0, 45.0, -8.0, 51.0, -33.0, 30.0, 63.0, 22.0, -87.0, 24.0, 5.0, 48.0, -89.0, 3.0, 38.0, -3.0, -91.0, -8.0, 30.0, 37.0, -93.0, 20.0, 21.0, -6.0, -54.0, -28.0, 43.0, -12.0, -70.0, 29.0, 37.0, 44.0, -45.0, -91.0, 24.0, -7.0, 54.0, -11.0, 23.0, 53.0, 43.0, -89.0, 19.0, -5.0, 50.0, -72.0, -4.0, 27.0, 7.0, -102.0, -4.0, 21.0, 43.0, -86.0, 12.0, 9.0, 0.0, -63.0, -30.0, 26.0, -13.0, -74.0, 31.0, 28.0, 41.0, -45.0, -93.0, 4.0, -7.0, 56.0, 11.0, 16.0, 40.0, 62.0, ' -85.0]']","['[-83.0', -65.0, 38.0, 91.0, 18.0, -78.0, -69.0, 31.0, 90.0, 1.0, -23.0, -97.0, 28.0, 37.0, -98.0, 18.0, 28.0, 49.0, -11.0, -85.0, 39.0, 42.0, -63.0, 56.0, -17.0, 37.0, -31.0, -17.0, 30.0, 54.0, -31.0, 47.0, 13.0, 74.0, 6.0, 18.0, -14.0, 44.0, 13.0, 0.0, 11.0, 98.0, 0.0, -13.0, -102.0, 33.0, 52.0, -90.0, -2.0, 33.0, 49.0, 0.0, -99.0, 39.0, 50.0, -63.0, 38.0, -19.0, 42.0, -23.0, -39.0, 35.0, 57.0, -31.0, 33.0, 7.0, 81.0, 3.0, 2.0, -8.0, 51.0, 21.0, -9.0, -9.0, 102.0, -1.0, -2.0, -102.0, 37.0, 62.0, -79.0, ' -19.0]']","['[15.0', -2.0, ' -15.0', -1.0, 13.0, 6.0, -13.0, -9.0, 16.0, 42.0, 35.0, 9.0, 33.0, 22.0, 30.0, 6.0, 21.0, 26.0, 14.0, 14.0, 30.0, 0.0, 19.0, -30.0, 7.0, 23.0, 40.0, 17.0, 40.0, 8.0, -11.0, -3.0, 10.0, -14.0, 79.0, -22.0, 59.0, -22.0, -32.0, -27.0, -8.0, 18.0, 41.0, 39.0, 10.0, 35.0, 19.0, 30.0, 4.0, 19.0, 26.0, 12.0, 14.0, 30.0, 1.0, 20.0, -27.0, 10.0, 26.0, 41.0, 19.0, 48.0, 10.0, -4.0, -3.0, 13.0, -10.0, 86.0, -22.0, 73.0, -22.0, -27.0, -32.0, -6.0, 19.0, 41.0, 40.0, 9.0, 37.0, 18.0, 29.0, ' 0.0]']","['[-3.0', ' -13.0', ' 0.0', 14.0, 4.0, -12.0, -8.0, 11.0, 13.0, 0.0, 21.0, -1.0, 12.0, -12.0, -4.0, -16.0, -9.0, 0.0, -20.0, -4.0, -9.0, 14.0, 12.0, 21.0, 19.0, 14.0, 16.0, 17.0, 46.0, 10.0, 47.0, -7.0, 26.0, 21.0, 58.0, 5.0, 103.0, 5.0, 37.0, -27.0, 12.0, 10.0, -7.0, 14.0, -2.0, 7.0, -14.0, -8.0, -17.0, -11.0, -5.0, -22.0, -7.0, -12.0, 13.0, 8.0, 25.0, 17.0, 9.0, 10.0, 14.0, 38.0, 8.0, 48.0, -6.0, 24.0, 22.0, 46.0, 8.0, 95.0, 8.0, 42.0, -23.0, 14.0, 8.0, -12.0, 8.0, -5.0, 1.0, -17.0, -13.0, ' -16.0]']","['[-11.0', ' 30.0', ' 29.0', -14.0, -36.0, -5.0, 35.0, 24.0, -34.0, 95.0, 26.0, 52.0, 47.0, 49.0, 76.0, -14.0, -23.0, 41.0, 1.0, 18.0, 17.0, -42.0, 7.0, -53.0, 12.0, -4.0, -8.0, -51.0, -16.0, -38.0, 0.0, 3.0, -23.0, -66.0, 34.0, -25.0, 39.0, 38.0, 34.0, 91.0, 1.0, 34.0, -122.0, -19.0, -50.0, -24.0, -3.0, -60.0, 65.0, 0.0, 13.0, -2.0, 17.0, -5.0, 48.0, 8.0, 5.0, 7.0, 31.0, 17.0, 45.0, 29.0, -1.0, 19.0, -46.0, -26.0, 43.0, -59.0, -1.0, -64.0, -35.0, -45.0, -54.0, -26.0, -16.0, 91.0, 1.0, 23.0, -9.0, -43.0, 17.0, ' -82.0]']","['[36.0', ' 21.0', ' -24.0', -34.0, 5.0, 36.0, 15.0, -30.0, -12.0, 79.0, -2.0, 17.0, -17.0, -50.0, 5.0, -81.0, 29.0, -70.0, 3.0, -47.0, -12.0, -26.0, -19.0, 53.0, -27.0, -42.0, -17.0, -11.0, -24.0, 46.0, -30.0, 70.0, 69.0, 10.0, 49.0, 32.0, 49.0, 8.0, 29.0, -17.0, 39.0, -14.0, 5.0, 20.0, 22.0, 44.0, 70.0, 46.0, 51.0, -36.0, 79.0, -2.0, 47.0, 19.0, -7.0, 20.0, -76.0, 27.0, 27.0, 7.0, -24.0, 6.0, -61.0, 21.0, -53.0, -69.0, -51.0, -14.0, -40.0, -11.0, 20.0, 0.0, 71.0, -26.0, 33.0, -82.0, -28.0, -49.0, -50.0, -54.0, -74.0, ' 5.0]']","[nan, nan, nan, nan, nan, nan, nan, nan, nan, nan, nan, nan, nan, nan, nan, nan, nan, nan, nan, nan, nan, nan, nan, nan, nan, nan, nan, nan, nan, nan, nan, nan, nan, nan, nan, nan, nan, nan, nan, nan, nan, nan, nan, nan, nan, nan, nan, nan, nan, nan, nan, nan, nan, nan, nan, nan, nan, nan, nan, nan, nan, nan, nan, nan, nan, nan, nan, nan, nan, nan, nan, nan, nan, nan, nan, nan, nan, nan, nan, nan, nan, nan]","[nan, nan, nan, nan, nan, nan, nan, nan, nan, nan, nan, nan, nan, nan, nan, nan, nan, nan, nan, nan, nan, nan, nan, nan, nan, nan, nan, nan, nan, nan, nan, nan, nan, nan, nan, nan, nan, nan, nan, nan, nan, nan, nan, nan, nan, nan, nan, nan, nan, nan, nan, nan, nan, nan, nan, nan, nan, nan, nan, nan, nan, nan, nan, nan, nan, nan, nan, nan, nan, nan, nan, nan, nan, nan, nan, nan, nan, nan, nan, nan, nan, nan]",,,,,,
1740060522.727594,ble-pd-B43A31EF7B26,6ce9d805-6416-1a46-fd28-d063296e3109,6195,3,-62.0,-68.0,-80.0,,,-55.0,-58.0,2.826732976864123,-1.462908342084424,0.3561176346492867,,,-2.47645646854414,-0.8237112472051779,0.6668072005820563,0.4937367502952403,0.2093254104313664,,,0.5835339435448968,0.5030356836166388,-3.40519380569458,6.911364555358887,1.5094051361083984,-3.54,6.84,1.96,"['[-54.0', -26.0, 36.0, 49.0, -4.0, -53.0, -29.0, 33.0, -17.0, 82.0, -102.0, -18.0, -25.0, 74.0, -78.0, 55.0, -28.0, 50.0, -49.0, -9.0, 17.0, -2.0, -56.0, 26.0, -12.0, 54.0, -45.0, 32.0, -4.0, -3.0, -68.0, 3.0, -16.0, -6.0, -17.0, -22.0, 6.0, -33.0, -35.0, -1.0, 45.0, -21.0, 63.0, -92.0, -5.0, -29.0, 50.0, -59.0, 68.0, -34.0, 33.0, -54.0, 11.0, 9.0, -34.0, -49.0, 30.0, -13.0, 32.0, -47.0, 42.0, -9.0, -20.0, -64.0, 7.0, -34.0, -24.0, -22.0, -12.0, -1.0, -58.0, -24.0, 10.0, 52.0, -22.0, 38.0, -72.0, 9.0, -31.0, 13.0, -30.0, ' 71.0]']","['[-8.0', 48.0, 39.0, -22.0, -55.0, -13.0, 46.0, 42.0, -16.0, -47.0, 13.0, 41.0, -15.0, -88.0, 59.0, 45.0, -23.0, -47.0, -20.0, 65.0, -23.0, -105.0, 15.0, 16.0, -6.0, -65.0, -13.0, 39.0, -19.0, -58.0, 1.0, 16.0, -59.0, -59.0, -19.0, 28.0, -20.0, -80.0, 29.0, 40.0, 30.0, -9.0, -68.0, 46.0, 45.0, -8.0, -105.0, 79.0, 23.0, -13.0, -60.0, -5.0, 65.0, -28.0, -99.0, 32.0, 7.0, -2.0, -79.0, 2.0, 27.0, -18.0, -54.0, 23.0, 14.0, -51.0, -54.0, -14.0, 33.0, -22.0, -65.0, 38.0, 39.0, 13.0, -2.0, -87.0, 73.0, 44.0, 2.0, -117.0, 94.0, ' 0.0]']","['[-60.0', -4.0, ' 58.0', 22.0, -52.0, -36.0, 41.0, 47.0, -57.0, -15.0, -106.0, 19.0, -37.0, -10.0, -6.0, -45.0, -73.0, -38.0, -48.0, -33.0, 7.0, -39.0, 10.0, -35.0, -44.0, -12.0, -9.0, -25.0, 15.0, -14.0, -20.0, 17.0, -2.0, 5.0, -15.0, 20.0, -6.0, 4.0, 4.0, -76.0, 30.0, -37.0, -40.0, -98.0, 8.0, -40.0, -14.0, 4.0, -33.0, -78.0, -30.0, -64.0, -30.0, -5.0, -30.0, 1.0, -15.0, -75.0, -14.0, -38.0, -27.0, 14.0, -21.0, -6.0, 14.0, -24.0, -8.0, -58.0, 5.0, -34.0, -5.0, -22.0, -71.0, 8.0, -15.0, -59.0, -79.0, -6.0, -38.0, -15.0, 13.0, ' -14.0]']","['[2.0', ' 59.0', ' 10.0', -56.0, -31.0, 47.0, 43.0, -35.0, 44.0, -76.0, -1.0, -29.0, -18.0, -11.0, 27.0, 23.0, -26.0, 17.0, -51.0, 11.0, -42.0, 19.0, -23.0, 51.0, -99.0, -12.0, -90.0, -7.0, -3.0, -21.0, 37.0, -5.0, -77.0, -36.0, -122.0, -41.0, -87.0, -24.0, -66.0, 0.0, -48.0, 63.0, -66.0, 37.0, -34.0, -3.0, -9.0, 28.0, 37.0, -1.0, 29.0, -30.0, 21.0, -43.0, 31.0, -26.0, 60.0, -77.0, -8.0, -80.0, 0.0, -10.0, -14.0, 42.0, -11.0, -75.0, -35.0, -109.0, -44.0, -81.0, -25.0, -63.0, 26.0, -57.0, 73.0, -50.0, 69.0, -34.0, 11.0, -1.0, 26.0, ' 48.0]']","['[4.0', ' -3.0', ' -5.0', 0.0, 6.0, 2.0, -5.0, -6.0, 28.0, -37.0, 10.0, -12.0, -3.0, -9.0, -6.0, 17.0, -2.0, -85.0, -4.0, -22.0, -4.0, 19.0, -9.0, 37.0, 28.0, -16.0, 37.0, 0.0, 39.0, 75.0, 14.0, 111.0, -18.0, 43.0, -28.0, 62.0, -3.0, 37.0, -8.0, -35.0, -3.0, -34.0, 90.0, 0.0, 56.0, 6.0, -15.0, 12.0, -59.0, 8.0, 47.0, -4.0, 4.0, -3.0, -62.0, 8.0, -81.0, -4.0, -58.0, -2.0, -30.0, -23.0, 5.0, -16.0, 3.0, 11.0, 0.0, 5.0, 28.0, 7.0, 27.0, 6.0, 73.0, 7.0, -1.0, -39.0, -10.0, -35.0, 0.0, 22.0, -4.0, ' 28.0]']","['[-5.0', ' -5.0', ' 1.0', 6.0, 1.0, -5.0, -4.0, 4.0, 24.0, -80.0, -5.0, -56.0, -4.0, 20.0, -10.0, 56.0, -8.0, -14.0, 5.0, 4.0, 5.0, 59.0, -5.0, 72.0, -8.0, 71.0, -12.0, 32.0, 7.0, -38.0, 11.0, -54.0, -4.0, -17.0, 5.0, -57.0, -7.0, -46.0, -3.0, -63.0, -7.0, 17.0, 0.0, 12.0, 13.0, -1.0, -17.0, -1.0, -6.0, 0.0, -73.0, -5.0, -23.0, -6.0, -3.0, -6.0, 2.0, 29.0, -45.0, 39.0, -12.0, 33.0, 85.0, 9.0, 125.0, -14.0, 47.0, -28.0, 79.0, 1.0, 52.0, -5.0, -4.0, 1.0, -38.0, 81.0, -4.0, 46.0, 5.0, -6.0, 12.0, ' -51.0]']","[nan, nan, nan, nan, nan, nan, nan, nan, nan, nan, nan, nan, nan, nan, nan, nan, nan, nan, nan, nan, nan, nan, nan, nan, nan, nan, nan, nan, nan, nan, nan, nan, nan, nan, nan, nan, nan, nan, nan, nan, nan, nan, nan, nan, nan, nan, nan, nan, nan, nan, nan, nan, nan, nan, nan, nan, nan, nan, nan, nan, nan, nan, nan, nan, nan, nan, nan, nan, nan, nan, nan, nan, nan, nan, nan, nan, nan, nan, nan, nan, nan, nan]","[nan, nan, nan, nan, nan, nan, nan, nan, nan, nan, nan, nan, nan, nan, nan, nan, nan, nan, nan, nan, nan, nan, nan, nan, nan, nan, nan, nan, nan, nan, nan, nan, nan, nan, nan, nan, nan, nan, nan, nan, nan, nan, nan, nan, nan, nan, nan, nan, nan, nan, nan, nan, nan, nan, nan, nan, nan, nan, nan, nan, nan, nan, nan, nan, nan, nan, nan, nan, nan, nan, nan, nan, nan, nan, nan, nan, nan, nan, nan, nan, nan, nan]",,,,,,
1740060523.728565,ble-pd-B43A31EF7B26,ba56fe41-27e1-4999-33d7-3d18bf0d8a0e,6196,15,-69.0,-75.0,-71.0,,-58.0,-48.0,-59.0,2.7982936122153848,-1.4742604657050502,0.3296881576752313,,-0.5048325700498375,2.983744495928132,-0.1983499347917052,0.5608326971148057,0.494810836452383,0.1741979661133282,,0.736314290846137,0.483524707040653,0.6536419219096249,-3.405972957611084,6.901188850402832,1.4499328136444092,-3.54,6.84,1.96,"['[27.0', 2.0, -26.0, -19.0, 14.0, 28.0, 3.0, -26.0, 29.0, -53.0, 64.0, -43.0, 42.0, -81.0, 72.0, -52.0, 25.0, -10.0, 12.0, -16.0, -29.0, -12.0, 25.0, -32.0, 13.0, -40.0, 2.0, -24.0, -18.0, 37.0, 13.0, -13.0, -2.0, 38.0, -2.0, -10.0, 0.0, 64.0, 23.0, -26.0, -26.0, 35.0, -41.0, 59.0, -47.0, 44.0, -77.0, 61.0, -54.0, 34.0, -3.0, 12.0, -21.0, -27.0, -2.0, 18.0, -29.0, 17.0, -32.0, 5.0, -29.0, -15.0, 47.0, 8.0, -12.0, 3.0, 46.0, -2.0, -14.0, 0.0, 70.0, 23.0, -28.0, -29.0, 46.0, -34.0, 52.0, -52.0, 44.0, -68.0, 50.0, ' -53.0]']","['[-7.0', -28.0, -10.0, 21.0, 23.0, -5.0, -27.0, -12.0, 80.0, 69.0, -38.0, -35.0, 13.0, 44.0, -91.0, -20.0, 67.0, 60.0, 4.0, -43.0, 15.0, 111.0, -80.0, 26.0, 39.0, 49.0, 7.0, -55.0, 25.0, 94.0, -36.0, 9.0, 41.0, 74.0, 6.0, -30.0, 0.0, 66.0, -27.0, -17.0, -8.0, 79.0, 75.0, -46.0, -28.0, 9.0, 52.0, -100.0, -14.0, 65.0, 61.0, 4.0, -42.0, 17.0, 110.0, -82.0, 29.0, 38.0, 54.0, 7.0, -53.0, 27.0, 89.0, -39.0, 11.0, 43.0, 70.0, 4.0, -28.0, 1.0, 59.0, -30.0, -14.0, -4.0, 73.0, 78.0, -51.0, -23.0, 4.0, 64.0, -105.0, ' -9.0]']","['[-9.0', -19.0, ' 6.0', 21.0, 0.0, -21.0, -6.0, 19.0, -12.0, 44.0, 12.0, 1.0, 18.0, -6.0, -17.0, -32.0, -1.0, 10.0, 4.0, -5.0, 29.0, 8.0, 45.0, -2.0, 60.0, -18.0, 39.0, 7.0, 33.0, 26.0, 17.0, 24.0, 38.0, 32.0, 80.0, 8.0, 114.0, 17.0, 12.0, 7.0, 25.0, -19.0, 41.0, -3.0, 1.0, 7.0, -14.0, -23.0, -37.0, -12.0, 8.0, -6.0, -11.0, 24.0, 4.0, 46.0, -3.0, 50.0, -20.0, 28.0, -3.0, 26.0, 19.0, 18.0, 20.0, 41.0, 36.0, 52.0, 13.0, 100.0, 22.0, 30.0, 15.0, 25.0, -24.0, 36.0, -25.0, 4.0, -4.0, -19.0, -26.0, ' -38.0]']","['[-18.0', ' 8.0', ' 21.0', -1.0, -23.0, -3.0, 22.0, 9.0, -26.0, -2.0, -65.0, 8.0, -41.0, -23.0, -17.0, -18.0, -36.0, -11.0, -37.0, -16.0, -15.0, -11.0, 6.0, -3.0, -28.0, -11.0, -28.0, -34.0, -23.0, -20.0, 6.0, -10.0, 24.0, 19.0, -86.0, 20.0, -29.0, 17.0, 59.0, 31.0, 3.0, -23.0, -14.0, -68.0, 6.0, -43.0, -20.0, -12.0, -8.0, -34.0, -13.0, -37.0, -14.0, -22.0, -12.0, -6.0, -2.0, -45.0, -4.0, -39.0, -34.0, -32.0, -27.0, 3.0, -16.0, 14.0, 10.0, -104.0, 15.0, -61.0, 11.0, 53.0, 28.0, -2.0, -15.0, -25.0, -60.0, 6.0, -44.0, -16.0, -5.0, ' 1.0]']","['[-20.0', ' -19.0', ' 7.0', 23.0, 4.0, -22.0, -15.0, 13.0, 1.0, -77.0, -9.0, -51.0, -8.0, 43.0, 10.0, 95.0, -30.0, 0.0, -20.0, 43.0, -7.0, 26.0, -2.0, 15.0, 13.0, -5.0, -5.0, 12.0, 4.0, 20.0, -2.0, 26.0, -5.0, -2.0, -12.0, -1.0, -8.0, -5.0, -5.0, -49.0, -25.0, 17.0, 26.0, 13.0, 13.0, 8.0, -57.0, -8.0, -108.0, 21.0, -19.0, 23.0, -49.0, 8.0, -16.0, 20.0, 15.0, -28.0, 0.0, -4.0, 25.0, 0.0, 46.0, -6.0, 37.0, 3.0, 11.0, -6.0, 37.0, -6.0, 6.0, -6.0, 10.0, 13.0, -23.0, 46.0, -4.0, 37.0, 0.0, 16.0, 0.0, ' 24.0]']","['[-14.0', ' 15.0', ' 22.0', -1.0, -23.0, -10.0, 18.0, 20.0, -25.0, 16.0, -9.0, 16.0, -3.0, 38.0, 3.0, 71.0, -4.0, 28.0, -12.0, 29.0, -5.0, 3.0, -23.0, -29.0, 27.0, 1.0, 9.0, -38.0, -1.0, -67.0, 10.0, -60.0, 0.0, -12.0, 17.0, -44.0, 15.0, -2.0, 14.0, 19.0, 0.0, 17.0, -74.0, -3.0, -50.0, -4.0, 17.0, 8.0, 47.0, -20.0, -15.0, -10.0, 18.0, -4.0, 19.0, 11.0, 29.0, -3.0, -8.0, -11.0, 33.0, 6.0, 54.0, -7.0, 52.0, -5.0, 2.0, -18.0, 25.0, -13.0, -5.0, -12.0, -53.0, -21.0, 9.0, 62.0, 14.0, 40.0, 8.0, -57.0, -14.0, ' -117.0]']","[nan, nan, nan, nan, nan, nan, nan, nan, nan, nan, nan, nan, nan, nan, nan, nan, nan, nan, nan, nan, nan, nan, nan, nan, nan, nan, nan, nan, nan, nan, nan, nan, nan, nan, nan, nan, nan, nan, nan, nan, nan, nan, nan, nan, nan, nan, nan, nan, nan, nan, nan, nan, nan, nan, nan, nan, nan, nan, nan, nan, nan, nan, nan, nan, nan, nan, nan, nan, nan, nan, nan, nan, nan, nan, nan, nan, nan, nan, nan, nan, nan, nan]","[nan, nan, nan, nan, nan, nan, nan, nan, nan, nan, nan, nan, nan, nan, nan, nan, nan, nan, nan, nan, nan, nan, nan, nan, nan, nan, nan, nan, nan, nan, nan, nan, nan, nan, nan, nan, nan, nan, nan, nan, nan, nan, nan, nan, nan, nan, nan, nan, nan, nan, nan, nan, nan, nan, nan, nan, nan, nan, nan, nan, nan, nan, nan, nan, nan, nan, nan, nan, nan, nan, nan, nan, nan, nan, nan, nan, nan, nan, nan, nan, nan, nan]",,,,,,
1740060524.728044,ble-pd-B43A31EF7B26,23484b3e-81b5-ccbf-abbb-4bd3a8ea7f17,6197,28,-62.0,-75.0,-73.0,,-59.0,,,2.886374469476448,-1.486519528834903,0.3979114205842272,,-0.6704399948692894,,,0.6118759078317004,0.4157822634735813,0.1894928997278168,,0.5493236940030419,,,-3.4061431884765625,6.895666122436523,1.3884739875793457,-3.54,6.84,1.96,"['[-49.0', -71.0, 4.0, 73.0, 44.0, -43.0, -71.0, -7.0, 100.0, -5.0, 9.0, -119.0, 63.0, 25.0, -46.0, -80.0, 54.0, 74.0, 7.0, -115.0, 26.0, 46.0, -27.0, -32.0, 6.0, 66.0, -10.0, -55.0, 15.0, 57.0, 0.0, -31.0, 1.0, 113.0, 3.0, -30.0, -2.0, 85.0, 12.0, -17.0, -18.0, 94.0, -13.0, 19.0, -112.0, 68.0, 19.0, -28.0, -81.0, 47.0, 67.0, 11.0, -115.0, 26.0, 39.0, -13.0, -41.0, 9.0, 59.0, -6.0, -65.0, 14.0, 56.0, 5.0, -33.0, -2.0, 112.0, 6.0, -36.0, 2.0, 89.0, 18.0, -25.0, -26.0, 86.0, -29.0, 26.0, -111.0, 62.0, 19.0, -20.0, ' -85.0]']","['[-54.0', 28.0, 73.0, 23.0, -59.0, -62.0, 20.0, 77.0, 41.0, 83.0, -67.0, -18.0, -4.0, 20.0, -91.0, 39.0, 23.0, 53.0, -27.0, 30.0, 11.0, 44.0, -53.0, 75.0, 26.0, 4.0, -25.0, 51.0, -5.0, 50.0, -43.0, 40.0, 20.0, 11.0, 3.0, 53.0, -4.0, 5.0, -41.0, 42.0, 77.0, 57.0, 79.0, -62.0, -41.0, 10.0, 26.0, -100.0, 34.0, 30.0, 71.0, -27.0, 13.0, 11.0, 51.0, -57.0, 67.0, 24.0, 13.0, -27.0, 45.0, -6.0, 62.0, -40.0, 31.0, 19.0, 28.0, 7.0, 50.0, -1.0, 15.0, -38.0, 37.0, 76.0, 67.0, 79.0, -61.0, -48.0, 17.0, 25.0, -99.0, ' 23.0]']","['[-25.0', -6.0, ' 23.0', 13.0, -19.0, -19.0, 14.0, 22.0, -20.0, -38.0, -69.0, 0.0, -36.0, -17.0, -17.0, 0.0, -35.0, -33.0, -26.0, -15.0, -29.0, -12.0, -27.0, 30.0, -21.0, 6.0, -31.0, -20.0, -32.0, -18.0, 16.0, 6.0, 0.0, 7.0, -74.0, 4.0, -57.0, 25.0, 49.0, 25.0, 18.0, -16.0, -42.0, -69.0, 1.0, -40.0, -10.0, -14.0, 3.0, -35.0, -35.0, -25.0, -16.0, -29.0, -13.0, -31.0, 30.0, -31.0, 10.0, -40.0, -18.0, -43.0, -20.0, 4.0, 8.0, -5.0, 2.0, -80.0, 3.0, -70.0, 23.0, 43.0, 31.0, 18.0, -14.0, -45.0, -70.0, 2.0, -45.0, -8.0, -11.0, ' 5.0]']","['[-2.0', ' 21.0', ' 9.0', -19.0, -14.0, 14.0, 19.0, -11.0, 12.0, -22.0, -17.0, 10.0, -25.0, 26.0, 13.0, 13.0, 13.0, -20.0, 0.0, -2.0, -7.0, -6.0, -22.0, -3.0, -40.0, 7.0, -37.0, 4.0, -57.0, -18.0, -72.0, 7.0, -27.0, -11.0, -62.0, -6.0, -108.0, -11.0, -46.0, 31.0, -17.0, 15.0, -16.0, -3.0, 9.0, -18.0, 31.0, 17.0, 12.0, 17.0, -17.0, 5.0, 2.0, -2.0, -5.0, -17.0, -10.0, -37.0, 4.0, -28.0, 6.0, -49.0, -13.0, -69.0, 5.0, -26.0, -14.0, -46.0, -7.0, -103.0, -15.0, -56.0, 26.0, -17.0, 18.0, -9.0, 8.0, 8.0, -9.0, 30.0, 20.0, ' 13.0]']","['[21.0', ' 25.0', ' -9.0', -29.0, -8.0, 26.0, 20.0, -16.0, -51.0, 110.0, -38.0, 34.0, -18.0, -41.0, 11.0, -79.0, 30.0, -29.0, 0.0, -42.0, -4.0, -23.0, -33.0, 2.0, 0.0, -61.0, 0.0, -48.0, -12.0, -31.0, -10.0, 14.0, 41.0, 2.0, 33.0, 5.0, 56.0, 0.0, 29.0, 12.0, 31.0, -3.0, -43.0, 30.0, -8.0, 34.0, 78.0, 18.0, 107.0, -55.0, 58.0, -15.0, 65.0, -5.0, 19.0, 31.0, -31.0, 13.0, 61.0, -10.0, 2.0, 0.0, 0.0, 1.0, -27.0, -49.0, -73.0, 17.0, -53.0, -5.0, -12.0, -3.0, 38.0, -25.0, 55.0, -50.0, -3.0, -24.0, -27.0, -70.0, -38.0, ' -71.0]']","['[20.0', ' -17.0', ' -28.0', 1.0, 28.0, 13.0, -23.0, -26.0, 51.0, -51.0, -5.0, -24.0, -28.0, -71.0, -39.0, -69.0, 48.0, -53.0, 22.0, -52.0, 12.0, -2.0, -8.0, 41.0, -17.0, -23.0, 14.0, 46.0, 11.0, 31.0, 7.0, 21.0, 22.0, 101.0, -51.0, 66.0, -46.0, 16.0, -27.0, -67.0, 7.0, -71.0, 114.0, -24.0, 42.0, 4.0, 21.0, 37.0, -6.0, -15.0, 17.0, -15.0, 6.0, -10.0, -16.0, -19.0, -27.0, 15.0, -25.0, -9.0, -68.0, -16.0, -45.0, -12.0, -4.0, 13.0, -69.0, 60.0, -41.0, 70.0, -11.0, 38.0, 56.0, 17.0, 46.0, -110.0, 38.0, -34.0, 19.0, 43.0, -10.0, ' 81.0]']","[nan, nan, nan, nan, nan, nan, nan, nan, nan, nan, nan, nan, nan, nan, nan, nan, nan, nan, nan, nan, nan, nan, nan, nan, nan, nan, nan, nan, nan, nan, nan, nan, nan, nan, nan, nan, nan, nan, nan, nan, nan, nan, nan, nan, nan, nan, nan, nan, nan, nan, nan, nan, nan, nan, nan, nan, nan, nan, nan, nan, nan, nan, nan, nan, nan, nan, nan, nan, nan, nan, nan, nan, nan, nan, nan, nan, nan, nan, nan, nan, nan, nan]","[nan, nan, nan, nan, nan, nan, nan, nan, nan, nan, nan, nan, nan, nan, nan, nan, nan, nan, nan, nan, nan, nan, nan, nan, nan, nan, nan, nan, nan, nan, nan, nan, nan, nan, nan, nan, nan, nan, nan, nan, nan, nan, nan, nan, nan, nan, nan, nan, nan, nan, nan, nan, nan, nan, nan, nan, nan, nan, nan, nan, nan, nan, nan, nan, nan, nan, nan, nan, nan, nan, nan, nan, nan, nan, nan, nan, nan, nan, nan, nan, nan, nan]",,,,,,
1740060525.727989,ble-pd-B43A31EF7B26,2242a413-bd09-169d-1613-bc161c13cbdc,6198,19,-72.0,-74.0,-74.0,-73.0,,-51.0,,2.869419720712567,-1.4811551234511566,0.5281357368313578,-1.4964207622936545,,1.3844107263790737,,0.5849147307460107,0.3574970522254069,0.3252408118128535,0.3197399860022676,,1.0548544898765746,,-3.402176856994629,6.899336338043213,1.3474843502044678,-3.54,6.84,1.96,"['[20.0', 8.0, -14.0, -18.0, 2.0, 20.0, 10.0, -16.0, -31.0, -100.0, 62.0, -2.0, 17.0, -64.0, 125.0, -39.0, -24.0, -54.0, 7.0, -1.0, -8.0, -82.0, 83.0, -60.0, -21.0, -30.0, 3.0, 2.0, -3.0, -59.0, 31.0, -28.0, -31.0, 3.0, -10.0, 6.0, 4.0, -13.0, 34.0, -6.0, -15.0, -28.0, -99.0, 61.0, -2.0, 16.0, -64.0, 125.0, -40.0, -26.0, -52.0, 7.0, -1.0, -8.0, -81.0, 82.0, -59.0, -22.0, -31.0, 4.0, 2.0, -3.0, -61.0, 30.0, -27.0, -30.0, 1.0, -10.0, 6.0, 4.0, -13.0, 33.0, -6.0, -16.0, -29.0, -98.0, 62.0, -2.0, 17.0, -64.0, 125.0, ' -39.0]']","['[1.0', -18.0, -14.0, 9.0, 20.0, 4.0, -17.0, -15.0, 72.0, 19.0, 22.0, -75.0, 38.0, -6.0, -2.0, -61.0, 45.0, 60.0, 13.0, -47.0, -9.0, 56.0, -13.0, -10.0, 17.0, 38.0, -4.0, -34.0, 4.0, 81.0, 1.0, -11.0, 8.0, 80.0, 14.0, -10.0, 1.0, 96.0, 31.0, -19.0, -16.0, 75.0, 22.0, 24.0, -74.0, 37.0, -6.0, -1.0, -60.0, 45.0, 60.0, 14.0, -47.0, -9.0, 58.0, -16.0, -12.0, 17.0, 38.0, -5.0, -34.0, 4.0, 79.0, 1.0, -11.0, 9.0, 81.0, 14.0, -9.0, 1.0, 97.0, 30.0, -20.0, -14.0, 74.0, 23.0, 23.0, -74.0, 38.0, -3.0, -1.0, ' -60.0]']","['[-27.0', 1.0, ' 26.0', 6.0, -24.0, -13.0, 20.0, 19.0, -20.0, -7.0, -59.0, 3.0, -25.0, -17.0, -28.0, -23.0, -40.0, -27.0, -35.0, -20.0, 3.0, -4.0, 17.0, 28.0, -8.0, 0.0, -18.0, -24.0, -15.0, -10.0, 14.0, 10.0, 24.0, 23.0, -27.0, 13.0, 20.0, 25.0, 51.0, 20.0, 14.0, -18.0, -15.0, -68.0, 4.0, -36.0, -17.0, -26.0, -23.0, -38.0, -32.0, -37.0, -20.0, -3.0, -4.0, 10.0, 29.0, -21.0, 0.0, -31.0, -28.0, -27.0, -15.0, 7.0, 9.0, 20.0, 21.0, -52.0, 11.0, -5.0, 24.0, 51.0, 24.0, 11.0, -18.0, -19.0, -74.0, 6.0, -44.0, -18.0, -22.0, ' -19.0]']","['[4.0', ' 27.0', ' 3.0', -25.0, -10.0, 22.0, 15.0, -18.0, 0.0, -27.0, -49.0, 9.0, -49.0, -3.0, 9.0, -3.0, 1.0, -25.0, -14.0, 0.0, -22.0, 1.0, -23.0, 9.0, -68.0, -4.0, -61.0, -20.0, -54.0, -29.0, -32.0, 0.0, -21.0, -8.0, -120.0, -6.0, -121.0, -12.0, 5.0, 25.0, -22.0, 5.0, -25.0, -35.0, 8.0, -42.0, 0.0, 17.0, 2.0, 10.0, -19.0, -6.0, 5.0, -23.0, 2.0, -26.0, 2.0, -65.0, -5.0, -56.0, -15.0, -49.0, -25.0, -34.0, -3.0, -25.0, -13.0, -110.0, -9.0, -123.0, -17.0, -5.0, 19.0, -24.0, 7.0, -20.0, -17.0, 7.0, -35.0, 3.0, 21.0, ' 9.0]']","['[-17.0', ' -13.0', ' 10.0', 19.0, 0.0, -20.0, -9.0, 16.0, 20.0, -114.0, 4.0, -55.0, 11.0, 28.0, 8.0, 95.0, -38.0, 11.0, -15.0, 54.0, -13.0, 55.0, 19.0, 20.0, 4.0, 39.0, -12.0, 28.0, 5.0, 48.0, 2.0, 20.0, -7.0, -40.0, 6.0, -30.0, 1.0, -56.0, -13.0, -74.0, -21.0, 37.0, 48.0, 19.0, 23.0, 12.0, -58.0, -16.0, -107.0, 37.0, -52.0, 29.0, -58.0, 16.0, -43.0, 2.0, 31.0, -17.0, -10.0, 11.0, 28.0, 8.0, 39.0, 4.0, 29.0, 9.0, 51.0, -7.0, 61.0, -19.0, 60.0, 1.0, 56.0, 9.0, -66.0, 53.0, -31.0, 25.0, -26.0, 44.0, 13.0, ' 39.0]']","['[-8.0', ' 14.0', ' 16.0', -5.0, -20.0, -4.0, 17.0, 13.0, -62.0, 29.0, -31.0, 15.0, -24.0, 52.0, 16.0, 61.0, -15.0, 58.0, -26.0, 31.0, -9.0, 9.0, -18.0, -59.0, 18.0, -19.0, -4.0, -57.0, -14.0, -90.0, -8.0, -54.0, -5.0, -33.0, 5.0, -53.0, 22.0, -32.0, 9.0, -13.0, 4.0, 55.0, -108.0, 24.0, -52.0, 23.0, -11.0, -3.0, 37.0, -18.0, -28.0, 4.0, 23.0, -5.0, 38.0, 27.0, 54.0, -10.0, 43.0, -8.0, 58.0, 13.0, 95.0, 6.0, 50.0, -1.0, -10.0, 1.0, 10.0, -13.0, -23.0, -16.0, -50.0, -20.0, -6.0, 105.0, 1.0, 49.0, -4.0, -39.0, -10.0, ' -107.0]']","['[2.0', ' 21.0', 11.0, -12.0, -20.0, -3.0, 18.0, 17.0, -33.0, -2.0, 18.0, 32.0, 38.0, 1.0, -16.0, -32.0, 22.0, -16.0, -19.0, 0.0, -52.0, 23.0, 26.0, 73.0, -18.0, 37.0, 60.0, 21.0, -25.0, -35.0, -32.0, -55.0, -95.0, -29.0, -32.0, 29.0, 50.0, 29.0, 62.0, -32.0, 0.0, 33.0, 2.0, 19.0, -28.0, -20.0, -39.0, -17.0, -18.0, -18.0, -22.0, -8.0, 14.0, 57.0, -5.0, -7.0, -23.0, 60.0, -28.0, -47.0, -26.0, -29.0, 15.0, 19.0, 84.0, 2.0, 51.0, 73.0, 21.0, -13.0, -47.0, -69.0, -39.0, -18.0, -8.0, -2.0, -42.0, 4.0, -12.0, 48.0, 38.0, ' 53.0]']","['[20.0', 4.0, -18.0, -17.0, 4.0, 20.0, 9.0, -14.0, -16.0, -1.0, -39.0, 10.0, -3.0, 49.0, 35.0, 48.0, 4.0, 42.0, 26.0, -17.0, -29.0, -11.0, -11.0, -31.0, -62.0, 6.0, 13.0, 17.0, 58.0, 8.0, 1.0, -62.0, 77.0, -43.0, -69.0, -50.0, -23.0, 36.0, 37.0, 77.0, 23.0, -17.0, 0.0, 38.0, 18.0, 33.0, -30.0, -35.0, -56.0, 13.0, -38.0, -31.0, 11.0, -19.0, 25.0, 27.0, 76.0, 25.0, 25.0, 39.0, 5.0, -57.0, -32.0, -26.0, -3.0, -123.0, 6.0, 19.0, 55.0, 54.0, 0.0, 22.0, -72.0, -12.0, 36.0, 3.0, -9.0, -33.0, -36.0, -11.0, 8.0, ' 23.0]']",,,,,,
1740060526.728278,ble-pd-B43A31EF7B26,e93a905b-7e84-e1ff-039c-1dc4cd0387e5,6199,33,-61.0,-81.0,-72.0,-64.0,,,,2.7880676062616985,-1.4893942780735892,0.4855131751651846,-1.45880081557714,,,,0.6636115404320158,0.3646915819102559,0.3773513509156247,0.3614192227208211,,,,,,,-3.54,6.84,1.96,"['[80.0', -26.0, -97.0, -37.0, 72.0, 86.0, -15.0, -96.0, 0.0, -19.0, 66.0, 20.0, 11.0, 38.0, 65.0, -81.0, 0.0, -36.0, 52.0, -36.0, -18.0, 6.0, 30.0, -107.0, -12.0, -8.0, 50.0, -68.0, -1.0, -9.0, 11.0, -63.0, -27.0, -1.0, -13.0, -72.0, 33.0, 11.0, 29.0, -43.0, -93.0, -21.0, -13.0, 62.0, 36.0, 5.0, 27.0, 77.0, -73.0, -3.0, -44.0, 49.0, -16.0, -24.0, -1.0, 39.0, -107.0, -7.0, -19.0, 51.0, -56.0, -8.0, -18.0, 17.0, -66.0, -28.0, -16.0, -11.0, -67.0, 31.0, 0.0, 25.0, -39.0, -82.0, -34.0, -9.0, 59.0, 53.0, -2.0, 16.0, 87.0, ' -65.0]']","['[-55.0', -94.0, -7.0, 90.0, 65.0, -46.0, -97.0, -20.0, 99.0, -16.0, 3.0, -111.0, 39.0, 55.0, -77.0, -26.0, 32.0, 42.0, 9.0, -118.0, 34.0, 56.0, -53.0, 9.0, -20.0, 59.0, -13.0, -67.0, 37.0, 62.0, -29.0, 16.0, 8.0, 103.0, -4.0, -22.0, 6.0, 65.0, 20.0, -19.0, -32.0, 99.0, -20.0, 15.0, -105.0, 40.0, 62.0, -64.0, -42.0, 33.0, 33.0, 20.0, -124.0, 31.0, 56.0, -47.0, -5.0, -21.0, 55.0, -6.0, -79.0, 37.0, 60.0, -27.0, 4.0, 4.0, 102.0, -6.0, -35.0, 12.0, 66.0, 25.0, -27.0, -52.0, 94.0, -22.0, 25.0, -97.0, 40.0, 66.0, -49.0, ' -51.0]']","['[-2.0', 12.0, ' 6.0', -10.0, -8.0, 8.0, 10.0, -3.0, -22.0, -28.0, -41.0, -7.0, -34.0, 1.0, -15.0, 12.0, -4.0, -20.0, 7.0, -2.0, -17.0, -13.0, -28.0, 3.0, -21.0, -24.0, -42.0, -25.0, -66.0, -21.0, -29.0, 3.0, -30.0, -4.0, -102.0, 10.0, -123.0, 10.0, -7.0, 38.0, -8.0, -19.0, -23.0, -40.0, -5.0, -32.0, 8.0, -10.0, 17.0, 1.0, -17.0, 12.0, -3.0, -11.0, -12.0, -25.0, -3.0, -21.0, -22.0, -37.0, -22.0, -64.0, -18.0, -40.0, 4.0, -33.0, -10.0, -94.0, 5.0, -122.0, 5.0, -16.0, 39.0, -8.0, -17.0, -15.0, -33.0, -3.0, -24.0, 11.0, -4.0, ' 23.0]']","['[11.0', ' 3.0', ' -9.0', -6.0, 9.0, 9.0, -6.0, -11.0, 0.0, 42.0, 17.0, 10.0, 23.0, 31.0, 34.0, 24.0, 22.0, 17.0, 26.0, 12.0, 33.0, -6.0, 8.0, -35.0, -2.0, 7.0, 21.0, 6.0, 0.0, 4.0, -46.0, 8.0, -9.0, -26.0, 26.0, -23.0, -18.0, -22.0, -51.0, -3.0, -10.0, 5.0, 46.0, 24.0, 11.0, 28.0, 29.0, 35.0, 24.0, 23.0, 20.0, 24.0, 14.0, 36.0, -1.0, 14.0, -37.0, 1.0, 11.0, 30.0, 12.0, 11.0, 9.0, -41.0, 7.0, -2.0, -24.0, 45.0, -23.0, 1.0, -26.0, -50.0, -7.0, -8.0, 7.0, 48.0, 31.0, 11.0, 33.0, 29.0, 37.0, ' 20.0]']","['[27.0', ' 34.0', ' -9.0', -39.0, -14.0, 33.0, 30.0, -15.0, -54.0, 119.0, -4.0, 39.0, -5.0, -6.0, 43.0, -55.0, -1.0, -33.0, -5.0, -29.0, -3.0, -39.0, -26.0, -4.0, -8.0, -37.0, -18.0, -61.0, -24.0, -21.0, -8.0, 16.0, 42.0, -55.0, 73.0, -23.0, 75.0, 0.0, 32.0, 29.0, 37.0, 26.0, -86.0, 27.0, -5.0, 31.0, 65.0, 9.0, 85.0, -29.0, 72.0, 0.0, 59.0, 4.0, 27.0, 29.0, -29.0, 18.0, 44.0, 2.0, 24.0, 16.0, -4.0, 6.0, -31.0, -66.0, -18.0, -35.0, -19.0, -50.0, 0.0, -7.0, 10.0, -40.0, 15.0, 0.0, -33.0, -31.0, -42.0, -85.0, -56.0, ' -69.0]']","['[29.0', ' -19.0', ' -38.0', -1.0, 37.0, 23.0, -25.0, -39.0, 17.0, -2.0, -34.0, -35.0, -41.0, -85.0, -58.0, -65.0, 41.0, -69.0, 2.0, -55.0, -3.0, 0.0, -15.0, 49.0, -17.0, -23.0, 16.0, 28.0, 3.0, 29.0, 0.0, 26.0, 52.0, 87.0, -26.0, 53.0, -5.0, -1.0, -24.0, -44.0, 16.0, -50.0, 85.0, 21.0, 51.0, 28.0, 53.0, 72.0, 7.0, -30.0, 28.0, -5.0, 20.0, 0.0, -28.0, -7.0, -38.0, 6.0, -9.0, -24.0, -62.0, -19.0, -36.0, -5.0, -6.0, -7.0, -103.0, 71.0, -54.0, 56.0, 2.0, 38.0, 52.0, 15.0, 55.0, -120.0, 2.0, -41.0, 4.0, 0.0, -45.0, ' 50.0]']","['[69.0', ' 44.0', -38.0, -71.0, -13.0, 61.0, 58.0, -18.0, -43.0, -1.0, -71.0, -4.0, -71.0, 48.0, 37.0, 49.0, 42.0, 18.0, 43.0, -15.0, -70.0, -18.0, -47.0, 10.0, -44.0, 40.0, 39.0, 43.0, 79.0, -20.0, 16.0, -81.0, 22.0, -23.0, -105.0, 23.0, -67.0, 45.0, 62.0, 31.0, 61.0, -4.0, 5.0, 49.0, 18.0, 95.0, -42.0, 0.0, -78.0, -19.0, -46.0, -79.0, -12.0, 5.0, 35.0, 60.0, 48.0, 55.0, -13.0, 12.0, -43.0, -74.0, -1.0, -49.0, 58.0, -53.0, 50.0, 66.0, 7.0, 110.0, -45.0, 11.0, -79.0, -71.0, 50.0, -7.0, -8.0, -24.0, -76.0, 16.0, -34.0, ' 71.0]']","['[21.0', -58.0, -62.0, 13.0, 71.0, 38.0, -43.0, -70.0, 57.0, -7.0, 5.0, -24.0, -64.0, 7.0, -42.0, 64.0, -22.0, 49.0, 72.0, 37.0, 75.0, -32.0, -35.0, -88.0, -31.0, -24.0, -67.0, 13.0, 18.0, 26.0, 57.0, 8.0, 56.0, -50.0, 26.0, -38.0, -93.0, 14.0, -100.0, 91.0, 44.0, -73.0, 4.0, -51.0, 14.0, 3.0, 25.0, 55.0, -22.0, 46.0, -25.0, -31.0, -38.0, -103.0, 12.0, -2.0, 74.0, -3.0, 44.0, 77.0, 17.0, 35.0, -33.0, -35.0, -58.0, -27.0, 24.0, -86.0, 44.0, 29.0, 16.0, 116.0, -51.0, 6.0, 53.0, 0.0, 70.0, 0.0, 57.0, -47.0, -42.0, ' -30.0]']",,,,,,
1740060527.725371,ble-pd-B43A31EF7B26,ece1efb0-83ac-ef4c-e215-9a809567d9a8,6200,2,-63.0,-67.0,-75.0,-61.0,-57.0,,,2.7106979829049345,-1.480756581394026,0.3677710949472554,-1.468112558328602,-0.789400638133321,,,0.6724463110322445,0.3979590245887124,0.2997551924186358,0.3739406072180466,0.6637753621001812,,,,,,-3.54,6.84,1.96,"['[-12.0', 38.0, 37.0, -15.0, -47.0, -13.0, 37.0, 38.0, -15.0, -33.0, 13.0, 41.0, -17.0, -75.0, 44.0, 42.0, -27.0, -39.0, -20.0, 57.0, -20.0, -96.0, 5.0, 15.0, -11.0, -53.0, -17.0, 39.0, -21.0, -50.0, -5.0, 21.0, -62.0, -62.0, -19.0, 25.0, -21.0, -88.0, 34.0, 40.0, 28.0, -10.0, -58.0, 46.0, 44.0, -7.0, -101.0, 68.0, 21.0, -19.0, -52.0, -7.0, 59.0, -25.0, -96.0, 24.0, 6.0, -7.0, -71.0, -2.0, 27.0, -19.0, -50.0, 19.0, 19.0, -56.0, -63.0, -12.0, 33.0, -24.0, -80.0, 42.0, 41.0, 19.0, -3.0, -80.0, 74.0, 43.0, 2.0, -114.0, 85.0, ' 1.0]']","['[45.0', 25.0, -29.0, -44.0, 1.0, 45.0, 28.0, -26.0, 18.0, -92.0, 108.0, 14.0, 28.0, -92.0, 86.0, -62.0, 22.0, -58.0, 45.0, 9.0, -19.0, -10.0, 60.0, -23.0, 10.0, -67.0, 47.0, -26.0, 2.0, -13.0, 75.0, 2.0, 12.0, -7.0, 18.0, 30.0, -6.0, 16.0, 37.0, 5.0, -37.0, 19.0, -79.0, 97.0, 2.0, 31.0, -62.0, 68.0, -71.0, 30.0, -46.0, 50.0, -7.0, -9.0, 20.0, 55.0, -25.0, 13.0, -47.0, 49.0, -37.0, 7.0, 1.0, 70.0, -5.0, 27.0, 9.0, 22.0, 21.0, -1.0, 43.0, 25.0, -7.0, -42.0, 22.0, -57.0, 79.0, -12.0, 33.0, -29.0, 48.0, ' -76.0]']","['[56.0', -7.0, ' -55.0', -15.0, 52.0, 27.0, -47.0, -36.0, 53.0, 14.0, 89.0, -19.0, 32.0, 14.0, 3.0, 57.0, 72.0, 20.0, 48.0, 25.0, -11.0, 40.0, -18.0, 38.0, 38.0, 9.0, 11.0, 24.0, -26.0, 12.0, 14.0, -28.0, -8.0, -12.0, 5.0, -20.0, 2.0, -5.0, 13.0, 71.0, -18.0, 34.0, 37.0, 83.0, -13.0, 37.0, 19.0, 0.0, 45.0, 79.0, 13.0, 64.0, 17.0, 3.0, 31.0, -7.0, 25.0, 66.0, 12.0, 40.0, 24.0, -23.0, 16.0, -1.0, -17.0, 19.0, 0.0, 46.0, -4.0, 24.0, 3.0, 25.0, 68.0, -7.0, 13.0, 62.0, 67.0, 3.0, 33.0, 25.0, -7.0, ' 25.0]']","['[-10.0', ' -55.0', ' -4.0', 57.0, 20.0, -54.0, -30.0, 42.0, -48.0, 82.0, -9.0, 38.0, 14.0, 13.0, -20.0, -24.0, 31.0, -17.0, 47.0, -18.0, 38.0, -18.0, 22.0, -45.0, 101.0, 7.0, 83.0, 1.0, 0.0, 26.0, -46.0, 21.0, 68.0, 29.0, 126.0, 37.0, 76.0, 31.0, 51.0, -5.0, 51.0, -60.0, 73.0, -39.0, 41.0, 4.0, 4.0, -24.0, -43.0, 3.0, -22.0, 31.0, -22.0, 40.0, -30.0, 28.0, -55.0, 80.0, 1.0, 78.0, -4.0, 11.0, 19.0, -51.0, 30.0, 65.0, 31.0, 111.0, 44.0, 71.0, 30.0, 47.0, -24.0, 57.0, -68.0, 55.0, -62.0, 42.0, -6.0, -1.0, -22.0, ' -54.0]']","['[8.0', ' 12.0', ' -1.0', -13.0, -5.0, 10.0, 10.0, -5.0, -5.0, 70.0, 15.0, 49.0, 7.0, -17.0, 1.0, -49.0, 8.0, 9.0, -5.0, -3.0, -2.0, -32.0, 0.0, -56.0, 11.0, -55.0, 20.0, -30.0, 0.0, 42.0, -9.0, 70.0, 6.0, 21.0, -1.0, 56.0, 14.0, 44.0, 5.0, 54.0, 12.0, -19.0, -2.0, -6.0, -12.0, 5.0, 2.0, 9.0, 0.0, 4.0, 58.0, 10.0, 26.0, 1.0, -2.0, 3.0, -11.0, -22.0, 33.0, -40.0, 7.0, -33.0, -69.0, -11.0, -119.0, 13.0, -42.0, 29.0, -60.0, 0.0, -36.0, 3.0, 25.0, -5.0, 23.0, -68.0, -10.0, -41.0, -12.0, 15.0, -11.0, ' 49.0]']","['[10.0', ' -5.0', ' -12.0', -2.0, 12.0, 8.0, -8.0, -12.0, 23.0, -29.0, 0.0, -11.0, -9.0, 4.0, -12.0, 21.0, -8.0, -70.0, -9.0, -28.0, 0.0, 17.0, -3.0, 38.0, 20.0, -10.0, 35.0, 5.0, 38.0, 55.0, 16.0, 98.0, -18.0, 35.0, -32.0, 40.0, -7.0, 19.0, -6.0, -53.0, -1.0, -16.0, 77.0, 13.0, 50.0, 11.0, -18.0, 7.0, -54.0, 11.0, 40.0, -1.0, 8.0, -3.0, -38.0, 1.0, -67.0, 1.0, -43.0, 2.0, -30.0, -17.0, 15.0, -15.0, 25.0, 13.0, 4.0, 13.0, 32.0, 16.0, 32.0, 7.0, 71.0, 11.0, -9.0, -36.0, -11.0, -30.0, 0.0, 10.0, 5.0, ' 24.0]']","['[37.0', ' 63.0', 8.0, -57.0, -47.0, 23.0, 65.0, 22.0, -46.0, -51.0, -61.0, -3.0, 1.0, 41.0, 39.0, 25.0, 53.0, -3.0, 13.0, -10.0, -60.0, 2.0, -20.0, 73.0, -51.0, 19.0, 70.0, 31.0, 87.0, -33.0, 11.0, -29.0, -54.0, 3.0, -104.0, 5.0, 14.0, -1.0, 56.0, 33.0, 48.0, -28.0, 2.0, 23.0, 23.0, 52.0, -43.0, -63.0, -115.0, -29.0, -40.0, -79.0, -10.0, -24.0, 25.0, 0.0, 30.0, 83.0, 0.0, 44.0, -21.0, -64.0, 24.0, -54.0, 64.0, -29.0, 6.0, 89.0, 6.0, 87.0, 19.0, 30.0, -1.0, -56.0, 68.0, 50.0, 48.0, -11.0, -38.0, -11.0, 5.0, ' 55.0]']","['[53.0', -14.0, -65.0, -31.0, 45.0, 60.0, 0.0, -60.0, 48.0, 13.0, -1.0, -23.0, -56.0, 31.0, 52.0, 113.0, 10.0, 45.0, 78.0, 14.0, 43.0, -27.0, 6.0, -59.0, -69.0, -6.0, -73.0, 11.0, 35.0, -13.0, 52.0, -57.0, 51.0, -7.0, -58.0, -8.0, -99.0, -20.0, -53.0, -9.0, 39.0, -61.0, -53.0, -58.0, 4.0, 21.0, 29.0, 17.0, -15.0, 46.0, -19.0, -14.0, -14.0, -71.0, 11.0, -20.0, 88.0, -23.0, 21.0, 91.0, 26.0, 69.0, -26.0, -6.0, -8.0, -69.0, 6.0, -77.0, 6.0, 49.0, 6.0, 72.0, 35.0, 30.0, -4.0, 20.0, 39.0, 20.0, 41.0, -51.0, -66.0, ' -98.0]']",,,,,,
1740060528.728891,ble-pd-B43A31EF7B26,db230147-7a73-9810-e756-2e22a6b100e3,6201,16,-70.0,-75.0,-73.0,-66.0,-57.0,-48.0,-58.0,2.713488975727337,-1.4676712725359762,0.4179296035500258,-1.503343116915097,-0.8645585715624144,2.175148918955024,0.2803184868660593,0.6573632318824718,0.3663915109235672,0.3201497466254899,0.3283009170634091,0.6583218888248068,0.7000856602345537,0.5065322558879313,-3.40088438987732,6.895846366882324,1.2784818410873413,-3.54,6.84,1.96,"['[23.0', 4.0, -19.0, -18.0, 8.0, 24.0, 7.0, -19.0, 27.0, -51.0, 63.0, -47.0, 36.0, -64.0, 78.0, -51.0, 11.0, 0.0, 18.0, -19.0, -24.0, -24.0, 41.0, -30.0, 2.0, -18.0, 0.0, -13.0, -11.0, 24.0, 25.0, -14.0, -10.0, 44.0, 2.0, -4.0, 3.0, 66.0, 35.0, -17.0, -22.0, 33.0, -44.0, 60.0, -49.0, 36.0, -61.0, 72.0, -53.0, 16.0, 5.0, 18.0, -23.0, -24.0, -15.0, 36.0, -29.0, 5.0, -15.0, 0.0, -16.0, -10.0, 30.0, 23.0, -14.0, -7.0, 50.0, 3.0, -4.0, 4.0, 69.0, 33.0, -18.0, -22.0, 35.0, -40.0, 58.0, -52.0, 36.0, -58.0, 66.0, ' -54.0]']","['[-2.0', -23.0, -13.0, 14.0, 22.0, 0.0, -22.0, -13.0, 72.0, 74.0, -24.0, -38.0, 12.0, 34.0, -92.0, -16.0, 60.0, 64.0, 7.0, -33.0, 5.0, 98.0, -74.0, 29.0, 41.0, 38.0, 1.0, -40.0, 13.0, 98.0, -31.0, 10.0, 35.0, 63.0, 8.0, -20.0, 0.0, 68.0, -19.0, -13.0, -11.0, 70.0, 78.0, -28.0, -35.0, 10.0, 40.0, -97.0, -12.0, 59.0, 63.0, 7.0, -30.0, 8.0, 100.0, -76.0, 30.0, 40.0, 40.0, 0.0, -39.0, 13.0, 97.0, -32.0, 11.0, 35.0, 59.0, 6.0, -20.0, 0.0, 66.0, -21.0, -12.0, -9.0, 69.0, 81.0, -33.0, -31.0, 9.0, 43.0, -102.0, ' -9.0]']","['[20.0', -5.0, ' -20.0', -1.0, 20.0, 6.0, -19.0, -13.0, 23.0, 0.0, 65.0, 0.0, 35.0, 22.0, 18.0, 26.0, 41.0, 19.0, 38.0, 16.0, 6.0, 1.0, -11.0, -7.0, 22.0, 19.0, 24.0, 28.0, 19.0, 15.0, -3.0, 2.0, -21.0, -27.0, 63.0, -16.0, 6.0, -20.0, -48.0, -27.0, -8.0, 22.0, 6.0, 71.0, 0.0, 43.0, 22.0, 13.0, 18.0, 39.0, 20.0, 38.0, 15.0, 14.0, 2.0, -2.0, -7.0, 38.0, 18.0, 35.0, 33.0, 27.0, 22.0, 0.0, 7.0, -11.0, -19.0, 89.0, -15.0, 29.0, -16.0, -46.0, -30.0, -1.0, 17.0, 13.0, 69.0, 0.0, 45.0, 22.0, 5.0, ' 7.0]']","['[-7.0', ' -20.0', ' 2.0', 21.0, 4.0, -19.0, -9.0, 17.0, -4.0, 25.0, 24.0, 0.0, 29.0, 1.0, -21.0, -29.0, -3.0, 8.0, 11.0, -1.0, 31.0, 3.0, 33.0, -1.0, 65.0, -4.0, 46.0, 16.0, 38.0, 23.0, 18.0, 21.0, 33.0, 25.0, 106.0, 3.0, 112.0, 12.0, -1.0, -13.0, 21.0, -8.0, 25.0, 5.0, 0.0, 19.0, -2.0, -26.0, -35.0, -12.0, 4.0, 2.0, -5.0, 28.0, 2.0, 35.0, 0.0, 56.0, -7.0, 38.0, 8.0, 34.0, 19.0, 18.0, 20.0, 37.0, 32.0, 83.0, 7.0, 108.0, 16.0, 10.0, -6.0, 21.0, -14.0, 22.0, -10.0, 0.0, 6.0, -9.0, -30.0, ' -40.0]']","['[-12.0', ' 13.0', ' 20.0', -4.0, -21.0, -7.0, 17.0, 16.0, -36.0, 40.0, -16.0, 24.0, -7.0, 25.0, 3.0, 36.0, 3.0, 24.0, -4.0, 16.0, -1.0, -9.0, -21.0, -30.0, 18.0, -3.0, 5.0, -46.0, -2.0, -83.0, 6.0, -73.0, -4.0, -16.0, 22.0, -51.0, 16.0, 1.0, 30.0, 35.0, 3.0, 12.0, -87.0, -7.0, -46.0, -6.0, 35.0, 3.0, 74.0, -26.0, -4.0, -19.0, 28.0, -9.0, 30.0, 7.0, 21.0, 0.0, -3.0, -6.0, 32.0, 1.0, 49.0, -9.0, 56.0, -1.0, 0.0, -27.0, 11.0, -16.0, -20.0, -21.0, -68.0, -20.0, 22.0, 58.0, 23.0, 30.0, 17.0, -68.0, -7.0, ' -120.0]']","['[18.0', ' 16.0', ' -9.0', -21.0, -1.0, 20.0, 13.0, -13.0, 11.0, 77.0, 19.0, 40.0, 15.0, -62.0, -6.0, -114.0, 28.0, -11.0, 27.0, -44.0, 13.0, -30.0, 7.0, -3.0, -12.0, 6.0, 3.0, -7.0, 0.0, -1.0, 8.0, -16.0, 5.0, 10.0, 17.0, 21.0, 8.0, 25.0, 3.0, 59.0, 20.0, -35.0, -8.0, -23.0, -3.0, -15.0, 58.0, 6.0, 93.0, -12.0, 25.0, -20.0, 36.0, -9.0, 8.0, -20.0, -22.0, 23.0, -7.0, 2.0, -35.0, -3.0, -66.0, 0.0, -50.0, -8.0, -19.0, 8.0, -53.0, 8.0, -13.0, 22.0, -8.0, -9.0, 31.0, -66.0, 7.0, -37.0, 1.0, -3.0, 0.0, ' 3.0]']","['[40.0', ' 31.0', -17.0, -44.0, -12.0, 34.0, 38.0, -7.0, -28.0, -10.0, -57.0, -19.0, -27.0, 8.0, 59.0, 28.0, 5.0, 17.0, 29.0, -6.0, -26.0, -45.0, -35.0, -43.0, -33.0, -34.0, -1.0, 27.0, 81.0, 13.0, 25.0, 9.0, 113.0, -10.0, -63.0, -42.0, -58.0, 9.0, 27.0, 87.0, 41.0, -21.0, -2.0, 31.0, 30.0, 52.0, 18.0, -36.0, -30.0, 9.0, -4.0, -45.0, -20.0, -37.0, 32.0, 37.0, 48.0, -9.0, 40.0, 49.0, 6.0, -36.0, -35.0, -49.0, -61.0, -90.0, -39.0, -7.0, 21.0, 92.0, 18.0, 63.0, -26.0, -37.0, 55.0, 12.0, 22.0, -16.0, -30.0, -29.0, -18.0, ' 6.0]']","['[15.0', -31.0, -39.0, 4.0, 43.0, 26.0, -22.0, -43.0, 47.0, 10.0, 3.0, -25.0, -43.0, -28.0, 1.0, 17.0, -15.0, -5.0, 35.0, 28.0, 65.0, -6.0, -20.0, -27.0, 33.0, -25.0, -58.0, -26.0, -13.0, 34.0, 41.0, 68.0, 32.0, 54.0, 53.0, 2.0, -73.0, -31.0, -97.0, -32.0, 15.0, -51.0, -14.0, -49.0, -1.0, 2.0, 24.0, 47.0, 14.0, 14.0, 18.0, 4.0, -20.0, -60.0, -34.0, -16.0, -18.0, -46.0, -12.0, 30.0, 39.0, 74.0, -7.0, -2.0, -34.0, 76.0, -38.0, -83.0, -36.0, -4.0, 26.0, 78.0, 89.0, 24.0, 10.0, 5.0, 53.0, 26.0, 41.0, 1.0, -56.0, ' -31.0]']",,,,,,
1740060529.72886,ble-pd-B43A31EF7B26,ef1d2f60-4a6f-5ac2-68cd-a8293302ae0d,6202,24,-63.0,-75.0,-75.0,-65.0,-61.0,,-65.0,2.717607820669254,-1.5151184168329368,0.476485325385925,-1.477961327513879,0.0831857529512245,,-0.2269353689405945,0.6644265343046072,0.4031549184544842,0.3736916682351514,0.386087284949898,0.574377539920281,,0.3921679923386448,-3.3608238697052,6.8899688720703125,1.2266266345977783,-3.54,6.84,1.96,"['[-37.0', 33.0, 59.0, 8.0, -55.0, -42.0, 26.0, 64.0, 10.0, 81.0, -55.0, 3.0, -43.0, 24.0, -50.0, 34.0, 20.0, 59.0, -16.0, 35.0, -10.0, 37.0, -50.0, 73.0, 23.0, 25.0, -21.0, 50.0, 6.0, 44.0, -33.0, 45.0, 22.0, 11.0, 8.0, 48.0, -18.0, 3.0, 12.0, 33.0, 64.0, 13.0, 80.0, -55.0, 0.0, -40.0, 24.0, -51.0, 33.0, 20.0, 60.0, -17.0, 33.0, -9.0, 37.0, -51.0, 73.0, 23.0, 26.0, -22.0, 49.0, 6.0, 45.0, -34.0, 44.0, 22.0, 8.0, 8.0, 49.0, -19.0, 5.0, 13.0, 34.0, 64.0, 16.0, 80.0, -54.0, -2.0, -39.0, 25.0, -51.0, ' 32.0]']","['[47.0', 51.0, -14.0, -61.0, -26.0, 44.0, 55.0, -7.0, -85.0, 7.0, 11.0, 93.0, -50.0, -7.0, 13.0, 69.0, -52.0, -62.0, 10.0, 87.0, -16.0, -32.0, 9.0, 11.0, -19.0, -53.0, 14.0, 47.0, -13.0, -53.0, 27.0, 0.0, -7.0, -122.0, 23.0, 19.0, -17.0, -81.0, 10.0, -3.0, -6.0, -86.0, 12.0, 9.0, 94.0, -52.0, -6.0, 11.0, 70.0, -52.0, -61.0, 9.0, 89.0, -16.0, -32.0, 7.0, 13.0, -18.0, -52.0, 14.0, 49.0, -13.0, -52.0, 27.0, 2.0, -6.0, -123.0, 24.0, 19.0, -17.0, -81.0, 10.0, -2.0, -6.0, -85.0, 14.0, 8.0, 93.0, -53.0, -7.0, 10.0, ' 68.0]']","['[-15.0', -17.0, ' 10.0', 20.0, -4.0, -20.0, -1.0, 21.0, -15.0, -24.0, -18.0, -10.0, -7.0, -18.0, -43.0, -17.0, -53.0, 13.0, -36.0, -7.0, -17.0, -13.0, 0.0, 2.0, 4.0, 12.0, 3.0, 1.0, 17.0, -7.0, 50.0, -26.0, 18.0, 38.0, 0.0, 23.0, 55.0, 26.0, 41.0, 8.0, 21.0, -19.0, -34.0, -33.0, -8.0, -13.0, -14.0, -40.0, -10.0, -53.0, -1.0, -40.0, -11.0, -22.0, -13.0, -5.0, 12.0, -10.0, 15.0, -10.0, -1.0, 0.0, -13.0, 38.0, -26.0, 8.0, 36.0, -30.0, 25.0, 30.0, 26.0, 47.0, 15.0, 19.0, -20.0, -45.0, -47.0, -8.0, -19.0, -8.0, -34.0, ' 0.0]']","['[-15.0', ' 13.0', ' 18.0', -7.0, -21.0, 2.0, 20.0, 2.0, -14.0, -49.0, -60.0, -1.0, -26.0, 17.0, 7.0, 30.0, -8.0, -62.0, -20.0, -21.0, -23.0, -4.0, -23.0, 40.0, -68.0, 14.0, -64.0, -12.0, -75.0, -21.0, -34.0, -7.0, -36.0, -8.0, -122.0, 17.0, -104.0, 5.0, 21.0, 24.0, -2.0, -9.0, -43.0, -54.0, 1.0, -25.0, 22.0, 18.0, 34.0, 6.0, -62.0, -10.0, -19.0, -19.0, 0.0, -22.0, 38.0, -68.0, 11.0, -64.0, -12.0, -77.0, -18.0, -46.0, -1.0, -40.0, -16.0, -118.0, 9.0, -115.0, -1.0, 10.0, 21.0, -6.0, -4.0, -32.0, -44.0, 3.0, -20.0, 24.0, 27.0, ' 37.0]']","['[15.0', ' 13.0', ' -9.0', -18.0, -1.0, 18.0, 10.0, -13.0, 27.0, 74.0, 10.0, 24.0, 0.0, -56.0, -27.0, -108.0, 57.0, -35.0, 36.0, -55.0, 13.0, -33.0, -10.0, 23.0, -26.0, -25.0, 9.0, 1.0, -1.0, 0.0, -13.0, 22.0, 8.0, 70.0, -8.0, 56.0, -17.0, 74.0, 0.0, 70.0, 19.0, -72.0, 23.0, -33.0, 18.0, -16.0, 52.0, 27.0, 53.0, -22.0, 41.0, -30.0, 33.0, -5.0, 0.0, -5.0, -71.0, 39.0, -9.0, 2.0, -49.0, -11.0, -66.0, 0.0, -50.0, -11.0, -61.0, 11.0, -60.0, 21.0, -57.0, 11.0, -31.0, -10.0, 64.0, -104.0, 32.0, -48.0, 21.0, -7.0, -7.0, ' 41.0]']","['[9.0', ' -12.0', ' -17.0', 4.0, 18.0, 5.0, -15.0, -12.0, 70.0, -89.0, 35.0, -43.0, 22.0, -20.0, -13.0, 21.0, -17.0, -25.0, 10.0, 1.0, -4.0, 28.0, 16.0, 73.0, -30.0, 34.0, -10.0, 61.0, 15.0, 85.0, 11.0, 45.0, 8.0, 23.0, -6.0, 32.0, -14.0, 11.0, -15.0, -18.0, -3.0, -23.0, 115.0, -15.0, 47.0, -13.0, -29.0, -12.0, -97.0, 55.0, -12.0, 20.0, -44.0, 14.0, -44.0, -18.0, -29.0, -2.0, -42.0, 14.0, -37.0, -10.0, -53.0, -17.0, -12.0, 0.0, 42.0, -3.0, 25.0, -2.0, 48.0, 10.0, 66.0, 17.0, -39.0, -55.0, -16.0, -18.0, -3.0, 59.0, 29.0, ' 105.0]']","['[53.0', ' 18.0', -39.0, -48.0, 5.0, 51.0, 31.0, -29.0, -4.0, 7.0, -29.0, 3.0, -16.0, 44.0, 22.0, 47.0, 31.0, 1.0, 39.0, 6.0, -21.0, -38.0, 0.0, -34.0, -67.0, -12.0, 12.0, 46.0, 37.0, -24.0, 31.0, -92.0, 46.0, -54.0, -51.0, -13.0, -56.0, 56.0, 24.0, 85.0, 54.0, -24.0, 5.0, 11.0, 7.0, 17.0, -20.0, -28.0, -69.0, 15.0, -3.0, -55.0, -18.0, -20.0, 42.0, 0.0, 86.0, 50.0, 34.0, 26.0, -17.0, -20.0, -30.0, -37.0, 27.0, -112.0, 39.0, 0.0, 51.0, 61.0, -35.0, 46.0, -107.0, -39.0, 37.0, -14.0, 14.0, -13.0, -6.0, -19.0, 13.0, ' 43.0]']","['[-1.0', -50.0, -35.0, 24.0, 53.0, 12.0, -43.0, -44.0, 37.0, -14.0, 12.0, -13.0, -8.0, -12.0, 17.0, 51.0, -45.0, 2.0, 38.0, 17.0, 47.0, -20.0, 0.0, -82.0, -9.0, -34.0, -46.0, -16.0, -7.0, 61.0, 23.0, 47.0, 109.0, -6.0, 43.0, -56.0, -32.0, -1.0, -84.0, 66.0, 8.0, -28.0, 15.0, -29.0, 11.0, -6.0, 41.0, 5.0, 5.0, 52.0, 0.0, 4.0, -6.0, -47.0, -13.0, 0.0, 29.0, -44.0, 13.0, 40.0, 46.0, 33.0, -58.0, 10.0, -101.0, -39.0, -37.0, -66.0, 25.0, -20.0, 45.0, 73.0, 17.0, 36.0, 0.0, -6.0, 27.0, -1.0, 17.0, -42.0, -23.0, ' -51.0]']",,,,,,
1740060530.72863,ble-pd-B43A31EF7B26,39939557-5468-c688-914f-b9cf647d71a5,6203,3,-67.0,-68.0,-79.0,-62.0,-53.0,-55.0,-59.0,2.7000203048303706,-1.5100078107010748,0.4071965317247885,-1.4541770352925447,-0.3748054324340731,-2.274206106388573,-0.5046773050184515,0.6031324170778339,0.36329255681061,0.3619820485276956,0.3731004797626675,0.6457806630805172,1.081614539066353,0.4356041892037021,-3.300126314163208,6.872272968292236,1.1386940479278564,-3.54,6.84,1.96,"['[-6.0', -29.0, -13.0, 21.0, 27.0, -3.0, -29.0, -15.0, 7.0, 71.0, -56.0, -35.0, 7.0, 106.0, -81.0, -2.0, 20.0, 49.0, 4.0, -43.0, 35.0, 81.0, -23.0, 5.0, 9.0, 69.0, -2.0, -1.0, 15.0, 41.0, -17.0, -11.0, 57.0, 46.0, 16.0, -20.0, 32.0, 69.0, -58.0, -31.0, -7.0, -1.0, 84.0, -78.0, -28.0, -8.0, 118.0, -93.0, 21.0, 9.0, 57.0, -8.0, -30.0, 35.0, 67.0, -36.0, 13.0, 5.0, 74.0, -15.0, 13.0, 12.0, 42.0, -36.0, -7.0, 45.0, 35.0, 11.0, -26.0, 30.0, 51.0, -56.0, -27.0, 3.0, -15.0, 94.0, -93.0, -19.0, -20.0, 118.0, -93.0, ' 44.0]']","['[-29.0', -4.0, 25.0, 22.0, -15.0, -29.0, -5.0, 24.0, -35.0, 61.0, -82.0, 16.0, -37.0, 54.0, -46.0, 78.0, -36.0, 31.0, -41.0, 32.0, 2.0, -30.0, -35.0, 24.0, -14.0, 26.0, -39.0, 50.0, -10.0, -1.0, -65.0, 5.0, -31.0, -30.0, -15.0, -12.0, 2.0, -51.0, -14.0, 12.0, 29.0, -33.0, 37.0, -60.0, 26.0, -36.0, 14.0, -20.0, 73.0, -43.0, 12.0, -42.0, 44.0, -9.0, -53.0, -29.0, 18.0, -18.0, 5.0, -35.0, 50.0, -15.0, -11.0, -59.0, 6.0, -45.0, -40.0, -22.0, -4.0, -5.0, -69.0, 2.0, 22.0, 30.0, -30.0, 9.0, -35.0, 34.0, -31.0, -19.0, 9.0, ' 63.0]']","['[42.0', -27.0, ' -50.0', 13.0, 52.0, 3.0, -51.0, -17.0, 26.0, 54.0, 68.0, -3.0, 30.0, 12.0, -8.0, 33.0, 75.0, 10.0, 68.0, 19.0, 6.0, 33.0, -1.0, 1.0, 79.0, -5.0, 38.0, 23.0, -17.0, 23.0, -14.0, -11.0, 36.0, 5.0, 72.0, 3.0, 40.0, 4.0, 26.0, 60.0, 3.0, 8.0, 73.0, 50.0, 16.0, 29.0, 16.0, -12.0, 12.0, 64.0, 6.0, 68.0, 5.0, 26.0, 19.0, 6.0, -18.0, 100.0, -5.0, 61.0, 14.0, -18.0, 37.0, -25.0, -5.0, 53.0, 10.0, 96.0, 20.0, 61.0, 16.0, 34.0, 48.0, 21.0, -13.0, 76.0, 24.0, 22.0, 23.0, 10.0, -21.0, ' -14.0]']","['[-34.0', ' -48.0', ' 17.0', 52.0, -6.0, -52.0, -8.0, 51.0, -55.0, 56.0, -46.0, 37.0, -2.0, 3.0, -23.0, -45.0, -11.0, -7.0, 20.0, -25.0, 46.0, -35.0, 28.0, -56.0, 69.0, 3.0, 65.0, -12.0, 7.0, 16.0, -43.0, 22.0, 64.0, 17.0, 90.0, 41.0, 70.0, 35.0, 42.0, -33.0, 52.0, -64.0, 33.0, -65.0, 32.0, -12.0, -3.0, -16.0, -57.0, -39.0, -16.0, -8.0, -31.0, 41.0, -47.0, 28.0, -53.0, 34.0, 4.0, 46.0, -18.0, 12.0, 4.0, -32.0, 18.0, 43.0, 18.0, 64.0, 40.0, 52.0, 27.0, 32.0, -54.0, 47.0, -60.0, 7.0, -79.0, 27.0, -24.0, -4.0, -10.0, ' -53.0]']","['[-10.0', ' -7.0', ' 6.0', 10.0, 0.0, -11.0, -5.0, 6.0, 21.0, -61.0, 3.0, -21.0, -2.0, -3.0, 0.0, 32.0, 0.0, -82.0, 0.0, -7.0, -15.0, 35.0, -22.0, 58.0, 22.0, -16.0, 27.0, 6.0, 40.0, 68.0, 16.0, 100.0, -4.0, 58.0, -20.0, 64.0, 0.0, 55.0, -3.0, -20.0, -14.0, -36.0, 92.0, -2.0, 56.0, 9.0, -19.0, 22.0, -66.0, -1.0, 36.0, -13.0, -8.0, -1.0, -71.0, 17.0, -93.0, -1.0, -76.0, 6.0, -34.0, -23.0, 6.0, -19.0, 21.0, -6.0, 5.0, -12.0, 50.0, 3.0, 31.0, 5.0, 66.0, 2.0, 8.0, -15.0, -3.0, -22.0, -4.0, 18.0, -18.0, ' 20.0]']","['[-4.0', ' 8.0', ' 10.0', -3.0, -11.0, -3.0, 9.0, 9.0, 29.0, -71.0, 0.0, -50.0, -8.0, 22.0, -23.0, 57.0, 1.0, -3.0, 13.0, 13.0, 6.0, 62.0, -9.0, 74.0, -9.0, 91.0, -19.0, 34.0, 6.0, -37.0, 13.0, -68.0, 11.0, -32.0, 22.0, -81.0, -2.0, -60.0, -5.0, -62.0, 1.0, 4.0, -23.0, 3.0, 1.0, 0.0, -12.0, 8.0, 8.0, -1.0, -75.0, -4.0, -13.0, -17.0, 6.0, -18.0, 25.0, 23.0, -50.0, 32.0, -8.0, 33.0, 76.0, 8.0, 121.0, -9.0, 65.0, -29.0, 91.0, 1.0, 77.0, -3.0, 7.0, -12.0, -34.0, 93.0, -2.0, 50.0, 8.0, -12.0, 16.0, ' -62.0]']","['[17.0', ' 57.0', 23.0, -39.0, -50.0, 1.0, 53.0, 36.0, -62.0, -48.0, -58.0, 11.0, 12.0, 30.0, 22.0, -16.0, 42.0, -23.0, -5.0, -18.0, -72.0, 4.0, -24.0, 89.0, -27.0, 24.0, 84.0, 20.0, 70.0, -38.0, -7.0, -1.0, -44.0, 11.0, -79.0, 21.0, 27.0, 8.0, 58.0, 21.0, 32.0, -15.0, 22.0, 35.0, 23.0, 41.0, -56.0, -60.0, -106.0, -32.0, -28.0, -69.0, 0.0, -4.0, 26.0, 8.0, 6.0, 78.0, -11.0, 18.0, -30.0, -76.0, 36.0, -39.0, 71.0, -13.0, 18.0, 95.0, -5.0, 74.0, -2.0, 26.0, -6.0, -52.0, 74.0, 34.0, 35.0, -26.0, -40.0, 7.0, 16.0, ' 86.0]']","['[53.0', 2.0, -52.0, -41.0, 22.0, 56.0, 17.0, -42.0, 40.0, -5.0, -17.0, -28.0, -48.0, 50.0, 54.0, 116.0, 18.0, 40.0, 74.0, 7.0, 29.0, -29.0, -1.0, -38.0, -73.0, 3.0, -49.0, 24.0, 57.0, -24.0, 45.0, -75.0, 29.0, -24.0, -73.0, -2.0, -90.0, -1.0, -49.0, 0.0, 46.0, -73.0, -45.0, -49.0, 19.0, 28.0, 12.0, 4.0, -54.0, 32.0, -37.0, -27.0, -19.0, -80.0, 14.0, -22.0, 97.0, -1.0, 21.0, 96.0, 11.0, 48.0, -27.0, -22.0, 24.0, -52.0, 18.0, -50.0, 20.0, 57.0, 8.0, 72.0, 20.0, 14.0, 8.0, 35.0, 48.0, 15.0, 30.0, -59.0, -58.0, ' -76.0]']",,,,,,
1740060531.728587,ble-pd-B43A31EF7B26,6197a290-33a3-23c6-552c-88236a833ee5,6204,15,-69.0,,-69.0,,,,,2.69112161836398,,0.4904445505556844,,,,,0.4189226297414891,,0.2699655218734434,,,,,,,,-3.54,6.84,1.96,"['[-29.0', -15.0, 22.0, 26.0, -6.0, -22.0, -16.0, 21.0, -2.0, 61.0, -59.0, 1.0, -20.0, 79.0, -97.0, 42.0, 10.0, 24.0, -5.0, -6.0, 43.0, 53.0, -46.0, 51.0, 3.0, 57.0, 1.0, -2.0, 15.0, 9.0, -21.0, 3.0, 20.0, 16.0, 3.0, -2.0, 0.0, -18.0, -33.0, 21.0, 19.0, -4.0, 57.0, -56.0, 14.0, -28.0, 76.0, -90.0, 25.0, 2.0, 16.0, -2.0, 0.0, 29.0, 46.0, -45.0, 45.0, 3.0, 51.0, 0.0, 4.0, 31.0, 1.0, -21.0, 20.0, 15.0, 0.0, 9.0, -2.0, 10.0, -33.0, -31.0, 15.0, 21.0, -8.0, 54.0, -59.0, 28.0, -36.0, 81.0, -84.0, ' 18.0]']","['[-5.0', 22.0, 19.0, -9.0, -25.0, -6.0, 21.0, 20.0, -76.0, -18.0, 0.0, 42.0, -45.0, 8.0, 35.0, 46.0, -59.0, -11.0, -11.0, 40.0, 0.0, -64.0, 50.0, 2.0, -31.0, -12.0, -5.0, 58.0, -22.0, -79.0, 19.0, 0.0, -32.0, -53.0, 0.0, 24.0, -3.0, -61.0, 11.0, 23.0, 17.0, -94.0, -21.0, 3.0, 44.0, -28.0, -3.0, 47.0, 48.0, -67.0, -32.0, -11.0, 50.0, -10.0, -77.0, 56.0, -30.0, -31.0, -17.0, -2.0, 60.0, -23.0, -63.0, 6.0, -6.0, -33.0, -66.0, 0.0, 24.0, 2.0, -71.0, 17.0, 29.0, 12.0, -75.0, -28.0, 13.0, 34.0, -35.0, -10.0, 59.0, ' 35.0]']","[nan, nan, nan, nan, nan, nan, nan, nan, nan, nan, nan, nan, nan, nan, nan, nan, nan, nan, nan, nan, nan, nan, nan, nan, nan, nan, nan, nan, nan, nan, nan, nan, nan, nan, nan, nan, nan, nan, nan, nan, nan, nan, nan, nan, nan, nan, nan, nan, nan, nan, nan, nan, nan, nan, nan, nan, nan, nan, nan, nan, nan, nan, nan, nan, nan, nan, nan, nan, nan, nan, nan, nan, nan, nan, nan, nan, nan, nan, nan, nan, nan, nan]","[nan, nan, nan, nan, nan, nan, nan, nan, nan, nan, nan, nan, nan, nan, nan, nan, nan, nan, nan, nan, nan, nan, nan, nan, nan, nan, nan, nan, nan, nan, nan, nan, nan, nan, nan, nan, nan, nan, nan, nan, nan, nan, nan, nan, nan, nan, nan, nan, nan, nan, nan, nan, nan, nan, nan, nan, nan, nan, nan, nan, nan, nan, nan, nan, nan, nan, nan, nan, nan, nan, nan, nan, nan, nan, nan, nan, nan, nan, nan, nan, nan, nan]","['[10.0', -14.0, -10.0, 3.0, 6.0, 30.0, -23.0, -9.0, 36.0, -21.0, 20.0, 3.0, 9.0, -82.0, -9.0, -98.0, 10.0, -80.0, 21.0, -53.0, 0.0, -59.0, 10.0, 24.0, -21.0, -29.0, 3.0, 26.0, -11.0, 21.0, -18.0, 54.0, -7.0, 69.0, 0.0, 43.0, -12.0, 43.0, 17.0, -17.0, 22.0, -42.0, 8.0, -6.0, 34.0, -4.0, 50.0, 0.0, 32.0, -15.0, 81.0, -4.0, 8.0, -9.0, 26.0, -23.0, -40.0, 14.0, -40.0, 12.0, -50.0, 10.0, -103.0, 4.0, -63.0, 9.0, -58.0, 15.0, -31.0, 14.0, -29.0, 18.0, 53.0, 3.0, -2.0, -111.0, 0.0, -51.0, -2.0, ' 55.0', ' 10.0', ' 65.0]']","['[-21.0', -30.0, 5.0, 28.0, 10.0, -13.0, -25.0, 6.0, 16.0, -61.0, -14.0, -70.0, -4.0, 9.0, -14.0, 48.0, -21.0, 8.0, -16.0, 11.0, -3.0, 43.0, -4.0, 73.0, 1.0, 25.0, -3.0, 17.0, 3.0, 64.0, -18.0, 62.0, -3.0, -47.0, -3.0, 38.0, -13.0, -43.0, 3.0, -93.0, -19.0, 12.0, 46.0, 1.0, 21.0, 13.0, -43.0, -24.0, -115.0, 33.0, -17.0, 29.0, -40.0, 21.0, -41.0, -4.0, 21.0, -28.0, 0.0, -7.0, 25.0, 0.0, 18.0, -24.0, 36.0, 9.0, 45.0, -6.0, 59.0, 7.0, 36.0, 10.0, 79.0, 12.0, -42.0, -3.0, -28.0, -12.0, -5.0, ' 51.0', ' -8.0', ' 93.0]']","[nan, nan, nan, nan, nan, nan, nan, nan, nan, nan, nan, nan, nan, nan, nan, nan, nan, nan, nan, nan, nan, nan, nan, nan, nan, nan, nan, nan, nan, nan, nan, nan, nan, nan, nan, nan, nan, nan, nan, nan, nan, nan, nan, nan, nan, nan, nan, nan, nan, nan, nan, nan, nan, nan, nan, nan, nan, nan, nan, nan, nan, nan, nan, nan, nan, nan, nan, nan, nan, nan, nan, nan, nan, nan, nan, nan, nan, nan, nan, nan, nan, nan]","[nan, nan, nan, nan, nan, nan, nan, nan, nan, nan, nan, nan, nan, nan, nan, nan, nan, nan, nan, nan, nan, nan, nan, nan, nan, nan, nan, nan, nan, nan, nan, nan, nan, nan, nan, nan, nan, nan, nan, nan, nan, nan, nan, nan, nan, nan, nan, nan, nan, nan, nan, nan, nan, nan, nan, nan, nan, nan, nan, nan, nan, nan, nan, nan, nan, nan, nan, nan, nan, nan, nan, nan, nan, nan, nan, nan, nan, nan, nan, nan, nan, nan]",,,,,,
1740060532.727239,ble-pd-B43A31EF7B26,b0d702d0-21a7-d068-2790-42c7f286657c,6205,29,-68.0,-75.0,-72.0,-62.0,-56.0,,,2.863781808684869,-1.539591668828275,0.3581245928467704,-1.4152755754594848,-0.5739792861818215,,,0.4866495127128079,0.3255399513822967,0.1039492610044078,0.3081990109708411,0.580639079731068,,,-3.269378185272217,6.855897426605225,1.0808665752410889,-3.54,6.84,1.96,"['[-39.0', -20.0, 28.0, 36.0, -2.0, -38.0, -22.0, 25.0, 115.0, 44.0, -21.0, -97.0, 57.0, 32.0, -102.0, -30.0, 57.0, 66.0, 13.0, -49.0, 28.0, 66.0, -48.0, 18.0, 11.0, 39.0, -13.0, -9.0, 0.0, 76.0, -15.0, -10.0, 1.0, 78.0, 11.0, 14.0, -7.0, 66.0, -26.0, -5.0, 20.0, 120.0, 36.0, -11.0, -102.0, 60.0, 32.0, -94.0, -42.0, 64.0, 64.0, 15.0, -59.0, 28.0, 62.0, -45.0, 2.0, 12.0, 39.0, -10.0, -18.0, 2.0, 73.0, -8.0, -20.0, 0.0, 82.0, 9.0, 9.0, -6.0, 70.0, -20.0, -10.0, 15.0, 121.0, 23.0, -2.0, -105.0, 65.0, 27.0, -83.0, ' -53.0]']","['[-5.0', 34.0, 28.0, -15.0, -39.0, -11.0, 32.0, 36.0, -30.0, 71.0, -66.0, 49.0, -34.0, 19.0, -54.0, 102.0, -29.0, 6.0, -17.0, 76.0, -1.0, 31.0, -9.0, 102.0, -5.0, -5.0, -9.0, 57.0, -17.0, 21.0, -33.0, 65.0, 13.0, -57.0, 11.0, 43.0, 2.0, -27.0, -39.0, 47.0, 40.0, -16.0, 76.0, -66.0, 35.0, -26.0, 22.0, -67.0, 98.0, -20.0, 15.0, -14.0, 69.0, 1.0, 36.0, -19.0, 103.0, -3.0, -1.0, -10.0, 56.0, -17.0, 31.0, -34.0, 64.0, 14.0, -48.0, 11.0, 46.0, 2.0, -18.0, -44.0, 46.0, 41.0, 3.0, 81.0, -68.0, 20.0, -21.0, 27.0, -80.0, ' 93.0]']","['[-14.0', 12.0, ' 17.0', -7.0, -19.0, 3.0, 21.0, 3.0, 1.0, -46.0, -56.0, 9.0, -53.0, -10.0, -16.0, -14.0, -12.0, -26.0, -13.0, -9.0, -25.0, -13.0, -28.0, 13.0, -28.0, -1.0, -42.0, -16.0, -46.0, -26.0, -12.0, 6.0, -8.0, 1.0, -82.0, -3.0, -98.0, 0.0, 34.0, 31.0, 0.0, 1.0, -47.0, -50.0, 6.0, -53.0, -2.0, -14.0, -9.0, -9.0, -23.0, -8.0, -7.0, -23.0, -14.0, -30.0, 6.0, -33.0, -2.0, -43.0, -13.0, -52.0, -27.0, -22.0, 5.0, -13.0, 0.0, -80.0, -2.0, -110.0, -2.0, 20.0, 31.0, -5.0, 4.0, -48.0, -43.0, 7.0, -52.0, 3.0, -10.0, ' -4.0]']","['[15.0', ' 16.0', ' -11.0', -19.0, 5.0, 20.0, 0.0, -19.0, 8.0, -11.0, 23.0, -1.0, -7.0, 32.0, 9.0, 15.0, 19.0, 4.0, 18.0, 13.0, 2.0, -1.0, -16.0, -28.0, -15.0, -3.0, -10.0, 11.0, -30.0, -5.0, -60.0, -8.0, -25.0, -10.0, -8.0, 0.0, -61.0, -18.0, -68.0, 4.0, -21.0, 8.0, 0.0, 31.0, -2.0, 3.0, 33.0, 12.0, 17.0, 20.0, 11.0, 21.0, 15.0, 7.0, 0.0, -11.0, -29.0, -9.0, -2.0, -2.0, 12.0, -20.0, 0.0, -57.0, -11.0, -21.0, -9.0, 7.0, 0.0, -40.0, -19.0, -71.0, -2.0, -22.0, 7.0, 7.0, 40.0, -4.0, 11.0, 34.0, 16.0, ' 18.0]']","['[26.0', ' 15.0', ' -19.0', -24.0, 5.0, 28.0, 10.0, -21.0, 29.0, 15.0, -33.0, 3.0, -52.0, -53.0, -29.0, -49.0, 53.0, -69.0, 22.0, -51.0, -16.0, 12.0, -16.0, 72.0, -20.0, -54.0, -3.0, 16.0, -12.0, 48.0, -26.0, 74.0, 57.0, 68.0, 14.0, 73.0, 16.0, 23.0, 12.0, -22.0, 26.0, -60.0, 79.0, 10.0, 32.0, 54.0, 41.0, 44.0, -6.0, -35.0, 60.0, -20.0, 34.0, 7.0, -40.0, 17.0, -75.0, 17.0, 5.0, -11.0, -62.0, -8.0, -44.0, 3.0, -40.0, -35.0, -82.0, 30.0, -41.0, 31.0, 1.0, 27.0, 78.0, -14.0, 54.0, -124.0, 21.0, -49.0, -20.0, -5.0, -35.0, ' 58.0]']","['[7.0', ' -22.0', ' -20.0', 11.0, 27.0, 3.0, -26.0, -16.0, 53.0, -121.0, 21.0, -50.0, -23.0, -6.0, -35.0, 57.0, -5.0, -15.0, 8.0, 0.0, 2.0, 43.0, -7.0, 38.0, -4.0, 40.0, 19.0, 70.0, 25.0, 15.0, 20.0, -18.0, -5.0, 48.0, -54.0, -8.0, -59.0, -25.0, -52.0, -88.0, -7.0, -17.0, 93.0, -41.0, 37.0, -22.0, -34.0, 5.0, -77.0, 41.0, -37.0, 11.0, -36.0, -12.0, -21.0, -7.0, 24.0, -8.0, -67.0, -15.0, -37.0, -27.0, 24.0, -35.0, 65.0, 44.0, 15.0, 47.0, 60.0, 51.0, 33.0, 45.0, 45.0, 22.0, -31.0, -15.0, 34.0, -4.0, 56.0, 54.0, 28.0, ' 49.0]']","['[96.0', ' 25.0', -79.0, -83.0, 17.0, 95.0, 49.0, -55.0, -14.0, -8.0, -83.0, 4.0, -68.0, 0.0, 32.0, 45.0, 22.0, 1.0, 67.0, 39.0, -47.0, -21.0, -48.0, 1.0, -48.0, 23.0, 16.0, 53.0, 78.0, 20.0, 27.0, -25.0, 51.0, -8.0, -100.0, 3.0, -89.0, 53.0, 23.0, 85.0, 94.0, -37.0, 21.0, 36.0, -16.0, 77.0, -2.0, -8.0, -74.0, 3.0, -19.0, -87.0, -48.0, -30.0, 13.0, 53.0, 44.0, 30.0, -2.0, 38.0, -21.0, -52.0, -37.0, -45.0, 12.0, -61.0, 29.0, 44.0, 24.0, 118.0, -22.0, 44.0, -77.0, -80.0, 69.0, -24.0, 31.0, 20.0, -45.0, 5.0, -23.0, ' 63.0]']","['[-11.0', -93.0, -55.0, 53.0, 95.0, 18.0, -83.0, -79.0, 71.0, -22.0, 40.0, 20.0, -39.0, 5.0, -27.0, 60.0, -28.0, 27.0, 55.0, 29.0, 90.0, 5.0, -27.0, -62.0, 3.0, -22.0, -75.0, -27.0, -6.0, 32.0, 38.0, 11.0, 35.0, -33.0, 47.0, -40.0, -77.0, -20.0, -98.0, 21.0, 14.0, -64.0, 10.0, -85.0, -12.0, -17.0, -4.0, 42.0, -16.0, 34.0, -19.0, 3.0, 6.0, -97.0, -19.0, -10.0, 45.0, -36.0, 32.0, 67.0, 56.0, 59.0, -10.0, -7.0, -26.0, 8.0, 19.0, -101.0, 32.0, 0.0, 53.0, 90.0, 41.0, 53.0, 22.0, 4.0, 87.0, -2.0, 63.0, 0.0, -36.0, ' -35.0]']",,,,,,
1740060533.729203,ble-pd-B43A31EF7B26,14706276-b74f-d8dd-1fd0-701607215cdf,6206,0,-63.0,-70.0,-78.0,-67.0,-54.0,,,2.7818145040221927,-1.5797859602125133,0.3090904708562315,-1.511716361698415,-0.77964722689708,,,0.3506424084746792,0.2926285067625566,0.1339736642325554,0.4438720882292465,0.4620148445040055,,,-3.261775016784668,6.85958480834961,1.0548954010009766,-3.54,6.84,1.96,"['[45.0', -1.0, -48.0, -27.0, 30.0, 47.0, 0.0, -45.0, 0.0, 72.0, 0.0, -7.0, -12.0, 83.0, -8.0, 20.0, 17.0, 22.0, 46.0, -27.0, 10.0, 68.0, 16.0, -45.0, 24.0, 83.0, 20.0, -6.0, 1.0, 94.0, -24.0, -35.0, 54.0, 50.0, 20.0, -35.0, 19.0, 113.0, -33.0, -40.0, -49.0, -10.0, 96.0, -13.0, -2.0, -20.0, 100.0, -27.0, 27.0, 3.0, 45.0, 36.0, -32.0, 10.0, 79.0, -10.0, -44.0, 14.0, 104.0, 9.0, -3.0, 0.0, 110.0, -51.0, -25.0, 38.0, 44.0, 14.0, -43.0, 15.0, 91.0, -25.0, -30.0, -46.0, -19.0, 107.0, -23.0, 0.0, -26.0, 106.0, -46.0, ' 30.0]']","['[-20.0', -51.0, -12.0, 42.0, 40.0, -14.0, -49.0, -17.0, -29.0, 79.0, -33.0, 6.0, -25.0, 64.0, -61.0, 23.0, -31.0, 75.0, -21.0, -19.0, 1.0, 41.0, -77.0, -2.0, -26.0, 76.0, -24.0, 9.0, -4.0, 63.0, -84.0, 27.0, -37.0, -10.0, -10.0, -33.0, -9.0, -41.0, 19.0, 18.0, 0.0, -25.0, 49.0, -30.0, 9.0, -20.0, 34.0, -56.0, 14.0, -35.0, 63.0, -35.0, -8.0, -2.0, 12.0, -78.0, 13.0, -32.0, 42.0, -31.0, 10.0, -5.0, 30.0, -71.0, 38.0, -54.0, -27.0, -18.0, -18.0, -14.0, -79.0, 30.0, 31.0, 18.0, -20.0, 15.0, -24.0, 9.0, -10.0, -3.0, -42.0, ' 6.0]']","['[36.0', -13.0, ' -40.0', 2.0, 40.0, 9.0, -38.0, -19.0, 22.0, 60.0, 69.0, 25.0, 25.0, 0.0, -9.0, -25.0, 75.0, 38.0, 66.0, 15.0, 38.0, -10.0, 12.0, -27.0, 91.0, 17.0, 66.0, 0.0, -13.0, 25.0, -43.0, 11.0, 30.0, 3.0, 68.0, 21.0, 15.0, 28.0, 9.0, 19.0, -4.0, 0.0, 66.0, 56.0, 31.0, 27.0, 0.0, -13.0, -45.0, 67.0, 30.0, 69.0, 15.0, 53.0, -24.0, 29.0, -47.0, 102.0, 26.0, 91.0, 0.0, 10.0, 18.0, -45.0, 14.0, 44.0, 15.0, 99.0, 25.0, 46.0, 27.0, 18.0, -4.0, 10.0, -23.0, 63.0, 35.0, 33.0, 27.0, 0.0, -16.0, ' -63.0]']","['[-19.0', ' -39.0', ' 7.0', 40.0, 3.0, -39.0, -15.0, 34.0, -63.0, 27.0, -27.0, 23.0, 11.0, 0.0, -12.0, -59.0, -15.0, -11.0, 15.0, 1.0, 52.0, -39.0, 51.0, -63.0, 45.0, 28.0, 79.0, 0.0, 65.0, -12.0, -15.0, 10.0, 48.0, 35.0, 98.0, 16.0, 83.0, 1.0, 28.0, -67.0, 39.0, -68.0, 3.0, -49.0, 11.0, 2.0, -1.0, -10.0, -47.0, -40.0, -23.0, -10.0, -5.0, 37.0, -33.0, 43.0, -50.0, 13.0, 21.0, 47.0, -1.0, 65.0, -23.0, 2.0, 7.0, 32.0, 33.0, 65.0, 8.0, 75.0, -7.0, 23.0, -69.0, 38.0, -64.0, -19.0, -65.0, 0.0, -6.0, -1.0, -4.0, ' -28.0]']","['[-12.0', ' -2.0', ' 11.0', 7.0, -6.0, -12.0, 0.0, 11.0, 5.0, -77.0, -7.0, -34.0, -16.0, 25.0, -3.0, 63.0, 1.0, -56.0, 1.0, 7.0, -6.0, 44.0, -20.0, 75.0, -13.0, 6.0, -10.0, 22.0, 23.0, 42.0, 19.0, 46.0, 18.0, 73.0, -3.0, 23.0, -2.0, 27.0, 11.0, -56.0, -8.0, -12.0, 65.0, 12.0, 48.0, 13.0, -21.0, 28.0, -72.0, 3.0, 18.0, -5.0, -11.0, 8.0, -44.0, 4.0, -64.0, 10.0, -96.0, 26.0, -26.0, -8.0, 27.0, -14.0, 79.0, -23.0, 47.0, -30.0, 85.0, 19.0, 67.0, 10.0, 38.0, -5.0, 2.0, 28.0, -2.0, -2.0, 6.0, -9.0, -18.0, ' -7.0]']","['[2.0', ' 12.0', ' 5.0', -8.0, -10.0, 3.0, 12.0, 3.0, 12.0, -41.0, -11.0, -37.0, -7.0, 13.0, -29.0, 51.0, -5.0, 1.0, 5.0, 8.0, -7.0, 29.0, 4.0, 37.0, -5.0, 103.0, -25.0, 18.0, 0.0, -48.0, 6.0, -109.0, 18.0, -79.0, 33.0, -101.0, -19.0, -85.0, -15.0, -18.0, 9.0, 1.0, -56.0, -3.0, -18.0, -11.0, 17.0, 7.0, 39.0, 4.0, -54.0, 0.0, 3.0, -4.0, 28.0, -20.0, 56.0, -10.0, -36.0, 0.0, 12.0, 21.0, 58.0, 15.0, 88.0, 11.0, 97.0, -15.0, 61.0, 5.0, 59.0, 16.0, -43.0, -11.0, -13.0, 83.0, 13.0, 51.0, 15.0, -27.0, 23.0, ' -80.0]']","['[-17.0', ' 19.0', 31.0, 1.0, -29.0, -23.0, 12.0, 31.0, -63.0, -65.0, -9.0, 11.0, 7.0, 41.0, 0.0, -61.0, 23.0, -18.0, -4.0, -35.0, -74.0, 34.0, 0.0, 106.0, -21.0, 52.0, 79.0, 40.0, 48.0, -53.0, -21.0, -1.0, -48.0, -16.0, -63.0, 58.0, 45.0, 37.0, 54.0, -4.0, -4.0, 20.0, 15.0, 16.0, 53.0, 6.0, -70.0, -61.0, -79.0, -17.0, -43.0, -45.0, 25.0, 9.0, 29.0, -1.0, 0.0, 70.0, -1.0, 0.0, -61.0, -77.0, 26.0, -20.0, 93.0, -17.0, 38.0, 82.0, -1.0, 55.0, -53.0, 0.0, -42.0, -27.0, 53.0, 58.0, 0.0, -42.0, -11.0, -2.0, 36.0, ' 108.0]']","['[27.0', 26.0, -9.0, -33.0, -13.0, 22.0, 30.0, -2.0, 2.0, 5.0, -14.0, -58.0, -8.0, 61.0, 64.0, 102.0, 11.0, 50.0, 48.0, -15.0, 17.0, -40.0, 0.0, -31.0, -66.0, -16.0, -23.0, 51.0, 66.0, -13.0, 27.0, -95.0, 32.0, -35.0, -68.0, -16.0, -71.0, 44.0, -16.0, 45.0, 30.0, -60.0, -64.0, -4.0, 28.0, 10.0, 21.0, -20.0, -90.0, 19.0, -33.0, -18.0, -29.0, -77.0, 43.0, 0.0, 110.0, 0.0, 55.0, 82.0, 22.0, 27.0, -47.0, -28.0, 25.0, -55.0, -4.0, -44.0, 60.0, 64.0, 22.0, 57.0, -17.0, -14.0, 35.0, 32.0, 17.0, 43.0, 3.0, -73.0, -53.0, ' -48.0]']",,,,,,
1740060534.727994,ble-pd-B43A31EF7B26,19afc352-2349-24b0-81e7-9d77285ba36d,6207,23,-67.0,-73.0,-75.0,-65.0,-63.0,,-63.0,2.834676653763611,-1.5620612915774912,0.4636358394424017,-1.5106863841468272,0.0192571524331223,,-1.085428665305842,0.401231583515229,0.3000654173961165,0.1863283985625301,0.4090177344362392,0.4362612932173083,,0.9906874640613788,-3.2604188919067383,6.8550801277160645,1.047332525253296,-3.54,6.84,1.96,"['[7.0', -33.0, -29.0, 13.0, 37.0, 11.0, -30.0, -34.0, 25.0, -82.0, 44.0, -44.0, 46.0, -34.0, 81.0, -68.0, 14.0, -13.0, 10.0, -58.0, 6.0, -36.0, 50.0, -65.0, -5.0, 0.0, 9.0, -47.0, 4.0, -13.0, 17.0, -37.0, -19.0, 62.0, -7.0, -39.0, 10.0, 41.0, 8.0, -17.0, -34.0, 20.0, -83.0, 44.0, -43.0, 46.0, -35.0, 79.0, -71.0, 14.0, -17.0, 10.0, -57.0, 7.0, -38.0, 50.0, -67.0, -6.0, 0.0, 10.0, -48.0, 4.0, -16.0, 18.0, -37.0, -19.0, 64.0, -7.0, -39.0, 11.0, 41.0, 8.0, -19.0, -35.0, 18.0, -84.0, 44.0, -41.0, 45.0, -37.0, 81.0, ' -66.0]']","['[-36.0', -18.0, 23.0, 35.0, -1.0, -36.0, -21.0, 23.0, 97.0, 51.0, -17.0, -73.0, 21.0, 22.0, -42.0, -39.0, 54.0, 81.0, -1.0, -41.0, 4.0, 70.0, -40.0, 24.0, 24.0, 56.0, -18.0, -15.0, 15.0, 89.0, -35.0, 18.0, 11.0, 108.0, 3.0, 16.0, 5.0, 80.0, 2.0, 19.0, 22.0, 100.0, 48.0, -16.0, -74.0, 19.0, 24.0, -46.0, -38.0, 55.0, 82.0, -2.0, -43.0, 5.0, 69.0, -40.0, 21.0, 23.0, 56.0, -18.0, -15.0, 15.0, 89.0, -34.0, 17.0, 11.0, 107.0, 3.0, 16.0, 5.0, 81.0, 2.0, 18.0, 21.0, 100.0, 47.0, -15.0, -75.0, 22.0, 22.0, -42.0, ' -42.0]']","['[-30.0', -7.0, ' 27.0', 17.0, -23.0, -23.0, 16.0, 27.0, -14.0, -35.0, -44.0, -1.0, -11.0, -2.0, -30.0, -4.0, -45.0, -20.0, -38.0, -25.0, -23.0, -15.0, -4.0, 27.0, -4.0, 14.0, -16.0, -5.0, -10.0, -10.0, 27.0, -12.0, 13.0, 25.0, -23.0, 19.0, 23.0, 30.0, 52.0, 16.0, 23.0, -14.0, -42.0, -55.0, -1.0, -20.0, -1.0, -25.0, -1.0, -46.0, -30.0, -41.0, -27.0, -27.0, -14.0, -10.0, 34.0, -17.0, 12.0, -29.0, -10.0, -27.0, -16.0, 15.0, -10.0, 6.0, 22.0, -49.0, 17.0, -4.0, 28.0, 49.0, 20.0, 17.0, -12.0, -46.0, -62.0, 0.0, -27.0, 1.0, -21.0, ' 4.0]']","['[-5.0', ' 28.0', ' 13.0', -25.0, -20.0, 19.0, 25.0, -13.0, 0.0, -30.0, -51.0, 4.0, -37.0, 8.0, 11.0, 10.0, 0.0, -49.0, -11.0, -8.0, -16.0, 4.0, -22.0, 31.0, -55.0, -2.0, -62.0, -20.0, -75.0, -24.0, -47.0, 3.0, -29.0, -11.0, -109.0, 0.0, -119.0, -9.0, -4.0, 24.0, -19.0, 2.0, -20.0, -40.0, 4.0, -32.0, 8.0, 19.0, 11.0, 9.0, -44.0, -2.0, -2.0, -10.0, 7.0, -22.0, 24.0, -53.0, -6.0, -57.0, -18.0, -72.0, -21.0, -53.0, 5.0, -31.0, -17.0, -102.0, -4.0, -121.0, -15.0, -17.0, 21.0, -25.0, 6.0, -10.0, -27.0, 3.0, -28.0, 9.0, 25.0, ' 13.0]']","['[-14.0', ' 10.0', ' 19.0', 1.0, -19.0, -11.0, 13.0, 18.0, -63.0, 0.0, -40.0, 5.0, -3.0, 48.0, 18.0, 61.0, -28.0, 50.0, -30.0, 44.0, -4.0, 16.0, -3.0, -58.0, 17.0, -7.0, -8.0, -56.0, -14.0, -69.0, 9.0, -53.0, 0.0, -80.0, 23.0, -80.0, 34.0, -73.0, 18.0, -34.0, -3.0, 70.0, -90.0, 48.0, -42.0, 24.0, -5.0, -11.0, 41.0, -16.0, -28.0, 9.0, 10.0, -3.0, 29.0, 7.0, 72.0, -10.0, 50.0, -1.0, 73.0, 21.0, 98.0, 7.0, 50.0, -7.0, 21.0, -8.0, 33.0, -25.0, 21.0, -23.0, -8.0, -15.0, -25.0, 110.0, -19.0, 48.0, -26.0, -38.0, -4.0, ' -112.0]']","['[14.0', ' 17.0', ' -4.0', -21.0, -7.0, 16.0, 15.0, -10.0, -37.0, 112.0, -28.0, 48.0, -28.0, -29.0, 0.0, -101.0, 41.0, -5.0, 10.0, -49.0, 8.0, -51.0, -7.0, -45.0, 0.0, -60.0, 9.0, -50.0, -16.0, -70.0, -15.0, -19.0, 10.0, 35.0, -8.0, 20.0, 5.0, 31.0, 15.0, 37.0, 22.0, -25.0, -70.0, -12.0, -26.0, 14.0, 57.0, 15.0, 111.0, -48.0, 42.0, -30.0, 67.0, -9.0, 46.0, 2.0, -16.0, 15.0, 32.0, -12.0, -12.0, -1.0, -9.0, 15.0, -30.0, -7.0, -85.0, 23.0, -74.0, 23.0, -75.0, 4.0, -49.0, -17.0, 70.0, -26.0, 45.0, -15.0, 8.0, -42.0, -18.0, ' -42.0]']","['[-32.0', ' -46.0', -1.0, 46.0, 33.0, -21.0, -49.0, -14.0, 43.0, -10.0, 15.0, -15.0, -17.0, -11.0, 7.0, 17.0, -36.0, 15.0, 12.0, -7.0, 53.0, 7.0, -14.0, -40.0, 31.0, -10.0, -54.0, -43.0, -3.0, 44.0, 9.0, 81.0, 59.0, 37.0, 48.0, -30.0, -20.0, -35.0, -70.0, -7.0, -28.0, -22.0, 1.0, -26.0, 23.0, 3.0, 27.0, 34.0, 37.0, 22.0, -3.0, 26.0, 13.0, -38.0, -22.0, 4.0, -20.0, -59.0, -11.0, 32.0, 34.0, 34.0, -13.0, 6.0, -79.0, 36.0, -54.0, -60.0, -23.0, -21.0, 47.0, 36.0, 72.0, 50.0, -11.0, 7.0, 20.0, -15.0, 13.0, -24.0, -50.0, ' -62.0]']","['[-37.0', 16.0, 50.0, 18.0, -36.0, -44.0, 2.0, 47.0, -5.0, 6.0, 21.0, -17.0, 10.0, -25.0, -48.0, -61.0, 1.0, -9.0, -46.0, -9.0, 4.0, 25.0, 5.0, 63.0, 53.0, 23.0, 5.0, -9.0, -42.0, -19.0, -16.0, 34.0, -102.0, 38.0, 39.0, 54.0, 46.0, -30.0, 12.0, -91.0, -43.0, 37.0, -10.0, -4.0, 0.0, -20.0, 8.0, 36.0, 51.0, -28.0, 18.0, 38.0, 0.0, 37.0, -12.0, -14.0, -73.0, -11.0, -22.0, -45.0, -27.0, 25.0, 46.0, 17.0, 38.0, 112.0, 3.0, 12.0, -57.0, -46.0, -6.0, -63.0, 57.0, 6.0, -41.0, 8.0, -17.0, 18.0, 15.0, 15.0, 1.0, ' -9.0]']",,,,,,
1740060535.724555,ble-pd-B43A31EF7B26,bb15c30a-a72e-a570-a834-4212c108d77f,6208,25,-64.0,-74.0,-73.0,-63.0,-62.0,-51.0,-76.0,2.8203238133847384,-1.5422296630460526,0.4732708899501994,-1.5137499515067996,-0.436514353136588,-1.9959451873297105,-1.7495466179941608,0.461426481002072,0.2004671540792744,0.2963734105979123,0.3368889457886421,0.4820447900088445,1.321281589862159,0.9664224512204144,-3.25822901725769,6.849981784820557,1.056809425354004,-3.54,6.84,1.96,"['[33.0', 57.0, 3.0, -54.0, -41.0, 28.0, 59.0, 12.0, -93.0, 19.0, -8.0, 99.0, -62.0, 3.0, 3.0, 79.0, -53.0, -43.0, -4.0, 97.0, -14.0, -22.0, -1.0, 45.0, -17.0, -39.0, 4.0, 61.0, -9.0, -47.0, 14.0, 28.0, 1.0, -112.0, 8.0, 28.0, -18.0, -88.0, -3.0, 9.0, 16.0, -91.0, 25.0, -12.0, 96.0, -62.0, 3.0, 1.0, 82.0, -51.0, -38.0, -4.0, 97.0, -14.0, -17.0, -5.0, 49.0, -15.0, -36.0, 3.0, 64.0, -8.0, -47.0, 11.0, 32.0, 3.0, -109.0, 9.0, 31.0, -19.0, -85.0, -3.0, 12.0, 20.0, -87.0, 32.0, -15.0, 93.0, -64.0, 6.0, -5.0, ' 81.0]']","['[49.0', -15.0, -61.0, -25.0, 43.0, 53.0, -9.0, -62.0, -36.0, -82.0, 55.0, 25.0, 22.0, -25.0, 69.0, -20.0, -29.0, -68.0, 17.0, -6.0, 0.0, -58.0, 62.0, -65.0, -20.0, -38.0, 18.0, -31.0, -9.0, -73.0, 47.0, -46.0, -21.0, -34.0, -3.0, -42.0, 12.0, -24.0, 0.0, -31.0, -62.0, -43.0, -81.0, 53.0, 32.0, 19.0, -26.0, 70.0, -14.0, -32.0, -72.0, 17.0, 0.0, -3.0, -61.0, 62.0, -62.0, -22.0, -42.0, 19.0, -26.0, -10.0, -75.0, 48.0, -42.0, -22.0, -44.0, -2.0, -41.0, 12.0, -32.0, -1.0, -29.0, -60.0, -52.0, -78.0, 53.0, 38.0, 11.0, -25.0, 68.0, ' -8.0]']","['[23.0', 16.0, ' -19.0', -22.0, 13.0, 24.0, -4.0, -26.0, 21.0, 49.0, 62.0, 6.0, 30.0, 13.0, 25.0, -5.0, 42.0, 21.0, 37.0, 19.0, 25.0, 9.0, 14.0, -20.0, 31.0, -10.0, 27.0, 3.0, 22.0, 12.0, -24.0, 12.0, 2.0, -20.0, 53.0, -19.0, 2.0, -28.0, -55.0, -26.0, -24.0, 21.0, 55.0, 68.0, 6.0, 35.0, 7.0, 21.0, -14.0, 37.0, 29.0, 35.0, 23.0, 27.0, 11.0, 18.0, -24.0, 41.0, -11.0, 42.0, 2.0, 35.0, 15.0, -10.0, 10.0, 8.0, -14.0, 74.0, -18.0, 29.0, -25.0, -50.0, -31.0, -23.0, 18.0, 61.0, 71.0, 4.0, 37.0, 1.0, 16.0, ' -22.0]']","['[12.0', ' -21.0', ' -18.0', 15.0, 24.0, -8.0, -25.0, 1.0, -2.0, 41.0, 33.0, -5.0, 26.0, -25.0, -17.0, -33.0, -16.0, 46.0, 2.0, 19.0, 13.0, 11.0, 19.0, -19.0, 58.0, -3.0, 63.0, 5.0, 76.0, 9.0, 63.0, -4.0, 35.0, 27.0, 103.0, -1.0, 126.0, 12.0, 19.0, -26.0, 8.0, -8.0, 32.0, 20.0, -5.0, 22.0, -27.0, -22.0, -31.0, -28.0, 41.0, -4.0, 14.0, 8.0, 8.0, 16.0, -14.0, 50.0, -1.0, 54.0, 5.0, 70.0, 5.0, 65.0, -7.0, 35.0, 31.0, 90.0, 3.0, 123.0, 17.0, 30.0, -19.0, 12.0, -14.0, 19.0, 5.0, -8.0, 15.0, -29.0, -25.0, ' -30.0]']","['[-21.0', ' 4.0', ' 23.0', 8.0, -19.0, -17.0, 9.0, 24.0, -38.0, -21.0, -14.0, -6.0, 10.0, 59.0, 18.0, 98.0, -44.0, 45.0, -32.0, 64.0, -12.0, 26.0, -10.0, -27.0, 25.0, 20.0, -17.0, -35.0, -1.0, -45.0, 12.0, -64.0, -16.0, -86.0, 31.0, -77.0, 26.0, -64.0, 13.0, -31.0, -13.0, 68.0, -65.0, 41.0, -30.0, 11.0, -28.0, -15.0, -9.0, 9.0, -35.0, 24.0, -16.0, 2.0, 21.0, 21.0, 81.0, -22.0, 27.0, 6.0, 74.0, 17.0, 85.0, -6.0, 64.0, 3.0, 59.0, -29.0, 51.0, -35.0, 35.0, -17.0, 6.0, -7.0, -50.0, 105.0, -43.0, 48.0, -28.0, -25.0, 2.0, ' -86.0]']","['[11.0', ' 22.0', ' 1.0', -22.0, -13.0, 14.0, 21.0, -4.0, -55.0, 103.0, -42.0, 47.0, -27.0, -19.0, 4.0, -73.0, 25.0, 8.0, -4.0, -33.0, 9.0, -51.0, -18.0, -81.0, 7.0, -54.0, 5.0, -67.0, -21.0, -72.0, -3.0, -28.0, 12.0, 0.0, 11.0, 0.0, 22.0, 11.0, 12.0, 17.0, 21.0, 7.0, -83.0, 19.0, -36.0, 26.0, 56.0, 11.0, 122.0, -50.0, 29.0, -21.0, 69.0, -15.0, 53.0, 2.0, 29.0, 14.0, 52.0, -16.0, 16.0, 13.0, 11.0, 12.0, -27.0, -20.0, -63.0, 15.0, -57.0, 3.0, -55.0, 2.0, -34.0, -23.0, 46.0, 6.0, 17.0, 0.0, -8.0, -58.0, -18.0, ' -92.0]']","['[-50.0', ' -89.0', -13.0, 78.0, 72.0, -25.0, -92.0, -40.0, 68.0, -18.0, 55.0, 3.0, 1.0, -20.0, -4.0, 34.0, -73.0, -4.0, 26.0, 4.0, 89.0, -3.0, 17.0, -89.0, 7.0, -35.0, -77.0, -58.0, -43.0, 58.0, 18.0, 67.0, 99.0, -2.0, 100.0, -62.0, -5.0, -20.0, -112.0, 44.0, -33.0, -29.0, 24.0, -68.0, 0.0, -40.0, 41.0, 15.0, 26.0, 67.0, 5.0, 48.0, 20.0, -56.0, -28.0, -28.0, -1.0, -67.0, -1.0, 43.0, 63.0, 68.0, -44.0, 27.0, -120.0, -15.0, -45.0, -102.0, 12.0, -73.0, 50.0, 66.0, 33.0, 85.0, -29.0, -15.0, 40.0, -3.0, 52.0, -37.0, -17.0, ' -65.0]']","['[-77.0', 19.0, 90.0, 49.0, -57.0, -89.0, -5.0, 82.0, -30.0, -14.0, 40.0, -2.0, 52.0, -37.0, -15.0, -69.0, -22.0, -4.0, -88.0, -32.0, -8.0, 43.0, 24.0, 83.0, 87.0, 35.0, 8.0, -30.0, -53.0, 5.0, -55.0, 99.0, -71.0, 66.0, 45.0, 41.0, 106.0, -51.0, 18.0, -92.0, -85.0, 68.0, -1.0, 9.0, 4.0, -35.0, 12.0, 6.0, 74.0, -36.0, 0.0, 78.0, 26.0, 71.0, -34.0, -5.0, -122.0, -57.0, -50.0, -64.0, -20.0, 7.0, 38.0, 52.0, -16.0, 121.0, -50.0, 43.0, -74.0, -77.0, 19.0, -91.0, 96.0, 36.0, -68.0, 18.0, -55.0, -3.0, -2.0, 21.0, 4.0, ' -34.0]']",,,,,,
1740060536.72859,ble-pd-B43A31EF7B26,484dbb8b-fd55-231a-0533-1740abf8c17e,6209,15,-70.0,-76.0,-69.0,-70.0,,,,2.8067598013207467,-1.5400830220493942,0.4618091772507163,-1.5138105384215992,,,,0.4163404620380619,0.2103509771223991,0.2930214228918841,0.2902745386750355,,,,,,,-3.54,6.84,1.96,"['[-15.0', -26.0, -1.0, 25.0, 18.0, -13.0, -26.0, -2.0, 46.0, 103.0, -63.0, -8.0, -10.0, 78.0, -107.0, 3.0, 53.0, 83.0, -2.0, -24.0, 30.0, 124.0, -90.0, 49.0, 28.0, 74.0, 8.0, -32.0, 41.0, 91.0, -44.0, 20.0, 41.0, 56.0, 15.0, -19.0, -2.0, 43.0, -18.0, -5.0, 0.0, 42.0, 104.0, -67.0, -2.0, -16.0, 84.0, -111.0, 9.0, 48.0, 81.0, -4.0, -21.0, 31.0, 121.0, -89.0, 50.0, 23.0, 74.0, 7.0, -28.0, 42.0, 81.0, -42.0, 19.0, 37.0, 49.0, 16.0, -17.0, -3.0, 33.0, -20.0, -2.0, 4.0, 36.0, 108.0, -71.0, 4.0, -21.0, 90.0, -112.0, ' 15.0]']","['[-22.0', 7.0, 27.0, 11.0, -20.0, -23.0, 4.0, 27.0, -47.0, 32.0, -42.0, 63.0, -44.0, 63.0, -32.0, 53.0, -53.0, -10.0, -19.0, 37.0, 19.0, -23.0, 5.0, 13.0, -36.0, 6.0, -10.0, 42.0, 10.0, -74.0, 10.0, 0.0, -22.0, -66.0, 9.0, 12.0, -4.0, -97.0, -9.0, 33.0, 28.0, -53.0, 23.0, -35.0, 63.0, -42.0, 55.0, -19.0, 54.0, -60.0, -22.0, -17.0, 39.0, 18.0, -38.0, 15.0, 9.0, -40.0, -2.0, -11.0, 44.0, 4.0, -86.0, 17.0, -1.0, -27.0, -71.0, 6.0, 14.0, -4.0, -100.0, -6.0, 34.0, 27.0, -58.0, 11.0, -28.0, 63.0, -41.0, 46.0, -3.0, ' 53.0]']","['[-15.0', -8.0, ' 13.0', 12.0, -10.0, -15.0, 5.0, 15.0, -28.0, 7.0, -53.0, -3.0, -18.0, -22.0, -17.0, -27.0, -31.0, -17.0, -26.0, -12.0, 5.0, 0.0, 23.0, 2.0, -7.0, -10.0, -13.0, -13.0, -2.0, 7.0, 10.0, 12.0, 20.0, 33.0, -32.0, 21.0, 37.0, 21.0, 46.0, 14.0, 15.0, -28.0, -2.0, -64.0, -4.0, -27.0, -25.0, -12.0, -21.0, -35.0, -23.0, -34.0, -16.0, -2.0, -2.0, 17.0, 3.0, -24.0, -11.0, -25.0, -20.0, -13.0, 0.0, 6.0, 6.0, 12.0, 26.0, -62.0, 18.0, 5.0, 19.0, 50.0, 21.0, 11.0, -24.0, -9.0, -68.0, -6.0, -35.0, -27.0, -7.0, ' -13.0]']","['[-6.0', ' 15.0', ' 10.0', -11.0, -13.0, 7.0, 16.0, -4.0, 3.0, -31.0, -41.0, -6.0, -39.0, -14.0, 14.0, 13.0, -12.0, -22.0, -22.0, -13.0, -29.0, -11.0, -23.0, 9.0, -60.0, -4.0, -51.0, -25.0, -41.0, -26.0, -12.0, -17.0, -26.0, -16.0, -121.0, -2.0, -103.0, -5.0, 17.0, 20.0, -9.0, 11.0, -31.0, -24.0, -4.0, -34.0, -8.0, 19.0, 19.0, -2.0, -15.0, -13.0, -8.0, -29.0, -11.0, -29.0, 7.0, -55.0, 0.0, -46.0, -20.0, -39.0, -25.0, -16.0, -20.0, -30.0, -25.0, -109.0, -9.0, -111.0, -10.0, 4.0, 14.0, -14.0, 19.0, -30.0, -6.0, -1.0, -24.0, 0.0, 22.0, ' 26.0]']","['[-34.0', ' -11.0', ' 28.0', 25.0, -14.0, -33.0, -2.0, 30.0, 7.0, -54.0, -5.0, -31.0, 0.0, 52.0, 11.0, 116.0, -18.0, -2.0, -20.0, 56.0, -16.0, 23.0, -22.0, 13.0, 34.0, 9.0, 6.0, 1.0, 6.0, 0.0, 12.0, 4.0, -24.0, 0.0, 10.0, -20.0, 3.0, 5.0, 8.0, -33.0, -27.0, 2.0, -18.0, -1.0, -19.0, 2.0, -22.0, 8.0, -54.0, 0.0, -19.0, 3.0, -36.0, 7.0, -21.0, 21.0, 6.0, -18.0, -31.0, -8.0, 23.0, 5.0, 49.0, -13.0, 64.0, 3.0, 19.0, -27.0, 65.0, -23.0, 22.0, -10.0, 6.0, -1.0, -11.0, 76.0, 6.0, 54.0, -1.0, -30.0, -19.0, ' -54.0]']","['[-2.0', ' 32.0', ' 18.0', -22.0, -30.0, 6.0, 33.0, 13.0, -8.0, 58.0, 4.0, 44.0, -1.0, -8.0, -16.0, -11.0, 9.0, 23.0, 9.0, 6.0, 2.0, 10.0, -10.0, -15.0, 0.0, 31.0, 5.0, -28.0, -10.0, -57.0, 8.0, -77.0, 10.0, -24.0, 25.0, -65.0, 25.0, -28.0, 6.0, 15.0, 19.0, 10.0, -78.0, -7.0, -50.0, 0.0, 48.0, 16.0, 104.0, -21.0, -14.0, -21.0, 45.0, -14.0, 14.0, -14.0, 20.0, 29.0, -9.0, 2.0, 16.0, 11.0, 30.0, 5.0, 44.0, -25.0, 13.0, -6.0, 18.0, -9.0, 20.0, 3.0, -36.0, -34.0, -2.0, 26.0, 2.0, 11.0, 0.0, -44.0, -2.0, ' -104.0]']","['[25.0', ' 11.0', -16.0, -24.0, 0.0, 24.0, 17.0, -11.0, -8.0, -14.0, -47.0, -21.0, -25.0, -7.0, 55.0, 32.0, -8.0, 20.0, 30.0, -6.0, 1.0, -46.0, -21.0, -57.0, -21.0, -17.0, -19.0, 23.0, 54.0, 33.0, 27.0, 29.0, 117.0, -7.0, -19.0, -37.0, -67.0, 20.0, -23.0, 93.0, 24.0, -40.0, 3.0, 3.0, 29.0, 35.0, 32.0, -37.0, -12.0, 18.0, -15.0, -23.0, -17.0, -48.0, 16.0, 16.0, 50.0, -29.0, 25.0, 51.0, 8.0, -1.0, -51.0, -27.0, -74.0, -56.0, -45.0, -39.0, 19.0, 55.0, 24.0, 89.0, -5.0, -12.0, 51.0, 10.0, 41.0, -9.0, -11.0, -25.0, -17.0, ' -18.0]']","['[3.0', -22.0, -19.0, 8.0, 25.0, 9.0, -19.0, -23.0, 53.0, 4.0, 22.0, -19.0, -25.0, -31.0, 7.0, -6.0, -17.0, 5.0, 7.0, 23.0, 55.0, 11.0, -6.0, -20.0, 46.0, -19.0, -48.0, -26.0, -31.0, 40.0, 13.0, 68.0, -5.0, 57.0, 60.0, 0.0, -23.0, -41.0, -91.0, -55.0, 0.0, -35.0, -14.0, -52.0, -7.0, -7.0, 9.0, 42.0, 31.0, 1.0, 13.0, 22.0, -18.0, -28.0, -45.0, -15.0, -35.0, -42.0, -4.0, 8.0, 34.0, 63.0, 7.0, 16.0, -10.0, 103.0, -34.0, -50.0, -32.0, -44.0, 39.0, 31.0, 107.0, 22.0, -14.0, 11.0, 33.0, 27.0, 34.0, 20.0, -54.0, ' -26.0]']",,,,,,
1740060537.726931,ble-pd-B43A31EF7B26,41867c09-4a81-34ac-f19e-c3b821e24fd8,6210,3,-60.0,-67.0,-69.0,-60.0,,-56.0,-58.0,2.835138445896631,-1.490317729181574,0.4103622313125656,-1.4879403252764605,,-2.398727215975545,-1.1617828056708182,0.407840983419074,0.212432503830405,0.2690732463949692,0.1993879579817903,,0.9256384815226132,0.9154100641518246,-3.2521777153015137,6.8505401611328125,1.0567011833190918,-3.54,6.84,1.96,"['[-60.0', 8.0, 64.0, 32.0, -43.0, -61.0, 3.0, 62.0, -3.0, 31.0, -76.0, 1.0, -20.0, 8.0, -33.0, 70.0, -29.0, -1.0, -57.0, 27.0, 4.0, -79.0, -35.0, 37.0, -11.0, -10.0, -48.0, 49.0, -9.0, -55.0, -47.0, 12.0, -51.0, -49.0, -28.0, -2.0, -3.0, -85.0, -13.0, 12.0, 66.0, -1.0, 1.0, -55.0, 13.0, -21.0, -26.0, -5.0, 71.0, -27.0, -24.0, -51.0, 46.0, -5.0, -100.0, -18.0, 33.0, -9.0, -35.0, -40.0, 52.0, -13.0, -68.0, -29.0, 11.0, -59.0, -59.0, -29.0, 8.0, -8.0, -92.0, -1.0, 19.0, 62.0, 0.0, -31.0, -20.0, 25.0, -19.0, -61.0, 23.0, ' 65.0]']","['[27.0', 65.0, 13.0, -57.0, -49.0, 24.0, 66.0, 20.0, 6.0, -96.0, 69.0, 43.0, -6.0, -118.0, 86.0, 10.0, 1.0, -75.0, 17.0, 67.0, -32.0, -89.0, 51.0, -3.0, 6.0, -82.0, 17.0, 19.0, -13.0, -46.0, 47.0, 0.0, -34.0, -41.0, -9.0, 34.0, -20.0, -33.0, 39.0, 23.0, 0.0, 4.0, -100.0, 87.0, 40.0, 0.0, -117.0, 94.0, -11.0, 10.0, -70.0, 32.0, 56.0, -32.0, -63.0, 60.0, -14.0, 9.0, -75.0, 31.0, 3.0, -8.0, -25.0, 60.0, -4.0, -17.0, -25.0, 0.0, 33.0, -18.0, -7.0, 41.0, 18.0, -20.0, 5.0, -96.0, 101.0, 34.0, 6.0, -103.0, 90.0, ' -35.0]']","['[-47.0', 31.0, ' 55.0', -15.0, -59.0, -1.0, 60.0, 19.0, -17.0, -41.0, -78.0, 7.0, -38.0, -9.0, 5.0, -7.0, -68.0, -27.0, -66.0, -23.0, -32.0, -12.0, -15.0, 10.0, -86.0, -19.0, -63.0, -34.0, 1.0, -31.0, 7.0, 10.0, -38.0, -14.0, -84.0, -9.0, -62.0, -21.0, -21.0, -54.0, -5.0, 4.0, -53.0, -61.0, 0.0, -37.0, -9.0, 11.0, 1.0, -57.0, -11.0, -65.0, -9.0, -42.0, 0.0, -27.0, 27.0, -96.0, -20.0, -78.0, -27.0, -6.0, -28.0, 15.0, 8.0, -55.0, -23.0, -108.0, -25.0, -83.0, -27.0, -41.0, -39.0, -24.0, 27.0, -59.0, -29.0, -6.0, -31.0, -7.0, 15.0, ' 14.0]']","['[38.0', ' 51.0', ' -23.0', -57.0, 5.0, 60.0, 7.0, -58.0, 69.0, -43.0, 50.0, -18.0, -1.0, -1.0, 17.0, 26.0, 22.0, 38.0, -3.0, 33.0, -34.0, 37.0, -36.0, 47.0, -40.0, -5.0, -55.0, 11.0, -19.0, 2.0, 21.0, -2.0, -53.0, -32.0, -75.0, -38.0, -71.0, -21.0, -63.0, 35.0, -58.0, 71.0, -26.0, 72.0, -17.0, 11.0, 1.0, 15.0, 27.0, 45.0, 48.0, 20.0, 39.0, -21.0, 38.0, -28.0, 41.0, -9.0, 0.0, -33.0, 24.0, -18.0, 12.0, 19.0, -6.0, -36.0, -25.0, -41.0, -32.0, -45.0, -13.0, -50.0, 50.0, -53.0, 65.0, -7.0, 91.0, -17.0, 22.0, 4.0, 10.0, ' 23.0]']","['[27.0', ' 24.0', ' -14.0', -32.0, -1.0, 31.0, 18.0, -20.0, 1.0, 79.0, 25.0, 62.0, 6.0, -17.0, -2.0, -45.0, -3.0, -26.0, -17.0, -12.0, -10.0, -39.0, -7.0, -52.0, 26.0, -70.0, 34.0, -58.0, 12.0, 49.0, 2.0, 83.0, -29.0, 2.0, -20.0, 64.0, 4.0, 51.0, 11.0, 48.0, 31.0, -23.0, 23.0, -6.0, 5.0, 10.0, 9.0, 19.0, -10.0, 24.0, 108.0, 26.0, 54.0, 11.0, -4.0, 5.0, -18.0, -31.0, 32.0, -51.0, 17.0, -47.0, -62.0, -31.0, -114.0, 42.0, -42.0, 40.0, -75.0, 4.0, -46.0, 5.0, 32.0, -3.0, 17.0, -100.0, -18.0, -67.0, -15.0, 9.0, -13.0, ' 55.0]']","['[18.0', ' -22.0', ' -29.0', 6.0, 32.0, 11.0, -27.0, -26.0, 24.0, -61.0, -4.0, -32.0, -14.0, -2.0, -18.0, 29.0, -25.0, -106.0, -21.0, -54.0, -6.0, 19.0, -1.0, 45.0, 21.0, -4.0, 40.0, 6.0, 47.0, 47.0, 33.0, 88.0, -32.0, 45.0, -34.0, 54.0, -7.0, 28.0, -11.0, -55.0, -10.0, -8.0, 98.0, 23.0, 71.0, 11.0, -14.0, 5.0, -53.0, 6.0, 16.0, -7.0, 10.0, -7.0, -43.0, -6.0, -67.0, 14.0, -61.0, 14.0, -56.0, -6.0, 27.0, -11.0, 44.0, -12.0, -17.0, -3.0, 37.0, 7.0, 33.0, 14.0, 66.0, 33.0, -18.0, -18.0, -15.0, -22.0, 5.0, 14.0, 14.0, ' 12.0]']","['[52.0', ' 77.0', 2.0, -76.0, -54.0, 36.0, 82.0, 23.0, -48.0, -42.0, -82.0, -11.0, -2.0, 32.0, 56.0, 20.0, 51.0, -1.0, 17.0, -6.0, -67.0, -8.0, -40.0, 54.0, -54.0, 1.0, 71.0, 26.0, 104.0, -27.0, 17.0, -29.0, -27.0, -7.0, -96.0, -20.0, 8.0, -4.0, 59.0, 46.0, 67.0, -45.0, -3.0, 37.0, 12.0, 73.0, -46.0, -46.0, -119.0, -24.0, -32.0, -90.0, -23.0, -38.0, 24.0, 16.0, 34.0, 77.0, 15.0, 53.0, -4.0, -66.0, 29.0, -68.0, 51.0, -32.0, -2.0, 81.0, 15.0, 96.0, 44.0, 58.0, 0.0, -63.0, 79.0, 44.0, 58.0, 4.0, -47.0, -1.0, -24.0, ' 66.0]']","['[63.0', -28.0, -82.0, -28.0, 62.0, 74.0, -6.0, -77.0, 64.0, 17.0, -6.0, -9.0, -76.0, 38.0, 30.0, 120.0, 7.0, 36.0, 89.0, 27.0, 66.0, -23.0, -2.0, -55.0, -63.0, -17.0, -84.0, -4.0, 34.0, -21.0, 67.0, -44.0, 44.0, 3.0, -52.0, -9.0, -105.0, -44.0, -84.0, -16.0, 43.0, -67.0, -45.0, -74.0, -9.0, 23.0, 19.0, 45.0, -21.0, 45.0, -15.0, -13.0, -13.0, -85.0, 0.0, -36.0, 69.0, -32.0, 8.0, 97.0, 26.0, 89.0, -17.0, -6.0, -12.0, -40.0, -6.0, -74.0, -17.0, 43.0, 10.0, 84.0, 49.0, 49.0, -19.0, 13.0, 57.0, 13.0, 61.0, -49.0, -59.0, ' -97.0]']",,,,,,
1740060538.728134,ble-pd-B43A31EF7B26,f2d46b94-b30b-e647-0f73-8013b0ebae9c,6211,1,-59.0,-66.0,-65.0,-59.0,-57.0,-52.0,-60.0,2.883003972800843,-1.6561351933976138,0.3413751738029351,-1.5077053747806468,-1.3682848371524352,-2.4701363586732463,-1.3920460352492807,0.4381157986910948,0.1501359561245692,0.3180062348431124,0.1925532546497245,1.1604984723341254,0.71571605231885,0.9664224511911532,-3.2495033740997314,6.855309963226318,1.071730613708496,-3.54,6.84,1.96,"['[-53.0', -56.0, 15.0, 66.0, 27.0, -47.0, -60.0, 7.0, 0.0, 101.0, -99.0, -28.0, -7.0, 104.0, -88.0, 31.0, -12.0, 70.0, -47.0, -47.0, 24.0, 37.0, -73.0, 13.0, -14.0, 71.0, -49.0, -2.0, 6.0, 11.0, -67.0, 1.0, -6.0, 14.0, -13.0, -43.0, 14.0, -20.0, -32.0, -18.0, 29.0, 5.0, 86.0, -103.0, -20.0, -14.0, 77.0, -85.0, 47.0, -18.0, 53.0, -59.0, -27.0, 21.0, -2.0, -71.0, 18.0, -16.0, 48.0, -58.0, 13.0, 0.0, -14.0, -64.0, 2.0, -28.0, -11.0, -21.0, -32.0, 9.0, -51.0, -27.0, -10.0, 50.0, 11.0, 60.0, -96.0, -11.0, -16.0, 41.0, -70.0, ' 61.0]']","['[-40.0', 36.0, 65.0, 7.0, -61.0, -47.0, 29.0, 66.0, 18.0, -17.0, -30.0, 15.0, -16.0, -51.0, -1.0, 52.0, -18.0, -40.0, -41.0, 44.0, -8.0, -102.0, -12.0, 17.0, -6.0, -52.0, -31.0, 45.0, -16.0, -73.0, -4.0, 8.0, -58.0, -66.0, -24.0, 18.0, -11.0, -92.0, 9.0, 18.0, 60.0, 16.0, -57.0, 10.0, 23.0, -11.0, -87.0, 25.0, 40.0, -12.0, -61.0, -20.0, 58.0, -16.0, -112.0, 18.0, 10.0, -1.0, -74.0, -11.0, 43.0, -17.0, -72.0, 19.0, 6.0, -51.0, -66.0, -18.0, 33.0, -16.0, -79.0, 21.0, 23.0, 45.0, 13.0, -83.0, 43.0, 29.0, -6.0, -109.0, 55.0, ' 18.0]']","['[-59.0', -8.0, ' 57.0', 24.0, -51.0, -39.0, 40.0, 49.0, -62.0, 7.0, -92.0, 12.0, -28.0, -11.0, -4.0, -34.0, -71.0, -41.0, -45.0, -33.0, 4.0, -29.0, 19.0, -36.0, -28.0, -28.0, -5.0, -30.0, 26.0, -16.0, -5.0, 24.0, 14.0, 16.0, 1.0, 12.0, 6.0, -14.0, 0.0, -62.0, 33.0, -44.0, -17.0, -92.0, 6.0, -36.0, -16.0, -1.0, -27.0, -78.0, -27.0, -62.0, -27.0, -13.0, -18.0, 4.0, -19.0, -66.0, -34.0, -40.0, -33.0, 21.0, -20.0, 11.0, 20.0, -10.0, 0.0, -44.0, -1.0, -22.0, -23.0, -15.0, -59.0, 12.0, -19.0, -37.0, -81.0, -2.0, -40.0, -18.0, 2.0, ' -8.0]']","['[0.0', ' 59.0', ' 16.0', -54.0, -33.0, 45.0, 44.0, -31.0, 36.0, -63.0, -21.0, -16.0, -30.0, -14.0, 7.0, 18.0, -32.0, 24.0, -49.0, 9.0, -45.0, 19.0, -33.0, 39.0, -97.0, -20.0, -91.0, -10.0, -11.0, -11.0, 37.0, -5.0, -67.0, -44.0, -124.0, -34.0, -82.0, -30.0, -50.0, 0.0, -47.0, 59.0, -61.0, 15.0, -19.0, -19.0, -8.0, 8.0, 30.0, -6.0, 39.0, -28.0, 19.0, -44.0, 28.0, -36.0, 50.0, -78.0, -7.0, -82.0, 2.0, -21.0, -4.0, 35.0, -14.0, -67.0, -47.0, -115.0, -36.0, -79.0, -24.0, -47.0, 23.0, -56.0, 70.0, -50.0, 49.0, -21.0, -4.0, -1.0, 8.0, ' 40.0]']","['[-46.0', ' -39.0', ' 25.0', 53.0, 3.0, -51.0, -31.0, 31.0, 3.0, -120.0, -12.0, -77.0, 7.0, -19.0, 13.0, 32.0, 31.0, -14.0, 21.0, 23.0, 2.0, 25.0, -12.0, 61.0, -24.0, 44.0, -45.0, 75.0, -15.0, 21.0, -9.0, -43.0, 46.0, 34.0, 30.0, -12.0, 1.0, 2.0, -10.0, -12.0, -53.0, -30.0, 39.0, -15.0, 23.0, -22.0, 11.0, -1.0, -14.0, -41.0, -86.0, -26.0, -91.0, 1.0, -61.0, 11.0, -28.0, 23.0, -72.0, 43.0, -28.0, 33.0, 7.0, 28.0, 73.0, -67.0, 56.0, -72.0, 79.0, -26.0, 56.0, -11.0, -12.0, 6.0, 17.0, 92.0, 24.0, 60.0, 8.0, 13.0, -11.0, ' -25.0]']","['[-28.0', ' 37.0', ' 47.0', -10.0, -53.0, -17.0, 43.0, 44.0, 31.0, 2.0, 20.0, 4.0, 20.0, -3.0, -2.0, 2.0, 31.0, 101.0, 20.0, 89.0, -2.0, 56.0, -8.0, 7.0, -14.0, 61.0, -28.0, 0.0, -30.0, -15.0, -27.0, -63.0, 52.0, -73.0, 66.0, -81.0, 28.0, -61.0, 16.0, 18.0, 13.0, -7.0, -114.0, -19.0, -74.0, 0.0, -17.0, 13.0, 29.0, 16.0, -50.0, 12.0, -8.0, 3.0, 4.0, -7.0, 55.0, -16.0, 19.0, -34.0, 69.0, -3.0, 24.0, 0.0, -17.0, 24.0, 56.0, 3.0, 18.0, -8.0, 23.0, -16.0, -18.0, -53.0, -24.0, 78.0, -6.0, 50.0, -20.0, 15.0, -7.0, ' -20.0]']","['[-61.0', ' -70.0', 11.0, 77.0, 45.0, -46.0, -77.0, -8.0, 42.0, 42.0, 74.0, 3.0, 9.0, -29.0, -57.0, -26.0, -54.0, -1.0, -26.0, -6.0, 61.0, 0.0, 36.0, -59.0, 65.0, -4.0, -62.0, -34.0, -106.0, 31.0, -17.0, 33.0, 43.0, 3.0, 107.0, 21.0, -4.0, 20.0, -63.0, -33.0, -74.0, 40.0, 12.0, -20.0, 0.0, -75.0, 41.0, 43.0, 106.0, 19.0, 37.0, 91.0, 20.0, 41.0, -26.0, -9.0, -37.0, -72.0, -14.0, -64.0, 1.0, 53.0, -30.0, 67.0, -53.0, 41.0, 6.0, -74.0, -16.0, -108.0, -42.0, -50.0, -12.0, 49.0, -67.0, -49.0, -61.0, -4.0, 33.0, 7.0, 32.0, ' -35.0]']","['[-52.0', 38.0, 79.0, 19.0, -66.0, -66.0, 20.0, 80.0, -53.0, -25.0, 1.0, -1.0, 74.0, -33.0, -29.0, -104.0, -2.0, -38.0, -87.0, -20.0, -61.0, 25.0, 0.0, 58.0, 57.0, 16.0, 85.0, 8.0, -26.0, 22.0, -65.0, 44.0, -58.0, -7.0, 48.0, 10.0, 114.0, 38.0, 72.0, 22.0, -28.0, 57.0, 47.0, 71.0, 4.0, -13.0, -19.0, -48.0, 3.0, -51.0, 7.0, 0.0, -1.0, 78.0, -6.0, 36.0, -75.0, 47.0, -9.0, -85.0, -35.0, -95.0, 23.0, 0.0, 16.0, 59.0, 5.0, 91.0, 18.0, -39.0, 8.0, -83.0, -38.0, -61.0, 22.0, 0.0, -41.0, 0.0, -69.0, 44.0, 56.0, ' 96.0]']",,,,,,
1740060539.728909,ble-pd-B43A31EF7B26,27d5617d-1ab7-3373-934b-47617739ce4d,6212,25,-62.0,-83.0,-72.0,-66.0,-58.0,-50.0,,2.584024193023098,-1.4290671546386238,0.3997045269461776,-1.5058905636558129,0.3448180848047227,-2.4332083180257937,,0.2841829904451564,0.1071817892907891,0.332409309098047,0.1769788056340753,0.8426522447657523,0.4430685049906198,,-3.246875524520874,6.842425346374512,1.068743348121643,-3.54,6.84,1.96,"['[-15.0', -69.0, -28.0, 51.0, 62.0, -9.0, -67.0, -36.0, 71.0, -44.0, 19.0, -85.0, 74.0, 7.0, -21.0, -63.0, 30.0, 14.0, 5.0, -102.0, 25.0, 30.0, 7.0, -38.0, 4.0, 42.0, 2.0, -83.0, 3.0, 28.0, -1.0, -19.0, -4.0, 97.0, -28.0, -39.0, 30.0, 62.0, -21.0, -10.0, -40.0, 70.0, -51.0, 26.0, -80.0, 74.0, 7.0, -16.0, -64.0, 28.0, 7.0, 7.0, -99.0, 25.0, 27.0, 9.0, -43.0, 2.0, 36.0, 4.0, -85.0, 2.0, 23.0, 0.0, -22.0, -7.0, 91.0, -27.0, -42.0, 31.0, 58.0, -22.0, -12.0, -47.0, 68.0, -59.0, 31.0, -76.0, 75.0, 2.0, -13.0, ' -61.0]']","['[-67.0', -4.0, 63.0, 47.0, -31.0, -69.0, -14.0, 61.0, 13.0, 77.0, -71.0, -50.0, -14.0, 34.0, -55.0, 2.0, 25.0, 100.0, -21.0, -30.0, 1.0, 49.0, -38.0, 57.0, 17.0, 76.0, -13.0, 18.0, 5.0, 56.0, -34.0, 39.0, 23.0, 70.0, -9.0, 33.0, -12.0, 42.0, 7.0, 18.0, 57.0, 22.0, 70.0, -67.0, -57.0, -7.0, 35.0, -57.0, -2.0, 26.0, 101.0, -20.0, -38.0, 4.0, 51.0, -38.0, 53.0, 18.0, 79.0, -13.0, 11.0, 5.0, 58.0, -35.0, 37.0, 21.0, 79.0, -12.0, 30.0, -9.0, 48.0, 4.0, 17.0, 54.0, 27.0, 64.0, -65.0, -62.0, -1.0, 35.0, -58.0, ' -5.0]']","['[6.0', -2.0, ' -7.0', 0.0, 7.0, 1.0, -7.0, -5.0, 11.0, 45.0, 36.0, 6.0, 29.0, 12.0, 37.0, 14.0, 46.0, -7.0, 36.0, 0.0, 29.0, 8.0, 17.0, -10.0, 16.0, -4.0, 29.0, 2.0, 17.0, 26.0, -29.0, 32.0, 2.0, -35.0, 58.0, -10.0, 1.0, -9.0, -34.0, -25.0, -3.0, 16.0, 50.0, 41.0, 7.0, 30.0, 6.0, 31.0, 5.0, 40.0, 1.0, 34.0, 1.0, 29.0, 7.0, 20.0, -13.0, 26.0, -6.0, 37.0, 1.0, 32.0, 26.0, -17.0, 34.0, 9.0, -32.0, 79.0, -12.0, 20.0, -7.0, -34.0, -28.0, -3.0, 18.0, 53.0, 47.0, 7.0, 29.0, 0.0, 24.0, ' -8.0]']","['[-3.0', ' -6.0', ' 1.0', 8.0, 0.0, -6.0, -3.0, 6.0, 18.0, 28.0, 32.0, 3.0, 9.0, -28.0, -22.0, -45.0, -16.0, 45.0, -5.0, 5.0, 5.0, -3.0, 16.0, -20.0, 54.0, -11.0, 43.0, -7.0, 67.0, 0.0, 46.0, 6.0, 39.0, 13.0, 104.0, -17.0, 97.0, 13.0, -4.0, -15.0, 8.0, 15.0, 18.0, 24.0, 2.0, 3.0, -29.0, -29.0, -48.0, -25.0, 45.0, -12.0, 4.0, 0.0, -5.0, 14.0, -19.0, 51.0, -11.0, 37.0, -8.0, 63.0, -5.0, 51.0, 0.0, 38.0, 19.0, 89.0, -15.0, 95.0, 15.0, 2.0, -10.0, 9.0, 12.0, 8.0, 15.0, 0.0, -3.0, -30.0, -36.0, ' -50.0]']","['[22.0', ' 19.0', ' -12.0', -26.0, 0.0, 25.0, 14.0, -17.0, 1.0, 69.0, -8.0, 23.0, -7.0, -59.0, -38.0, -102.0, 39.0, -27.0, 29.0, -57.0, 17.0, -32.0, -7.0, 2.0, -47.0, -27.0, 4.0, -15.0, 1.0, -23.0, 0.0, -13.0, 23.0, 44.0, -4.0, 26.0, -3.0, 54.0, 6.0, 75.0, 28.0, -27.0, 26.0, -4.0, 21.0, -8.0, 66.0, 21.0, 78.0, -12.0, 38.0, -28.0, 52.0, -16.0, 14.0, -24.0, -38.0, 51.0, 8.0, 10.0, -27.0, -9.0, -38.0, -7.0, -29.0, -29.0, -44.0, 9.0, -49.0, 13.0, -48.0, -5.0, -52.0, -19.0, 35.0, -103.0, 15.0, -52.0, 17.0, -29.0, 8.0, ' -3.0]']","['[14.0', ' -18.0', ' -23.0', 5.0, 26.0, 8.0, -21.0, -20.0, 34.0, -96.0, 15.0, -50.0, 17.0, -35.0, 5.0, -14.0, -17.0, -27.0, 12.0, -20.0, 5.0, 8.0, 39.0, 48.0, -26.0, 11.0, -18.0, 51.0, 11.0, 75.0, 9.0, 51.0, 18.0, 18.0, -7.0, 41.0, -15.0, 15.0, 0.0, 2.0, 0.0, -21.0, 116.0, -16.0, 51.0, -16.0, -21.0, -31.0, -66.0, 39.0, -2.0, 12.0, -30.0, 10.0, -30.0, -32.0, -31.0, -17.0, -28.0, 15.0, -47.0, -7.0, -68.0, -5.0, -44.0, 4.0, 21.0, 1.0, -7.0, 7.0, 29.0, 3.0, 55.0, 20.0, -6.0, -59.0, 6.0, -17.0, 5.0, 63.0, 37.0, ' 104.0]']","['[26.0', ' -37.0', -54.0, 0.0, 53.0, 37.0, -25.0, -57.0, 47.0, -2.0, -8.0, -26.0, -54.0, 42.0, 5.0, 68.0, -8.0, 18.0, 71.0, 3.0, 53.0, -41.0, -16.0, -82.0, -53.0, -23.0, -59.0, 20.0, 29.0, 4.0, 70.0, -36.0, 104.0, -33.0, 7.0, -29.0, -110.0, 38.0, -77.0, 98.0, 35.0, -63.0, 8.0, -28.0, 39.0, 16.0, 4.0, 33.0, -47.0, 51.0, -5.0, -34.0, -15.0, -82.0, 31.0, -9.0, 84.0, 5.0, 34.0, 74.0, 1.0, 35.0, -41.0, -48.0, -36.0, -83.0, 4.0, -84.0, 30.0, 52.0, -10.0, 119.0, -75.0, 7.0, 40.0, -10.0, 49.0, -27.0, 33.0, -49.0, -52.0, ' 0.0]']","['[-50.0', -42.0, 17.0, 57.0, 19.0, -43.0, -51.0, 4.0, 42.0, -10.0, 49.0, -28.0, 31.0, -47.0, -51.0, 0.0, -62.0, -10.0, -19.0, 17.0, 62.0, -1.0, 30.0, -38.0, 44.0, -24.0, -46.0, -21.0, -82.0, 55.0, -1.0, 85.0, 13.0, 23.0, 108.0, -13.0, 37.0, -22.0, -91.0, 4.0, -46.0, 4.0, 5.0, -41.0, 1.0, -61.0, 63.0, 39.0, 50.0, 37.0, 21.0, 65.0, -10.0, -6.0, -28.0, -32.0, -35.0, -68.0, 0.0, -7.0, 29.0, 80.0, -37.0, 51.0, -86.0, 65.0, -41.0, -71.0, -12.0, -103.0, 43.0, 11.0, 65.0, 58.0, -49.0, 3.0, 8.0, 27.0, 54.0, -40.0, -5.0, ' -68.0]']",,,,,,
1740060540.724504,ble-pd-B43A31EF7B26,7dcdaf84-4009-d72f-dd58-4c381b99243e,6213,32,-61.0,-81.0,-76.0,-64.0,-62.0,,,2.475605839781536,-1.5037520453004785,0.3708409207357898,-1.4844140336770864,-0.4640727473697248,,,0.2968978203060626,0.1283357272377225,0.4908619677670407,0.2282268966625812,0.5095600716759214,,,,,,-3.54,6.84,1.96,"['[17.0', -85.0, -75.0, 37.0, 99.0, 27.0, -82.0, -85.0, 72.0, -35.0, 59.0, -73.0, 51.0, 46.0, -15.0, -74.0, 12.0, -4.0, 31.0, -102.0, 12.0, 42.0, -8.0, -69.0, -19.0, 36.0, 17.0, -103.0, 20.0, 35.0, 3.0, -43.0, -5.0, 79.0, -15.0, -78.0, 40.0, 56.0, 11.0, -43.0, -93.0, 61.0, -35.0, 69.0, -55.0, 46.0, 45.0, 0.0, -77.0, 6.0, -15.0, 39.0, -90.0, 4.0, 35.0, 1.0, -81.0, -22.0, 26.0, 24.0, -100.0, 17.0, 28.0, 9.0, -49.0, -10.0, 64.0, -12.0, -81.0, 42.0, 49.0, 15.0, -46.0, -98.0, 49.0, -34.0, 75.0, -42.0, 39.0, 41.0, 16.0, ' -76.0]']","['[-99.0', -52.0, 65.0, 93.0, -5.0, -96.0, -57.0, 58.0, 60.0, 3.0, -59.0, -83.0, 19.0, 5.0, -101.0, 23.0, 35.0, 63.0, -41.0, -64.0, 34.0, 30.0, -59.0, 67.0, 13.0, 56.0, -42.0, -18.0, 20.0, 45.0, -37.0, 40.0, 22.0, 75.0, -23.0, 24.0, -11.0, 33.0, -29.0, 21.0, 44.0, 72.0, -2.0, -48.0, -97.0, 29.0, 13.0, -103.0, 11.0, 37.0, 62.0, -33.0, -80.0, 36.0, 39.0, -59.0, 53.0, 10.0, 61.0, -39.0, -34.0, 24.0, 50.0, -37.0, 34.0, 21.0, 88.0, -26.0, 10.0, -5.0, 44.0, -27.0, 14.0, 30.0, 81.0, -8.0, -36.0, -102.0, 37.0, 22.0, -102.0, ' 0.0]']","['[-14.0', -3.0, ' 13.0', 6.0, -10.0, -10.0, 8.0, 12.0, 7.0, -64.0, -29.0, -15.0, -32.0, -36.0, -44.0, -32.0, -30.0, -26.0, -27.0, -16.0, -47.0, -5.0, -25.0, 34.0, -3.0, -18.0, -29.0, -15.0, -5.0, -16.0, 51.0, -13.0, 12.0, 22.0, -46.0, 23.0, -17.0, 28.0, 50.0, 9.0, 9.0, 9.0, -67.0, -36.0, -16.0, -40.0, -33.0, -45.0, -26.0, -29.0, -29.0, -25.0, -17.0, -49.0, -6.0, -34.0, 35.0, -7.0, -23.0, -35.0, -20.0, -17.0, -22.0, 42.0, -14.0, 5.0, 19.0, -65.0, 23.0, -42.0, 28.0, 43.0, 17.0, 10.0, 7.0, -67.0, -40.0, -18.0, -44.0, -29.0, -45.0, ' -21.0]']","['[0.0', ' 13.0', ' 6.0', -12.0, -8.0, 9.0, 12.0, -6.0, -7.0, -21.0, -37.0, -8.0, -35.0, 10.0, -8.0, 17.0, 3.0, -13.0, 8.0, 0.0, -21.0, -10.0, -43.0, 8.0, -21.0, -27.0, -34.0, -25.0, -66.0, -29.0, -45.0, -11.0, -35.0, -9.0, -94.0, 0.0, -124.0, -1.0, -23.0, 42.0, -8.0, -7.0, -11.0, -30.0, -5.0, -30.0, 18.0, 0.0, 25.0, 7.0, -9.0, 11.0, 3.0, -12.0, -9.0, -38.0, 1.0, -22.0, -24.0, -29.0, -22.0, -64.0, -26.0, -53.0, -9.0, -36.0, -12.0, -81.0, -4.0, -119.0, -5.0, -33.0, 38.0, -9.0, -10.0, 1.0, -22.0, -4.0, -23.0, 22.0, 7.0, ' 30.0]']","['[-19.0', ' -8.0', ' 16.0', 16.0, -6.0, -20.0, -3.0, 18.0, 36.0, -115.0, 25.0, -28.0, 14.0, 33.0, 3.0, 77.0, -22.0, 26.0, 14.0, 39.0, -3.0, 56.0, 29.0, 49.0, -8.0, 33.0, -20.0, 46.0, 19.0, 49.0, -4.0, 22.0, -30.0, -14.0, -2.0, -11.0, -32.0, -28.0, 8.0, -40.0, -19.0, 5.0, 66.0, -26.0, 2.0, -22.0, -72.0, -43.0, -104.0, 46.0, -45.0, 3.0, -53.0, 1.0, -41.0, -8.0, -4.0, -7.0, -35.0, 28.0, -4.0, -9.0, 9.0, -11.0, 31.0, 25.0, 81.0, -40.0, 69.0, -2.0, 57.0, -7.0, 43.0, 13.0, -45.0, 23.0, 11.0, 24.0, 19.0, 69.0, 58.0, ' 73.0]']","['[-3.0', ' 18.0', ' 13.0', -11.0, -19.0, 1.0, 19.0, 10.0, -46.0, 25.0, 10.0, 26.0, 18.0, 66.0, 58.0, 69.0, -43.0, 39.0, -22.0, 37.0, 1.0, 0.0, -17.0, -41.0, 20.0, 14.0, -20.0, -45.0, -5.0, -67.0, 20.0, -66.0, -5.0, -98.0, 57.0, -88.0, 37.0, -56.0, 1.0, -22.0, 7.0, 59.0, -99.0, 9.0, -39.0, -3.0, -22.0, -38.0, 6.0, 16.0, -10.0, 26.0, 0.0, -3.0, 40.0, 33.0, 63.0, -19.0, 12.0, 3.0, 64.0, 16.0, 83.0, -17.0, 63.0, -17.0, 58.0, -43.0, 55.0, -48.0, 21.0, 5.0, -15.0, -21.0, -38.0, 115.0, -25.0, 30.0, -13.0, -32.0, 0.0, ' -72.0]']","['[-63.0', ' -7.0', 60.0, 46.0, -25.0, -65.0, -21.0, 50.0, 19.0, 14.0, 53.0, -20.0, 83.0, -50.0, -35.0, -69.0, -24.0, -10.0, -63.0, 7.0, 50.0, 18.0, 59.0, 21.0, 56.0, -34.0, -6.0, -31.0, -76.0, 16.0, -18.0, 70.0, -51.0, 33.0, 100.0, -15.0, 92.0, -36.0, -42.0, -59.0, -68.0, 23.0, -31.0, -21.0, -4.0, -87.0, 43.0, 1.0, 84.0, -1.0, 37.0, 81.0, 1.0, 18.0, -33.0, -67.0, -70.0, -48.0, 14.0, -41.0, 25.0, 53.0, 1.0, 46.0, -34.0, 70.0, -49.0, -31.0, -12.0, -123.0, 31.0, -29.0, 80.0, 53.0, -58.0, 32.0, -24.0, 26.0, 53.0, -17.0, 32.0, ' -61.0]']","['[19.0', 65.0, 26.0, -46.0, -60.0, 1.0, 61.0, 44.0, -61.0, 31.0, -34.0, 30.0, 33.0, -7.0, 40.0, -49.0, 32.0, -46.0, -50.0, -12.0, -91.0, 29.0, 33.0, 83.0, 7.0, 18.0, 76.0, -1.0, 9.0, -22.0, -49.0, -30.0, -48.0, 35.0, -66.0, 40.0, 80.0, -4.0, 92.0, -52.0, 0.0, 61.0, -13.0, 60.0, -35.0, 24.0, -25.0, -52.0, -9.0, -40.0, 30.0, 1.0, 14.0, 103.0, -10.0, 11.0, -50.0, 30.0, -36.0, -63.0, -19.0, -56.0, 28.0, 25.0, 68.0, 5.0, -5.0, 115.0, -40.0, -9.0, -20.0, -97.0, 0.0, -43.0, -30.0, -8.0, -59.0, 24.0, -73.0, 48.0, 42.0, ' 56.0]']",,,,,,
1740060541.727505,ble-pd-B43A31EF7B26,a40a915f-12f1-eb1e-3f38-21ca83dd4d0f,6214,7,-60.0,-72.0,-68.0,-62.0,-57.0,-54.0,-57.0,2.8796856740826047,-1.567803200045757,0.3499145998382741,-1.494199952260637,-0.5565224450030971,3.046833085740647,-1.0596738088927418,0.251979979964891,0.1182035394558127,0.2113313532986845,0.2052775553772573,0.4083211273678903,0.3998110258263013,0.8093075850147279,-3.2451610565185547,6.82511854171753,1.09598183631897,-3.54,6.84,1.96,"['[42.0', -38.0, -68.0, -5.0, 63.0, 46.0, -35.0, -68.0, 19.0, 35.0, 13.0, -6.0, 26.0, 63.0, -54.0, -44.0, 42.0, 36.0, 43.0, -54.0, 21.0, 112.0, -29.0, -26.0, 14.0, 56.0, 24.0, -60.0, 18.0, 72.0, 8.0, -22.0, 38.0, 62.0, 22.0, -8.0, -4.0, 79.0, -7.0, -6.0, -62.0, 15.0, 54.0, -6.0, -13.0, 24.0, 86.0, -71.0, -37.0, 34.0, 46.0, 34.0, -64.0, 29.0, 117.0, -41.0, -22.0, 6.0, 66.0, 16.0, -54.0, 16.0, 71.0, -6.0, -17.0, 38.0, 56.0, 25.0, -10.0, 2.0, 70.0, -16.0, -6.0, -53.0, 9.0, 71.0, -27.0, -20.0, 19.0, 101.0, -85.0, ' -29.0]']","['[-55.0', -58.0, 15.0, 70.0, 27.0, -53.0, -60.0, 9.0, -14.0, 81.0, -82.0, -31.0, -7.0, 98.0, -83.0, 23.0, -25.0, 46.0, -30.0, -49.0, 35.0, 30.0, -50.0, 13.0, -31.0, 54.0, -34.0, 18.0, -4.0, 3.0, -56.0, 23.0, 7.0, -20.0, 10.0, -7.0, 20.0, -21.0, -39.0, 3.0, 25.0, -17.0, 71.0, -83.0, -28.0, -13.0, 80.0, -70.0, 33.0, -35.0, 36.0, -41.0, -34.0, 30.0, 6.0, -42.0, 19.0, -34.0, 40.0, -38.0, 32.0, -9.0, -15.0, -56.0, 28.0, -3.0, -35.0, 4.0, -5.0, 21.0, -42.0, -36.0, 4.0, 41.0, -21.0, 54.0, -79.0, -24.0, -19.0, 59.0, -52.0, ' 43.0]']","['[-29.0', 23.0, ' 35.0', -13.0, -39.0, 0.0, 39.0, 8.0, 13.0, -68.0, -40.0, -10.0, -25.0, 28.0, 24.0, 43.0, -35.0, -69.0, -49.0, -21.0, -74.0, 6.0, -58.0, 35.0, -106.0, -16.0, -102.0, -21.0, -37.0, -59.0, 11.0, -18.0, -70.0, -37.0, -122.0, -35.0, -95.0, -38.0, -27.0, -22.0, -6.0, 37.0, -55.0, -12.0, -10.0, -13.0, 30.0, 26.0, 45.0, -14.0, -52.0, -36.0, -15.0, -75.0, 20.0, -68.0, 42.0, -89.0, -26.0, -95.0, -13.0, -44.0, -45.0, 7.0, -16.0, -70.0, -40.0, -121.0, -44.0, -105.0, -52.0, -49.0, -12.0, -16.0, 51.0, -32.0, 15.0, -7.0, 0.0, 29.0, 28.0, ' 48.0]']","['[26.0', ' 32.0', ' -18.0', -38.0, 8.0, 39.0, 3.0, -38.0, 64.0, 34.0, 79.0, 1.0, 29.0, 9.0, 15.0, 15.0, 61.0, 45.0, 28.0, 23.0, -21.0, 50.0, -39.0, 29.0, 34.0, -31.0, 8.0, 22.0, -23.0, 31.0, -10.0, 2.0, -17.0, -17.0, -15.0, -30.0, -49.0, -40.0, -69.0, 21.0, -36.0, 57.0, 55.0, 90.0, 5.0, 38.0, 0.0, 7.0, 1.0, 67.0, 64.0, 44.0, 27.0, 1.0, 47.0, -16.0, 17.0, 66.0, -25.0, 40.0, 29.0, -10.0, 48.0, -13.0, 9.0, 7.0, -1.0, 27.0, -15.0, -13.0, -24.0, -58.0, 25.0, -33.0, 39.0, 73.0, 88.0, 5.0, 40.0, -9.0, -3.0, ' -16.0]']","['[6.0', ' -32.0', ' -22.0', 18.0, 33.0, -1.0, -33.0, -20.0, 2.0, -28.0, 26.0, -11.0, 25.0, -34.0, 13.0, -10.0, 2.0, -74.0, -19.0, -20.0, -10.0, -23.0, 3.0, 20.0, 34.0, -68.0, 36.0, 6.0, 23.0, 98.0, 3.0, 120.0, -17.0, 58.0, -49.0, 113.0, -20.0, 56.0, -7.0, 10.0, -19.0, -54.0, 107.0, -26.0, 46.0, -31.0, 0.0, 13.0, -79.0, -9.0, 75.0, 15.0, -22.0, 32.0, -65.0, 19.0, -73.0, -28.0, -24.0, -24.0, -30.0, -44.0, -54.0, -12.0, -50.0, 16.0, -15.0, 16.0, -35.0, 21.0, -7.0, 20.0, 67.0, 37.0, 47.0, -68.0, -1.0, -31.0, 3.0, 34.0, -24.0, ' 79.0]']","['[-34.0', ' -14.0', ' 26.0', 29.0, -10.0, -34.0, -8.0, 31.0, 58.0, -103.0, 16.0, -47.0, 23.0, 16.0, -21.0, 93.0, 10.0, -48.0, -7.0, 35.0, -30.0, 82.0, -23.0, 73.0, 15.0, 64.0, 8.0, 30.0, 39.0, 10.0, 11.0, -6.0, -9.0, -13.0, 6.0, -16.0, -15.0, -18.0, -18.0, -80.0, -33.0, -26.0, 18.0, 14.0, 11.0, 10.0, -38.0, 21.0, -50.0, -2.0, -43.0, -15.0, -34.0, 4.0, -56.0, 14.0, -16.0, 23.0, -90.0, 28.0, -9.0, 2.0, 83.0, -2.0, 109.0, -11.0, 57.0, -47.0, 109.0, -11.0, 58.0, 2.0, 43.0, -5.0, -36.0, 84.0, -31.0, 35.0, -33.0, 16.0, 3.0, ' -50.0]']","['[23.0', ' 77.0', 32.0, -53.0, -70.0, 5.0, 73.0, 46.0, -35.0, -36.0, -65.0, -40.0, -8.0, 22.0, 95.0, 10.0, 16.0, 37.0, 19.0, -37.0, -51.0, -52.0, -34.0, -18.0, -44.0, 13.0, 45.0, 48.0, 109.0, 10.0, 9.0, -8.0, 54.0, -30.0, -58.0, -33.0, -3.0, 37.0, 47.0, 115.0, 35.0, -58.0, 18.0, 23.0, 40.0, 53.0, -4.0, -63.0, -88.0, -8.0, -34.0, -55.0, -40.0, -43.0, 49.0, 40.0, 60.0, 28.0, 49.0, 55.0, -4.0, -58.0, -5.0, -61.0, -6.0, -30.0, -7.0, 37.0, 50.0, 87.0, 62.0, 52.0, -10.0, -70.0, 80.0, 21.0, 47.0, 9.0, -36.0, -19.0, -45.0, ' 57.0]']","['[72.0', 4.0, -70.0, -55.0, 31.0, 76.0, 21.0, -59.0, 79.0, -3.0, 4.0, -25.0, -55.0, -4.0, 26.0, 92.0, 0.0, 21.0, 53.0, 61.0, 71.0, -31.0, -28.0, -57.0, -10.0, -60.0, -79.0, -15.0, 15.0, 1.0, 63.0, 9.0, 12.0, 20.0, -16.0, -39.0, -93.0, -83.0, -76.0, -33.0, 60.0, -63.0, -32.0, -61.0, -27.0, 14.0, 23.0, 76.0, -25.0, 14.0, 25.0, -4.0, -60.0, -76.0, -37.0, -20.0, 7.0, -37.0, 34.0, 73.0, 51.0, 93.0, 9.0, -14.0, -12.0, 47.0, -35.0, -48.0, -13.0, 34.0, 65.0, 74.0, 118.0, 9.0, -29.0, 29.0, 45.0, 48.0, 42.0, -13.0, -88.0, ' -67.0]']",,,,,,
1740060542.728081,ble-pd-B43A31EF7B26,0c63b640-e36d-3569-4869-bc743585f563,6215,10,-63.0,-76.0,-68.0,-65.0,,-48.0,,2.937510890831495,-1.5440355525812357,0.3553240126444431,-1.5245401481374194,,-2.7923521783752707,,0.2508364019480542,0.1548788296441618,0.2081242249111998,0.1408046058495814,,0.3129122135911202,,-3.2841482162475586,6.820490837097168,1.1299136877059937,-3.54,6.84,1.96,"['[19.0', -28.0, -37.0, 4.0, 39.0, 22.0, -26.0, -38.0, 21.0, 83.0, -26.0, 8.0, -3.0, 98.0, -82.0, -7.0, 28.0, 70.0, 19.0, -27.0, 21.0, 111.0, -49.0, 11.0, 9.0, 82.0, 0.0, -33.0, 28.0, 67.0, -3.0, -16.0, 23.0, 65.0, 21.0, -23.0, -11.0, 49.0, -2.0, 0.0, -34.0, 17.0, 89.0, -35.0, 11.0, -4.0, 111.0, -93.0, 4.0, 19.0, 67.0, 13.0, -28.0, 25.0, 106.0, -53.0, 11.0, 3.0, 81.0, -6.0, -27.0, 23.0, 55.0, -10.0, -15.0, 17.0, 54.0, 20.0, -20.0, -12.0, 33.0, -7.0, 2.0, -28.0, 13.0, 90.0, -44.0, 11.0, -4.0, 118.0, -99.0, ' 16.0]']","['[-36.0', -29.0, 16.0, 40.0, 9.0, -34.0, -31.0, 13.0, -21.0, 34.0, -48.0, 7.0, -1.0, 58.0, -59.0, 52.0, -37.0, -5.0, -27.0, -8.0, 21.0, -25.0, -26.0, 0.0, -21.0, 4.0, -33.0, 29.0, -24.0, -45.0, -28.0, 5.0, -26.0, -65.0, 0.0, 8.0, 0.0, -80.0, -29.0, 16.0, 20.0, -24.0, 14.0, -42.0, 4.0, -1.0, 37.0, -41.0, 53.0, -42.0, -20.0, -29.0, -3.0, 17.0, -45.0, -16.0, -2.0, -22.0, -15.0, -32.0, 35.0, -29.0, -60.0, -27.0, 8.0, -30.0, -75.0, -5.0, 14.0, 3.0, -88.0, -28.0, 16.0, 26.0, -28.0, -5.0, -33.0, 2.0, 0.0, 14.0, -23.0, ' 51.0]']","['[6.0', 21.0, ' 0.0', -21.0, -6.0, 19.0, 11.0, -15.0, 43.0, 6.0, 68.0, 1.0, 27.0, 49.0, 13.0, 33.0, 42.0, -16.0, 16.0, 12.0, -49.0, 25.0, -47.0, 25.0, -11.0, -18.0, -35.0, 13.0, -15.0, -7.0, -6.0, 0.0, -52.0, -29.0, -19.0, -43.0, -71.0, -52.0, -87.0, 0.0, -21.0, 47.0, 41.0, 84.0, 6.0, 41.0, 46.0, 5.0, 18.0, 53.0, 1.0, 28.0, 18.0, -38.0, 35.0, -36.0, 15.0, 24.0, -22.0, -4.0, 21.0, -4.0, 9.0, -7.0, 3.0, -33.0, -16.0, 18.0, -35.0, -35.0, -49.0, -88.0, 2.0, -21.0, 45.0, 74.0, 90.0, 12.0, 52.0, 38.0, -4.0, ' 1.0]']","['[20.0', ' -4.0', ' -22.0', -4.0, 21.0, 9.0, -18.0, -13.0, 16.0, 115.0, 59.0, 18.0, 49.0, -4.0, -22.0, -40.0, 38.0, 56.0, 40.0, 25.0, 31.0, 34.0, 24.0, -30.0, 114.0, -16.0, 90.0, 24.0, 33.0, 52.0, -4.0, 16.0, 46.0, 40.0, 97.0, 18.0, 92.0, 8.0, -11.0, 6.0, -6.0, 1.0, 107.0, 31.0, 17.0, 37.0, -18.0, -26.0, -49.0, 18.0, 58.0, 33.0, 20.0, 46.0, 24.0, 40.0, -36.0, 113.0, -9.0, 96.0, 18.0, 36.0, 54.0, -2.0, 14.0, 61.0, 48.0, 97.0, 31.0, 111.0, 25.0, 16.0, 5.0, 2.0, -14.0, 87.0, 8.0, 13.0, 22.0, -32.0, -26.0, ' -55.0]']","['[31.0', ' -11.0', ' -36.0', -9.0, 32.0, 25.0, -18.0, -37.0, -29.0, 42.0, -9.0, 8.0, -6.0, -32.0, 35.0, -88.0, -13.0, -14.0, -1.0, -40.0, 14.0, -85.0, 11.0, -29.0, -2.0, -91.0, -7.0, -10.0, -15.0, 49.0, 4.0, 79.0, -9.0, 61.0, -18.0, 85.0, 4.0, 80.0, 31.0, 64.0, 11.0, -26.0, 60.0, -20.0, 35.0, -9.0, 25.0, -10.0, -16.0, 17.0, 71.0, 26.0, 0.0, 14.0, 15.0, 0.0, -39.0, -42.0, 47.0, -26.0, -25.0, -16.0, -122.0, -18.0, -122.0, 14.0, -77.0, 32.0, -95.0, 12.0, -48.0, 4.0, 19.0, 29.0, 53.0, -99.0, 30.0, -44.0, 16.0, 8.0, -25.0, ' 105.0]']","['[-20.0', ' -35.0', ' 1.0', 35.0, 17.0, -26.0, -31.0, 8.0, 44.0, -91.0, 29.0, -45.0, 15.0, -10.0, -6.0, 64.0, -12.0, -73.0, -29.0, 22.0, -25.0, 30.0, -6.0, 62.0, 49.0, -5.0, 34.0, 34.0, 28.0, 113.0, 17.0, 95.0, -11.0, 54.0, -26.0, 62.0, -16.0, 12.0, -23.0, -59.0, -38.0, -47.0, 79.0, -22.0, 29.0, -13.0, -23.0, 34.0, -108.0, -6.0, 22.0, 12.0, -46.0, 25.0, -90.0, 13.0, -55.0, -26.0, -78.0, -24.0, -24.0, -28.0, -6.0, -3.0, 23.0, -2.0, 24.0, -5.0, 45.0, 11.0, 65.0, 38.0, 85.0, 27.0, -3.0, 16.0, -7.0, 17.0, -3.0, 33.0, -25.0, ' 31.0]']","['[54.0', ' 8.0', -47.0, -42.0, 18.0, 55.0, 20.0, -37.0, 89.0, 6.0, 2.0, -40.0, -59.0, -18.0, 36.0, 45.0, -3.0, 29.0, 39.0, 48.0, 71.0, -29.0, -32.0, -66.0, 8.0, -71.0, -68.0, -22.0, 28.0, 13.0, 48.0, 19.0, -1.0, 14.0, 18.0, -41.0, -48.0, -92.0, -67.0, -38.0, 46.0, -71.0, -25.0, -68.0, -30.0, 22.0, 22.0, 77.0, -17.0, 7.0, 35.0, -1.0, -62.0, -67.0, -25.0, -6.0, -5.0, -32.0, 57.0, 62.0, 59.0, 75.0, 36.0, -25.0, -9.0, 86.0, -20.0, -45.0, -10.0, 4.0, 96.0, 35.0, 119.0, -2.0, -27.0, 15.0, 55.0, 64.0, 38.0, 0.0, -101.0, ' -28.0]']","['[-11.0', -54.0, -28.0, 34.0, 52.0, 2.0, -51.0, -37.0, 34.0, 24.0, 73.0, 49.0, 1.0, -14.0, -101.0, -1.0, -7.0, -51.0, -18.0, 46.0, 40.0, 41.0, 24.0, 41.0, 30.0, -29.0, -37.0, -55.0, -96.0, -45.0, 4.0, 1.0, -94.0, 15.0, 40.0, 30.0, 18.0, -62.0, -5.0, -114.0, -17.0, 63.0, -4.0, -26.0, -57.0, -53.0, -11.0, 74.0, 41.0, 0.0, 48.0, 44.0, 22.0, 46.0, -44.0, -39.0, -79.0, -5.0, -52.0, -47.0, 4.0, 66.0, 31.0, 41.0, 17.0, 39.0, 6.0, 1.0, -50.0, -50.0, -55.0, -58.0, 18.0, 49.0, -92.0, -22.0, -48.0, -1.0, 43.0, 24.0, 34.0, ' -32.0]']",,,,,,
1740060543.727556,ble-pd-B43A31EF7B26,3b40f922-2483-1320-e2ca-7ab9bfe89908,6216,31,-61.0,-81.0,-80.0,-64.0,,,,2.9297653531171086,-1.5714285612376813,0.4179258751244997,-1.4988992331621362,,,,0.3120186164747736,0.2170426853486844,0.4889933607881865,0.2094775102191236,,,,-3.3351731300354,6.830689430236816,1.1862138509750366,-3.54,6.84,1.96,"['[-62.0', -94.0, 0.0, 95.0, 59.0, -57.0, -97.0, -9.0, 99.0, -21.0, -5.0, -117.0, 54.0, 24.0, -88.0, -41.0, 41.0, 52.0, -7.0, -121.0, 35.0, 51.0, -44.0, -3.0, 8.0, 71.0, -22.0, -89.0, 25.0, 58.0, -20.0, -3.0, 13.0, 115.0, -28.0, -35.0, 19.0, 69.0, -18.0, -8.0, -26.0, 104.0, -31.0, 14.0, -113.0, 57.0, 27.0, -74.0, -53.0, 38.0, 41.0, 1.0, -126.0, 31.0, 47.0, -36.0, -21.0, 2.0, 66.0, -13.0, -102.0, 25.0, 54.0, -13.0, -15.0, 9.0, 115.0, -27.0, -52.0, 26.0, 70.0, -14.0, -17.0, -48.0, 102.0, -39.0, 30.0, -106.0, 58.0, 28.0, -60.0, ' -59.0]']","['[-79.0', 33.0, 100.0, 33.0, -82.0, -84.0, 27.0, 102.0, -21.0, 49.0, -90.0, 0.0, -24.0, -16.0, -57.0, 64.0, 16.0, 59.0, -47.0, 28.0, 14.0, 6.0, -35.0, 95.0, 25.0, 18.0, -32.0, 68.0, -4.0, 12.0, -36.0, 61.0, 21.0, -7.0, -2.0, 79.0, -34.0, -13.0, -28.0, 43.0, 99.0, -2.0, 42.0, -88.0, -20.0, -12.0, -11.0, -74.0, 57.0, 24.0, 67.0, -48.0, 4.0, 20.0, 13.0, -45.0, 93.0, 27.0, 30.0, -37.0, 48.0, -1.0, 23.0, -40.0, 58.0, 23.0, 19.0, -7.0, 67.0, -32.0, 2.0, -30.0, 41.0, 89.0, 19.0, 36.0, -83.0, -46.0, -3.0, -5.0, -86.0, ' 43.0]']","['[-6.0', -12.0, ' 3.0', 13.0, 0.0, -12.0, -3.0, 11.0, 9.0, -10.0, 19.0, -5.0, 13.0, -27.0, -20.0, -35.0, -13.0, -2.0, -18.0, -9.0, -5.0, 1.0, 24.0, 4.0, 22.0, 3.0, 17.0, 5.0, 58.0, 17.0, 66.0, 10.0, 36.0, 15.0, 58.0, 8.0, 98.0, 14.0, 36.0, -30.0, 11.0, 11.0, -16.0, 7.0, -6.0, 5.0, -32.0, -27.0, -37.0, -19.0, -5.0, -22.0, -10.0, -13.0, 0.0, 19.0, 6.0, 18.0, 0.0, 12.0, 0.0, 53.0, 13.0, 69.0, 6.0, 34.0, 16.0, 47.0, 11.0, 85.0, 17.0, 42.0, -24.0, 13.0, 10.0, -26.0, 1.0, -8.0, 0.0, -33.0, -33.0, ' -39.0]']","['[-11.0', ' 5.0', ' 12.0', -1.0, -13.0, -1.0, 12.0, 6.0, 5.0, -50.0, -42.0, -15.0, -44.0, -24.0, -44.0, -19.0, -27.0, -23.0, -22.0, -12.0, -51.0, -11.0, -46.0, 27.0, -11.0, -24.0, -39.0, -27.0, -34.0, -33.0, 25.0, -19.0, -4.0, 16.0, -84.0, 11.0, -67.0, 20.0, 35.0, 28.0, 3.0, 5.0, -50.0, -46.0, -13.0, -48.0, -17.0, -40.0, -13.0, -26.0, -24.0, -19.0, -9.0, -49.0, -10.0, -49.0, 25.0, -14.0, -23.0, -42.0, -28.0, -43.0, -35.0, 15.0, -22.0, -9.0, 13.0, -91.0, 9.0, -81.0, 18.0, 26.0, 33.0, 4.0, 3.0, -45.0, -46.0, -15.0, -47.0, -14.0, -36.0, ' -6.0]']","['[2.0', ' 13.0', ' 5.0', -10.0, -11.0, 5.0, 12.0, 2.0, -55.0, 62.0, -4.0, 33.0, 19.0, 54.0, 51.0, 45.0, -31.0, 34.0, -30.0, 27.0, 3.0, -20.0, -20.0, -68.0, 26.0, 7.0, -8.0, -53.0, -13.0, -82.0, 20.0, -81.0, 0.0, -75.0, 39.0, -77.0, 34.0, -48.0, -9.0, -15.0, 9.0, 49.0, -118.0, 19.0, -44.0, -2.0, -6.0, -21.0, 37.0, -3.0, -4.0, 26.0, 11.0, 0.0, 53.0, 32.0, 78.0, -19.0, 22.0, -9.0, 62.0, 24.0, 78.0, -8.0, 57.0, -10.0, 26.0, -12.0, 27.0, -32.0, 0.0, 8.0, -27.0, -15.0, -16.0, 111.0, -28.0, 30.0, -14.0, -47.0, -18.0, ' -100.0]']","['[13.0', ' 0.0', ' -12.0', -7.0, 7.0, 13.0, 0.0, -15.0, -14.0, 104.0, -26.0, 27.0, -17.0, -49.0, -23.0, -103.0, 37.0, -28.0, -5.0, -46.0, -3.0, -56.0, -26.0, -41.0, 0.0, -40.0, 23.0, -35.0, -21.0, -25.0, -12.0, 5.0, 15.0, 45.0, -25.0, 44.0, 10.0, 52.0, -4.0, 59.0, 14.0, -29.0, -31.0, 18.0, 3.0, 26.0, 73.0, 52.0, 108.0, -49.0, 44.0, -17.0, 52.0, 5.0, 30.0, 4.0, -13.0, 17.0, 33.0, -23.0, -11.0, 6.0, -37.0, 22.0, -59.0, -12.0, -84.0, 44.0, -85.0, 15.0, -71.0, -4.0, -55.0, -3.0, 54.0, -53.0, 0.0, -31.0, -20.0, -56.0, -52.0, ' -54.0]']","['[43.0', ' 59.0', -2.0, -60.0, -42.0, 29.0, 63.0, 15.0, -62.0, 11.0, -44.0, 29.0, -8.0, 15.0, 42.0, -10.0, 37.0, -27.0, -16.0, -15.0, -101.0, 15.0, -3.0, 61.0, -18.0, 32.0, 64.0, 15.0, 38.0, -25.0, -37.0, -47.0, -28.0, 15.0, -99.0, 40.0, 37.0, 11.0, 100.0, -9.0, 26.0, 42.0, 3.0, 53.0, -23.0, 52.0, -40.0, -41.0, -43.0, -35.0, 3.0, -35.0, 10.0, 78.0, 3.0, 42.0, -14.0, 47.0, -35.0, -34.0, -28.0, -68.0, 22.0, 7.0, 64.0, -16.0, 11.0, 110.0, -27.0, 44.0, -27.0, -82.0, -29.0, -59.0, -1.0, -17.0, -38.0, 7.0, -75.0, 47.0, 23.0, ' 73.0]']","['[46.0', -24.0, -63.0, -22.0, 47.0, 57.0, -7.0, -61.0, 9.0, -21.0, -28.0, 0.0, -75.0, 46.0, 14.0, 80.0, 11.0, 30.0, 75.0, 1.0, 0.0, -26.0, -63.0, -47.0, -50.0, 14.0, -25.0, 26.0, 60.0, -5.0, 37.0, -44.0, 61.0, -37.0, -53.0, -4.0, -113.0, 29.0, 6.0, 63.0, 58.0, -48.0, 22.0, -6.0, 18.0, 56.0, -26.0, 16.0, -69.0, 13.0, -41.0, -68.0, -11.0, -63.0, 31.0, 48.0, 76.0, 24.0, 8.0, 60.0, -11.0, -22.0, -10.0, -52.0, 3.0, -66.0, 39.0, -18.0, 29.0, 112.0, -15.0, 59.0, -55.0, -28.0, 64.0, -15.0, 38.0, -28.0, -8.0, -5.0, -40.0, ' 28.0]']",,,,,,
1740060544.728766,ble-pd-B43A31EF7B26,3304ade7-52e8-8f35-5f2a-2f55cebc146a,6217,36,-62.0,-81.0,-72.0,-64.0,,,,2.9034085804408125,-1.53664807687541,0.386107758000778,-1.4797589612496824,,,,0.346059807318439,0.1791454036941525,0.5414380600287355,0.1665977204811624,,,,,,,-3.54,6.84,1.96,"['[66.0', 105.0, 2.0, -103.0, -73.0, 57.0, 108.0, 17.0, -62.0, -13.0, -12.0, 103.0, -45.0, -89.0, 106.0, 11.0, -9.0, -52.0, -3.0, 113.0, -27.0, -87.0, 73.0, -8.0, 22.0, -50.0, 10.0, 76.0, -24.0, -83.0, 48.0, -16.0, -11.0, -68.0, 38.0, 17.0, -23.0, -39.0, -1.0, 6.0, 36.0, -78.0, -13.0, -30.0, 104.0, -52.0, -97.0, 96.0, 39.0, -15.0, -50.0, -19.0, 123.0, -23.0, -93.0, 65.0, 12.0, 18.0, -57.0, -2.0, 97.0, -23.0, -87.0, 44.0, 5.0, -3.0, -78.0, 34.0, 41.0, -33.0, -53.0, -11.0, 16.0, 62.0, -87.0, -12.0, -57.0, 98.0, -58.0, -99.0, 82.0, ' 57.0]']","['[88.0', -34.0, -112.0, -42.0, 83.0, 94.0, -22.0, -109.0, 68.0, 0.0, 104.0, -12.0, 39.0, 43.0, 32.0, -109.0, 23.0, -5.0, 75.0, -49.0, -12.0, 33.0, 27.0, -107.0, 0.0, 34.0, 55.0, -89.0, -4.0, 33.0, 17.0, -84.0, -24.0, 42.0, 13.0, -107.0, 62.0, 61.0, 45.0, -47.0, -101.0, 52.0, -2.0, 100.0, 11.0, 29.0, 23.0, 56.0, -102.0, 19.0, -18.0, 73.0, -23.0, -19.0, 10.0, 41.0, -107.0, 6.0, 20.0, 55.0, -67.0, -10.0, 17.0, 29.0, -86.0, -26.0, 24.0, 21.0, -102.0, 57.0, 50.0, 44.0, -45.0, -90.0, 35.0, -6.0, 88.0, 36.0, 12.0, -1.0, 75.0, ' -93.0]']","['[-1.0', 11.0, ' 5.0', -11.0, -9.0, 7.0, 11.0, -4.0, 1.0, -15.0, -18.0, -3.0, -20.0, 8.0, 12.0, 15.0, 11.0, 1.0, 16.0, -3.0, 2.0, -5.0, -27.0, 16.0, -13.0, -31.0, -13.0, -17.0, -48.0, -8.0, -52.0, -9.0, -33.0, -17.0, -51.0, 19.0, -106.0, 10.0, -45.0, 36.0, -5.0, 2.0, -6.0, -10.0, -3.0, -16.0, 12.0, 16.0, 18.0, 15.0, 6.0, 19.0, 0.0, 10.0, -8.0, -18.0, 11.0, -9.0, -29.0, -7.0, -17.0, -40.0, -5.0, -55.0, -4.0, -33.0, -18.0, -37.0, 14.0, -97.0, 7.0, -51.0, 33.0, -7.0, 0.0, 1.0, -4.0, 0.0, -11.0, 15.0, 20.0, ' 20.0]']","['[12.0', ' 3.0', ' -10.0', -7.0, 9.0, 10.0, -5.0, -11.0, -4.0, 53.0, 37.0, 8.0, 25.0, 24.0, 25.0, 7.0, 29.0, 37.0, 21.0, 17.0, 50.0, -9.0, 43.0, -36.0, 17.0, 13.0, 41.0, -3.0, 37.0, 11.0, -18.0, 21.0, 0.0, -16.0, 80.0, -28.0, 67.0, -16.0, -36.0, -12.0, -9.0, -6.0, 57.0, 39.0, 9.0, 29.0, 21.0, 23.0, 5.0, 28.0, 37.0, 17.0, 17.0, 50.0, -9.0, 48.0, -39.0, 19.0, 17.0, 41.0, 0.0, 45.0, 13.0, -11.0, 23.0, 5.0, -14.0, 88.0, -31.0, 80.0, -19.0, -26.0, -17.0, -9.0, -6.0, 56.0, 40.0, 9.0, 32.0, 19.0, 20.0, ' 0.0]']","['[-14.0', ' 40.0', ' 37.0', -21.0, -49.0, -5.0, 47.0, 32.0, -27.0, 26.0, 15.0, 61.0, 49.0, 77.0, 103.0, 39.0, -32.0, 52.0, 0.0, 44.0, -3.0, 0.0, -7.0, -56.0, 4.0, 21.0, -25.0, -55.0, -17.0, -64.0, -5.0, -35.0, -32.0, -115.0, 56.0, -82.0, 34.0, -46.0, 25.0, -2.0, 5.0, 48.0, -96.0, -9.0, -73.0, -15.0, -36.0, -102.0, 24.0, 25.0, -11.0, 0.0, 5.0, 9.0, 40.0, 39.0, 40.0, 6.0, 10.0, 22.0, 77.0, 26.0, 79.0, 0.0, 31.0, -17.0, 102.0, -69.0, 58.0, -71.0, 13.0, -21.0, -28.0, -36.0, -44.0, 117.0, 0.0, 45.0, -23.0, -23.0, 47.0, ' -79.0]']","['[47.0', ' 26.0', ' -31.0', -43.0, 7.0, 48.0, 17.0, -40.0, -42.0, 116.0, -2.0, 37.0, -30.0, -32.0, 38.0, -90.0, -3.0, -42.0, -2.0, -57.0, -8.0, -60.0, -48.0, 2.0, -16.0, -37.0, -6.0, -51.0, -20.0, -46.0, 6.0, -4.0, 59.0, -21.0, 42.0, 9.0, 70.0, 33.0, 4.0, 45.0, 51.0, 15.0, -68.0, 12.0, 12.0, 54.0, 76.0, 42.0, 95.0, -18.0, 67.0, 2.0, 74.0, 3.0, 44.0, 31.0, -38.0, 15.0, 42.0, -12.0, 0.0, 2.0, -10.0, -9.0, -19.0, -66.0, -60.0, 5.0, -60.0, -30.0, -55.0, 13.0, -32.0, -34.0, 21.0, -13.0, -16.0, -56.0, -52.0, -80.0, -99.0, ' -51.0]']","['[-9.0', ' -69.0', -39.0, 40.0, 70.0, 10.0, -60.0, -57.0, 31.0, -27.0, -3.0, 6.0, -84.0, 18.0, -27.0, 71.0, -35.0, 23.0, 61.0, 3.0, 47.0, -22.0, -50.0, -97.0, -27.0, 16.0, -62.0, -10.0, 12.0, 15.0, 37.0, -24.0, 75.0, -44.0, 29.0, -18.0, -101.0, 11.0, -92.0, 59.0, 20.0, -39.0, 41.0, -39.0, 13.0, 47.0, 9.0, 58.0, -24.0, 57.0, -35.0, -23.0, 2.0, -71.0, 15.0, 34.0, 87.0, -2.0, -8.0, 72.0, 14.0, 32.0, -23.0, -24.0, -35.0, -38.0, 41.0, -93.0, 21.0, 39.0, 3.0, 111.0, -44.0, 29.0, 29.0, -39.0, 65.0, -29.0, 8.0, -31.0, -65.0, ' -31.0]']","['[-70.0', -17.0, 59.0, 58.0, -14.0, -70.0, -37.0, 42.0, 20.0, -31.0, 69.0, -31.0, 36.0, -38.0, -61.0, -56.0, -49.0, 26.0, -45.0, -9.0, 54.0, 5.0, 15.0, -10.0, 41.0, -9.0, -39.0, -9.0, -71.0, 18.0, -7.0, 88.0, -43.0, -11.0, 114.0, -11.0, 68.0, -20.0, -61.0, -6.0, -69.0, 2.0, 8.0, -57.0, 31.0, -79.0, 41.0, 31.0, 87.0, 17.0, -7.0, 73.0, 10.0, -15.0, -17.0, -40.0, -46.0, -49.0, 16.0, -4.0, 1.0, 63.0, -5.0, 29.0, -86.0, 79.0, -18.0, -71.0, -1.0, -115.0, 24.0, -7.0, 39.0, 66.0, -24.0, 16.0, 23.0, -16.0, 92.0, -28.0, 8.0, ' -84.0]']",,,,,,
1740060545.726079,ble-pd-B43A31EF7B26,4902d6a4-08bb-b3ae-a59e-1768914e716d,6218,18,-71.0,-82.0,-68.0,-73.0,,-53.0,-56.0,2.848444131334885,-1.563085942806899,0.4012105445426174,-1.4534085801600023,,-2.602761745419793,-0.54321459164744,0.281884416108309,0.2126628173304265,0.3802557278214379,0.1437048715004618,,0.3338028238584894,0.7601523746484512,-3.3484346866607666,6.843122959136963,1.23431670665741,-3.54,6.84,1.96,"['[-17.0', 9.0, 22.0, 4.0, -19.0, -17.0, 6.0, 23.0, -30.0, 62.0, -56.0, 70.0, -36.0, 51.0, -57.0, 76.0, -20.0, 10.0, -19.0, 45.0, 29.0, 25.0, -39.0, 51.0, -18.0, -2.0, 0.0, 34.0, 23.0, -21.0, -19.0, 30.0, -13.0, -67.0, 16.0, 7.0, 6.0, -83.0, -17.0, 17.0, 24.0, -32.0, 55.0, -52.0, 72.0, -35.0, 48.0, -52.0, 77.0, -23.0, 4.0, -19.0, 47.0, 29.0, 17.0, -33.0, 49.0, -19.0, -5.0, -1.0, 36.0, 22.0, -35.0, -15.0, 29.0, -15.0, -71.0, 14.0, 8.0, 7.0, -88.0, -16.0, 17.0, 22.0, -34.0, 49.0, -48.0, 75.0, -35.0, 47.0, -44.0, ' 77.0]']","['[15.0', 20.0, -3.0, -22.0, -11.0, 14.0, 22.0, -1.0, -28.0, -100.0, 45.0, 47.0, 9.0, -47.0, 86.0, 13.0, -49.0, -92.0, -6.0, 28.0, 1.0, -108.0, 82.0, -35.0, -37.0, -77.0, -8.0, 21.0, -7.0, -125.0, 50.0, -24.0, -41.0, -51.0, -21.0, 7.0, 14.0, -77.0, 9.0, 15.0, -2.0, -25.0, -104.0, 47.0, 43.0, 11.0, -51.0, 91.0, 9.0, -48.0, -93.0, -4.0, 27.0, 0.0, -111.0, 86.0, -38.0, -37.0, -77.0, -9.0, 17.0, -8.0, -123.0, 51.0, -26.0, -41.0, -47.0, -23.0, 8.0, 14.0, -73.0, 10.0, 14.0, -4.0, -23.0, -107.0, 52.0, 37.0, 13.0, -52.0, 95.0, ' 4.0]']","['[7.0', 7.0, ' -4.0', -9.0, 3.0, 10.0, 0.0, -10.0, 37.0, 9.0, 37.0, -2.0, 0.0, 1.0, 41.0, 6.0, 40.0, 7.0, 25.0, 5.0, -3.0, -2.0, -7.0, -8.0, 2.0, -19.0, -4.0, 3.0, 4.0, 13.0, -21.0, 20.0, -28.0, -35.0, -18.0, -38.0, -60.0, -26.0, -60.0, 5.0, -9.0, 42.0, 22.0, 56.0, -2.0, 4.0, 2.0, 30.0, -2.0, 39.0, 25.0, 28.0, 9.0, 1.0, -4.0, 0.0, -17.0, 25.0, -18.0, 14.0, 6.0, 21.0, 16.0, -10.0, 12.0, -17.0, -29.0, 11.0, -38.0, -32.0, -25.0, -61.0, 3.0, -6.0, 44.0, 32.0, 72.0, 0.0, 10.0, 2.0, 18.0, ' -9.0]']","['[6.0', ' -6.0', ' -9.0', 4.0, 9.0, -1.0, -11.0, 0.0, 19.0, 49.0, 72.0, 6.0, 23.0, 2.0, -27.0, -29.0, 6.0, 62.0, 16.0, 14.0, 15.0, -10.0, 20.0, -36.0, 85.0, -2.0, 76.0, 17.0, 59.0, 4.0, 38.0, -20.0, 45.0, 20.0, 122.0, -6.0, 103.0, 0.0, -9.0, -5.0, 5.0, 9.0, 43.0, 59.0, 5.0, 23.0, 2.0, -39.0, -31.0, -3.0, 57.0, 9.0, 11.0, 15.0, -9.0, 23.0, -34.0, 82.0, 4.0, 74.0, 16.0, 56.0, 0.0, 43.0, -26.0, 51.0, 29.0, 123.0, 2.0, 114.0, 7.0, 5.0, -6.0, 6.0, -3.0, 37.0, 40.0, 5.0, 21.0, 1.0, -46.0, ' -31.0]']","['[-42.0', ' 10.0', ' 46.0', 14.0, -37.0, -36.0, 19.0, 46.0, 14.0, 15.0, -9.0, 1.0, 0.0, 56.0, 1.0, 86.0, -3.0, 18.0, -12.0, 66.0, -26.0, 31.0, -44.0, 9.0, 27.0, 30.0, 2.0, -20.0, 1.0, -50.0, 16.0, -56.0, -31.0, -29.0, 24.0, -55.0, 12.0, -10.0, 10.0, -19.0, -20.0, 0.0, -88.0, 9.0, -42.0, 24.0, 8.0, 25.0, 16.0, -4.0, -15.0, -10.0, -11.0, 0.0, -3.0, 21.0, 5.0, 6.0, -28.0, -1.0, 41.0, 12.0, 76.0, -11.0, 95.0, -5.0, 36.0, -30.0, 68.0, -25.0, 13.0, -13.0, -27.0, -22.0, -14.0, 87.0, -1.0, 46.0, -29.0, -67.0, -31.0, ' -109.0]']","['[19.0', ' 45.0', ' 2.0', -44.0, -26.0, 29.0, 42.0, -4.0, -9.0, 97.0, -5.0, 50.0, -30.0, -50.0, -32.0, -85.0, 7.0, 5.0, 22.0, -32.0, 17.0, -16.0, 1.0, -12.0, -26.0, 14.0, 0.0, -35.0, -16.0, -57.0, 2.0, -77.0, 29.0, -24.0, 19.0, -44.0, 22.0, -8.0, 8.0, 48.0, 42.0, 17.0, -43.0, -4.0, -26.0, 17.0, 76.0, 21.0, 119.0, -7.0, 11.0, -24.0, 73.0, -31.0, 34.0, -38.0, 15.0, 38.0, 16.0, 0.0, 2.0, 9.0, -8.0, 11.0, -3.0, -42.0, -8.0, 7.0, -19.0, -2.0, -3.0, 3.0, -44.0, -42.0, -9.0, -48.0, 10.0, -19.0, 9.0, -38.0, 7.0, ' -52.0]']","['[-18.0', ' -15.0', 7.0, 21.0, 7.0, -15.0, -18.0, 2.0, 42.0, -5.0, 5.0, -22.0, -10.0, -60.0, 3.0, -10.0, -31.0, 9.0, -12.0, 19.0, 57.0, -11.0, -1.0, -44.0, 49.0, -33.0, -54.0, -18.0, -26.0, 54.0, 2.0, 102.0, 29.0, 30.0, 76.0, -13.0, -12.0, -40.0, -77.0, 0.0, -20.0, -22.0, 0.0, -36.0, -11.0, -9.0, 59.0, 10.0, 61.0, 5.0, 22.0, 42.0, -24.0, -20.0, -24.0, -9.0, -31.0, -68.0, 19.0, 13.0, 26.0, 53.0, -7.0, 25.0, -80.0, 78.0, -49.0, -67.0, -22.0, -53.0, 58.0, 21.0, 88.0, 20.0, -16.0, 5.0, 35.0, 35.0, 20.0, -6.0, -15.0, ' -59.0]']","['[-9.0', 14.0, 20.0, 0.0, -19.0, -14.0, 9.0, 22.0, -2.0, 3.0, 40.0, 30.0, 17.0, -30.0, -15.0, -67.0, 15.0, -33.0, -42.0, 16.0, -16.0, 38.0, 12.0, 73.0, 48.0, 0.0, 22.0, -19.0, -47.0, -29.0, -31.0, 26.0, -116.0, 39.0, 30.0, 37.0, 72.0, -42.0, 28.0, -112.0, -10.0, 35.0, -6.0, -18.0, -35.0, -19.0, -32.0, 11.0, 29.0, -34.0, 26.0, 14.0, 7.0, 55.0, -33.0, -8.0, -79.0, 11.0, -27.0, -58.0, -4.0, 5.0, 61.0, 20.0, 70.0, 92.0, 1.0, 44.0, -31.0, -50.0, -8.0, -80.0, 67.0, -10.0, -39.0, 3.0, -19.0, 10.0, 4.0, 67.0, 1.0, ' 32.0]']",,,,,,
1740060546.726872,ble-pd-B43A31EF7B26,fcf8f2e2-04e6-6625-e34b-5171d0633e77,6219,0,-61.0,-67.0,-65.0,-61.0,-61.0,-51.0,-62.0,2.8552751395309386,-1.565413146125465,0.3652882298629746,-1.506139968691898,-0.9368302617718016,-2.4936147489409275,-1.4456103934462512,0.3103432884120319,0.2028793621708841,0.378953641785471,0.2209144721652257,0.9721990921342908,0.3858806563084542,1.0602735434990311,-3.350534439086914,6.841219902038574,1.2726916074752808,-3.54,6.84,1.96,"['[35.0', -29.0, -53.0, -3.0, 51.0, 37.0, -26.0, -54.0, -6.0, 17.0, 19.0, -17.0, 12.0, 53.0, -1.0, -44.0, 28.0, 35.0, 32.0, -40.0, 12.0, 96.0, 13.0, -4.0, 11.0, 41.0, 26.0, -38.0, 20.0, 55.0, 8.0, -4.0, 59.0, 53.0, 21.0, -12.0, 18.0, 90.0, -19.0, -15.0, -49.0, -7.0, 54.0, -17.0, -23.0, 6.0, 86.0, -32.0, -25.0, 21.0, 54.0, 17.0, -51.0, 19.0, 101.0, -13.0, -2.0, 4.0, 61.0, 9.0, -34.0, 19.0, 59.0, -10.0, -7.0, 52.0, 57.0, 15.0, -27.0, 20.0, 83.0, -29.0, -24.0, -39.0, -7.0, 75.0, -52.0, -26.0, 0.0, 109.0, -61.0, ' -2.0]']","['[-42.0', -47.0, 13.0, 55.0, 21.0, -41.0, -47.0, 6.0, -2.0, 103.0, -104.0, -21.0, -15.0, 105.0, -95.0, 44.0, -15.0, 67.0, -44.0, -35.0, 21.0, 29.0, -72.0, 6.0, -20.0, 72.0, -48.0, 4.0, 0.0, 20.0, -67.0, -8.0, -8.0, 18.0, -12.0, -47.0, 12.0, -9.0, -30.0, -26.0, 24.0, 0.0, 90.0, -105.0, -14.0, -19.0, 83.0, -90.0, 58.0, -24.0, 53.0, -53.0, -20.0, 16.0, -4.0, -71.0, 8.0, -23.0, 56.0, -55.0, 16.0, -6.0, 0.0, -67.0, -6.0, -28.0, 0.0, -19.0, -39.0, 6.0, -37.0, -21.0, -19.0, 38.0, 3.0, 72.0, -92.0, -5.0, -20.0, 44.0, -73.0, ' 63.0]']","['[-57.0', -7.0, ' 55.0', 20.0, -51.0, -35.0, 40.0, 45.0, -57.0, 7.0, -89.0, 19.0, -32.0, -18.0, -13.0, -56.0, -68.0, -16.0, -43.0, -24.0, 10.0, -34.0, 23.0, -58.0, -23.0, -27.0, -3.0, -18.0, 28.0, 3.0, -4.0, 32.0, 13.0, 10.0, -1.0, 17.0, 9.0, -14.0, -9.0, -65.0, 29.0, -42.0, -20.0, -85.0, 8.0, -37.0, -22.0, -10.0, -42.0, -78.0, -3.0, -59.0, -20.0, -3.0, -28.0, 13.0, -40.0, -53.0, -26.0, -30.0, -18.0, 25.0, -2.0, 8.0, 21.0, -13.0, -4.0, -41.0, 7.0, -13.0, -18.0, -21.0, -64.0, 12.0, -20.0, -42.0, -72.0, -3.0, -40.0, -25.0, -7.0, ' -21.0]']","['[2.0', ' 57.0', ' 14.0', -53.0, -28.0, 45.0, 40.0, -32.0, 37.0, -76.0, -6.0, -27.0, -24.0, -14.0, 4.0, 24.0, -39.0, 28.0, -52.0, 5.0, -41.0, 11.0, -24.0, 39.0, -96.0, -1.0, -79.0, -3.0, -4.0, -15.0, 43.0, -25.0, -71.0, -43.0, -124.0, -24.0, -70.0, -14.0, -37.0, -4.0, -47.0, 54.0, -72.0, 24.0, -31.0, -11.0, -8.0, 8.0, 43.0, -12.0, 32.0, -35.0, 15.0, -42.0, 22.0, -30.0, 56.0, -84.0, 6.0, -74.0, 3.0, -14.0, -16.0, 42.0, -36.0, -72.0, -43.0, -116.0, -31.0, -70.0, -7.0, -31.0, 19.0, -56.0, 65.0, -63.0, 50.0, -31.0, 3.0, 0.0, 12.0, ' 57.0]']","['[-35.0', ' -37.0', ' 14.0', 46.0, 9.0, -41.0, -30.0, 22.0, -9.0, -118.0, -21.0, -76.0, 0.0, -23.0, 10.0, 23.0, 16.0, -27.0, 15.0, 13.0, 0.0, 15.0, -6.0, 46.0, -19.0, 29.0, -46.0, 50.0, -15.0, 7.0, -11.0, -50.0, 32.0, 24.0, 21.0, -7.0, -3.0, 5.0, 0.0, -3.0, -45.0, -22.0, 51.0, -8.0, 38.0, -21.0, 22.0, 4.0, -2.0, -34.0, -69.0, -25.0, -76.0, 0.0, -52.0, 7.0, -25.0, 13.0, -67.0, 44.0, -21.0, 32.0, 8.0, 30.0, 66.0, -54.0, 38.0, -73.0, 55.0, -26.0, 35.0, -18.0, -28.0, 12.0, 26.0, 78.0, 26.0, 47.0, 17.0, 7.0, -12.0, ' -25.0]']","['[-28.0', ' 26.0', ' 43.0', -3.0, -45.0, -20.0, 34.0, 39.0, 28.0, -7.0, 16.0, -11.0, 24.0, -14.0, -7.0, -6.0, 30.0, 85.0, 20.0, 78.0, -2.0, 49.0, -5.0, 8.0, -6.0, 60.0, -26.0, 1.0, -29.0, -11.0, -27.0, -51.0, 45.0, -52.0, 71.0, -57.0, 31.0, -40.0, 19.0, 32.0, 6.0, -20.0, -107.0, -25.0, -66.0, -10.0, -15.0, 11.0, 25.0, 4.0, -58.0, 6.0, -16.0, 2.0, -4.0, -4.0, 40.0, -15.0, 1.0, -32.0, 46.0, -3.0, 12.0, 1.0, -25.0, 11.0, 42.0, -7.0, 14.0, -15.0, 20.0, -6.0, -14.0, -44.0, -13.0, 89.0, 2.0, 61.0, -17.0, 25.0, 0.0, ' -10.0]']","['[-30.0', ' -63.0', -15.0, 53.0, 51.0, -17.0, -64.0, -29.0, 54.0, 49.0, 54.0, -12.0, -21.0, -18.0, -25.0, 4.0, -52.0, 15.0, 7.0, 0.0, 68.0, -18.0, 23.0, -97.0, 30.0, -20.0, -85.0, -31.0, -73.0, 26.0, 10.0, 13.0, 85.0, -8.0, 84.0, 2.0, -46.0, 6.0, -80.0, -22.0, -46.0, 4.0, -13.0, -38.0, 1.0, -48.0, 43.0, 64.0, 92.0, 37.0, 30.0, 74.0, 5.0, -2.0, -25.0, -10.0, -9.0, -88.0, 4.0, -20.0, 20.0, 76.0, -40.0, 51.0, -70.0, 13.0, 0.0, -104.0, -12.0, -76.0, -23.0, -2.0, 4.0, 54.0, -60.0, -40.0, -31.0, 10.0, 49.0, -6.0, -11.0, ' -56.0]']","['[-56.0', 6.0, 61.0, 34.0, -37.0, -61.0, -4.0, 56.0, -23.0, 0.0, 23.0, 3.0, 56.0, -40.0, -59.0, -97.0, -22.0, -37.0, -80.0, -5.0, -21.0, 33.0, 3.0, 39.0, 82.0, 2.0, 45.0, -11.0, -59.0, 33.0, -57.0, 68.0, -42.0, 2.0, 85.0, 12.0, 92.0, 23.0, 24.0, 2.0, -42.0, 60.0, 46.0, 44.0, -12.0, -36.0, -6.0, -7.0, 30.0, -43.0, 25.0, 32.0, 0.0, 72.0, -27.0, 21.0, -105.0, 5.0, -20.0, -95.0, -27.0, -55.0, 16.0, 28.0, -6.0, 94.0, -8.0, 55.0, 0.0, -71.0, 0.0, -84.0, -22.0, -32.0, -12.0, -27.0, -51.0, 5.0, -36.0, 43.0, 64.0, ' 74.0]']",,,,,,
1740060547.728591,ble-pd-B43A31EF7B26,32b2eeba-e5c7-333b-6cfd-9dc405dc2254,6220,12,-73.0,-78.0,-69.0,-75.0,-59.0,-47.0,-56.0,2.859412626600485,-1.589413021237041,0.3647151175963895,-1.5078057759537429,0.3012111526495051,-2.409442386164696,-0.4173642992199824,0.3282716222914182,0.1876779554449278,0.2276083941441671,0.2438296084752989,0.7101939357219518,0.2780964962353479,1.0806854424236103,-3.348114252090454,6.848945140838623,1.3145602941513062,-3.54,6.84,1.96,"['[-7.0', 11.0, 14.0, -2.0, -15.0, -7.0, 10.0, 14.0, -19.0, -63.0, 39.0, -4.0, 29.0, -73.0, 70.0, 21.0, -37.0, -70.0, -11.0, 15.0, -14.0, -111.0, 65.0, -48.0, -3.0, -72.0, 0.0, 21.0, -64.0, -75.0, 10.0, -17.0, -36.0, -87.0, -5.0, 0.0, -9.0, -75.0, -11.0, -13.0, 12.0, -16.0, -70.0, 46.0, -10.0, 32.0, -85.0, 82.0, 12.0, -32.0, -71.0, -10.0, 12.0, -18.0, -112.0, 69.0, -50.0, -2.0, -75.0, 6.0, 14.0, -63.0, -71.0, 11.0, -16.0, -34.0, -82.0, -6.0, -2.0, -4.0, -67.0, -9.0, -15.0, 12.0, -14.0, -76.0, 50.0, -14.0, 34.0, -95.0, 95.0, ' 2.0]']","['[14.0', 11.0, -7.0, -16.0, -3.0, 13.0, 11.0, -5.0, 19.0, -58.0, 47.0, -40.0, 19.0, -97.0, 89.0, -73.0, 28.0, -21.0, 15.0, -20.0, -30.0, -15.0, 33.0, -27.0, 18.0, -23.0, 48.0, -45.0, 1.0, 24.0, 7.0, 2.0, 12.0, 36.0, -12.0, -18.0, 27.0, 54.0, 6.0, -19.0, -8.0, 20.0, -48.0, 41.0, -39.0, 15.0, -88.0, 78.0, -76.0, 32.0, -13.0, 17.0, -22.0, -28.0, 1.0, 23.0, -19.0, 18.0, -11.0, 48.0, -49.0, 10.0, 36.0, 5.0, 4.0, 17.0, 46.0, -11.0, -18.0, 27.0, 63.0, 9.0, -17.0, -8.0, 23.0, -39.0, 35.0, -37.0, 10.0, -76.0, 64.0, ' -78.0]']","['[-13.0', 4.0, ' 14.0', 0.0, -15.0, -3.0, 15.0, 5.0, -21.0, -37.0, -77.0, -11.0, -44.0, -31.0, 10.0, 4.0, -27.0, -25.0, -35.0, -25.0, -14.0, -11.0, -4.0, 17.0, -72.0, 17.0, -48.0, -17.0, -24.0, -5.0, 3.0, -1.0, -20.0, -7.0, -110.0, 31.0, -47.0, 24.0, 59.0, -11.0, 1.0, -14.0, -51.0, -68.0, -13.0, -43.0, -28.0, 18.0, 9.0, -18.0, -27.0, -28.0, -24.0, -19.0, -12.0, -13.0, 25.0, -79.0, 18.0, -59.0, -19.0, -33.0, -12.0, -1.0, 0.0, -34.0, -21.0, -118.0, 19.0, -70.0, 17.0, 50.0, -11.0, -4.0, -5.0, -62.0, -52.0, -14.0, -41.0, -24.0, 26.0, ' 15.0]']","['[7.0', ' 14.0', ' -2.0', -15.0, 0.0, 14.0, 5.0, -12.0, 25.0, -57.0, 26.0, -9.0, -2.0, 4.0, 30.0, 21.0, 25.0, -7.0, 15.0, -4.0, -23.0, -6.0, -34.0, 31.0, -37.0, 3.0, -43.0, -10.0, -31.0, -21.0, -14.0, 5.0, -46.0, -48.0, -46.0, -39.0, -88.0, -24.0, -30.0, -1.0, -15.0, 32.0, -47.0, 48.0, -4.0, 8.0, 15.0, 28.0, 18.0, 32.0, 0.0, 24.0, 3.0, -18.0, -4.0, -30.0, 24.0, -17.0, 0.0, -27.0, -5.0, -23.0, -20.0, -14.0, 6.0, -38.0, -43.0, -11.0, -47.0, -69.0, -30.0, -44.0, 2.0, -15.0, 34.0, -30.0, 65.0, -2.0, 21.0, 22.0, 21.0, ' 15.0]']","['[2.0', ' 31.0', ' 14.0', -23.0, -27.0, 9.0, 31.0, 11.0, -12.0, 70.0, -13.0, 57.0, -17.0, 25.0, -45.0, 4.0, 14.0, 61.0, 3.0, 0.0, -7.0, 23.0, 1.0, -65.0, -41.0, 52.0, -3.0, -25.0, -23.0, -86.0, -20.0, -91.0, 33.0, -75.0, 26.0, -107.0, 10.0, -79.0, -26.0, 7.0, 23.0, 57.0, -101.0, 44.0, -48.0, 28.0, 11.0, 8.0, 95.0, -2.0, -41.0, -21.0, 53.0, -14.0, 41.0, -20.0, 64.0, 52.0, 35.0, 15.0, 43.0, 18.0, 81.0, 31.0, 31.0, -30.0, 31.0, -24.0, 25.0, -28.0, -3.0, -27.0, -86.0, -36.0, -47.0, 36.0, -33.0, -6.0, -12.0, -38.0, 37.0, ' -107.0]']","['[32.0', ' 6.0', ' -29.0', -21.0, 17.0, 30.0, -1.0, -31.0, -58.0, 75.0, -43.0, 21.0, -22.0, -29.0, 17.0, -116.0, -5.0, 13.0, 23.0, -63.0, 22.0, -63.0, 23.0, -36.0, -35.0, -72.0, -16.0, -34.0, -7.0, -44.0, -24.0, 18.0, 14.0, 10.0, 10.0, 32.0, 26.0, 56.0, 48.0, 99.0, 27.0, 20.0, 21.0, 11.0, 37.0, -2.0, 37.0, -47.0, 66.0, 15.0, 46.0, -7.0, 32.0, -18.0, 53.0, -11.0, -37.0, -17.0, 82.0, 5.0, -2.0, -15.0, -52.0, -3.0, -87.0, 20.0, -70.0, 16.0, -110.0, -4.0, -98.0, -47.0, -48.0, 5.0, 37.0, -97.0, 31.0, -61.0, 26.0, -10.0, 32.0, ' 45.0]']","['[-9.0', ' -12.0', 1.0, 13.0, 8.0, -6.0, -14.0, -3.0, 83.0, -5.0, 9.0, -38.0, -6.0, -8.0, 45.0, 45.0, -17.0, 41.0, 25.0, -22.0, 67.0, -41.0, 19.0, -88.0, 20.0, 12.0, -58.0, 3.0, -7.0, 47.0, 0.0, 25.0, 50.0, 9.0, 37.0, -24.0, -26.0, 12.0, -115.0, 53.0, -14.0, -82.0, 12.0, -58.0, 21.0, -21.0, 43.0, -7.0, 11.0, 15.0, -15.0, 22.0, -22.0, -49.0, 0.0, -12.0, 37.0, -52.0, 23.0, 44.0, 2.0, 48.0, -39.0, 34.0, -47.0, 58.0, -20.0, -47.0, 9.0, -40.0, 59.0, 37.0, 47.0, 18.0, 0.0, -6.0, 48.0, 17.0, 27.0, -34.0, -38.0, ' -59.0]']","['[-10.0', 5.0, 14.0, 4.0, -10.0, -12.0, 2.0, 17.0, 47.0, -11.0, 61.0, -1.0, 26.0, -44.0, -17.0, -42.0, -7.0, -5.0, -39.0, 39.0, 14.0, 24.0, 3.0, 3.0, 49.0, -32.0, -16.0, -5.0, -52.0, 16.0, -39.0, 39.0, -96.0, 18.0, 33.0, 2.0, 61.0, -77.0, 24.0, -86.0, -13.0, 48.0, 1.0, -25.0, -33.0, -18.0, 15.0, 47.0, 61.0, -11.0, 39.0, 41.0, -38.0, 49.0, -48.0, 14.0, -80.0, -6.0, 25.0, -41.0, 5.0, 18.0, 32.0, 18.0, 2.0, 90.0, 0.0, 15.0, -22.0, -53.0, 49.0, -112.0, 89.0, -6.0, -96.0, 9.0, -38.0, 34.0, -7.0, 30.0, -30.0, ' -20.0]']",,,,,,
1740060548.729795,ble-pd-B43A31EF7B26,1011682e-49d2-d758-07fb-73492d9c6d4a,6221,18,-69.0,-85.0,-71.0,-61.0,-61.0,-49.0,,2.8834828091648395,-1.5333546787133634,0.3607009348853131,-1.5079727561540908,-0.3140141209122414,-2.4236807916505785,,0.3374176165545364,0.2366448825522127,0.2032569984134574,0.2283678278185168,0.468204819633065,0.2954015193269419,,-3.345675468444824,6.855388164520264,1.3545180559158323,-3.54,6.84,1.96,"['[-14.0', 17.0, 26.0, 0.0, -26.0, -16.0, 16.0, 27.0, -37.0, 51.0, -43.0, 11.0, -48.0, 62.0, -38.0, 53.0, -12.0, 20.0, -23.0, 35.0, -16.0, 24.0, -35.0, 26.0, 16.0, -1.0, -44.0, 42.0, 10.0, -1.0, -36.0, -14.0, 31.0, -20.0, -29.0, 48.0, -11.0, -48.0, 0.0, 11.0, 26.0, -39.0, 51.0, -41.0, 11.0, -47.0, 59.0, -34.0, 55.0, -15.0, 19.0, -21.0, 35.0, -16.0, 20.0, -34.0, 24.0, 16.0, -6.0, -44.0, 42.0, 9.0, -7.0, -34.0, -15.0, 29.0, -30.0, -28.0, 48.0, -12.0, -50.0, 0.0, 11.0, 26.0, -41.0, 52.0, -37.0, 12.0, -46.0, 52.0, -30.0, ' 55.0]']","['[24.0', 22.0, -9.0, -28.0, -7.0, 22.0, 22.0, -8.0, -26.0, 5.0, 56.0, 6.0, 16.0, -63.0, 67.0, 18.0, -28.0, -58.0, 20.0, 6.0, 0.0, -78.0, 29.0, -52.0, 0.0, -64.0, 6.0, -2.0, -28.0, -72.0, 12.0, -32.0, -45.0, -125.0, 22.0, 12.0, -44.0, -66.0, 32.0, -4.0, -11.0, -22.0, 1.0, 58.0, 6.0, 18.0, -66.0, 69.0, 13.0, -27.0, -60.0, 23.0, 4.0, 0.0, -80.0, 32.0, -54.0, 0.0, -64.0, 8.0, -5.0, -30.0, -70.0, 16.0, -32.0, -46.0, -123.0, 23.0, 10.0, -44.0, -63.0, 32.0, -5.0, -12.0, -21.0, 0.0, 61.0, 5.0, 22.0, -71.0, 71.0, ' 11.0]']","['[-6.0', -4.0, ' 5.0', 5.0, -3.0, -7.0, 2.0, 8.0, 12.0, 66.0, 63.0, 3.0, 38.0, 14.0, -12.0, 12.0, 8.0, 53.0, 13.0, 8.0, 3.0, 3.0, 6.0, -28.0, 70.0, -43.0, 58.0, 1.0, 63.0, 31.0, 19.0, 21.0, 6.0, -28.0, 112.0, -34.0, 76.0, -11.0, -56.0, -10.0, 8.0, 7.0, 72.0, 56.0, 8.0, 37.0, 7.0, -22.0, 4.0, -5.0, 62.0, 4.0, 11.0, 3.0, 2.0, 9.0, -26.0, 75.0, -29.0, 61.0, 5.0, 64.0, 33.0, 28.0, 22.0, 11.0, -20.0, 113.0, -27.0, 99.0, 0.0, -42.0, -1.0, 7.0, 3.0, 71.0, 45.0, 12.0, 34.0, 4.0, -28.0, ' -6.0]']","['[-3.0', ' 6.0', ' 4.0', -5.0, -5.0, 2.0, 7.0, 0.0, -9.0, 24.0, -21.0, 17.0, 2.0, -13.0, -37.0, -29.0, -37.0, 47.0, -27.0, 8.0, 4.0, -1.0, 13.0, 7.0, 22.0, 43.0, 18.0, 12.0, 14.0, 14.0, 38.0, 1.0, 27.0, 29.0, 20.0, 20.0, 92.0, 48.0, 40.0, 27.0, -2.0, -11.0, 6.0, -38.0, 16.0, -7.0, -16.0, -33.0, -32.0, -39.0, 31.0, -30.0, 3.0, 4.0, -2.0, 12.0, 16.0, 4.0, 53.0, 2.0, 11.0, -2.0, 6.0, 32.0, -3.0, 25.0, 36.0, -8.0, 27.0, 67.0, 49.0, 52.0, 31.0, -4.0, -13.0, -11.0, -52.0, 13.0, -19.0, -18.0, -24.0, ' -31.0]']","['[-23.0', ' -19.0', ' 12.0', 26.0, 1.0, -25.0, -14.0, 17.0, 94.0, -79.0, 52.0, -60.0, 43.0, 3.0, -7.0, 1.0, 33.0, -25.0, 27.0, 29.0, 17.0, 31.0, -11.0, 115.0, 32.0, -8.0, -13.0, 52.0, 19.0, 48.0, -9.0, 26.0, -15.0, 40.0, 14.0, 51.0, 2.0, 17.0, 19.0, -73.0, -32.0, -92.0, 63.0, -29.0, 37.0, -20.0, -42.0, 41.0, -94.0, -10.0, 9.0, 8.0, -73.0, -4.0, -22.0, 22.0, -39.0, -14.0, -52.0, 22.0, -37.0, -1.0, -22.0, -13.0, 39.0, 31.0, 16.0, 2.0, 40.0, 19.0, 45.0, 17.0, 120.0, 19.0, 6.0, 4.0, -18.0, 17.0, -20.0, 45.0, -40.0, ' 103.0]']","['[-14.0', ' 19.0', ' 23.0', -6.0, -27.0, -8.0, 23.0, 25.0, 45.0, -22.0, -1.0, -2.0, -5.0, 49.0, -45.0, 111.0, -12.0, 6.0, -28.0, 69.0, -6.0, 5.0, -19.0, -30.0, -4.0, 71.0, -18.0, 9.0, -12.0, -6.0, 24.0, -67.0, -27.0, -49.0, -14.0, -86.0, -26.0, -68.0, -35.0, -95.0, -1.0, 54.0, -54.0, 43.0, -48.0, 38.0, -25.0, 18.0, -61.0, 34.0, -23.0, 39.0, -14.0, 17.0, 23.0, 1.0, 112.0, 28.0, -48.0, -1.0, 38.0, 23.0, 43.0, -21.0, 61.0, 3.0, 62.0, 19.0, 92.0, 16.0, 52.0, 37.0, -5.0, -25.0, -107.0, 84.0, -48.0, 58.0, -38.0, -20.0, 23.0, ' -41.0]']","['[-101.0', ' -43.0', 72.0, 93.0, -5.0, -96.0, -63.0, 51.0, 7.0, -38.0, 57.0, -46.0, -4.0, -8.0, -76.0, -45.0, -82.0, 8.0, -47.0, -47.0, 77.0, 1.0, 44.0, 1.0, 54.0, 26.0, -54.0, -31.0, -79.0, -12.0, 30.0, 77.0, 2.0, 1.0, 114.0, 20.0, 40.0, -31.0, -76.0, -35.0, -102.0, 30.0, 22.0, -56.0, 49.0, -71.0, 49.0, 34.0, 53.0, 14.0, -19.0, 101.0, 30.0, 3.0, 10.0, -81.0, -64.0, -75.0, -21.0, -25.0, -11.0, 83.0, 31.0, 28.0, -19.0, 82.0, -18.0, -41.0, -34.0, -97.0, 4.0, 8.0, 64.0, 66.0, -42.0, 13.0, 9.0, -7.0, 87.0, -46.0, 40.0, ' -15.0]']","['[-5.0', 93.0, 71.0, -41.0, -102.0, -31.0, 78.0, 88.0, -42.0, 0.0, 28.0, -24.0, 90.0, -53.0, 15.0, -34.0, 40.0, 18.0, -88.0, -4.0, -59.0, -12.0, 67.0, 76.0, 53.0, 10.0, 66.0, 36.0, -46.0, -30.0, -57.0, -31.0, -102.0, 20.0, -32.0, 28.0, 90.0, 17.0, 41.0, -54.0, -10.0, 31.0, -32.0, 31.0, -23.0, -58.0, 22.0, -70.0, -18.0, -91.0, -4.0, 9.0, -37.0, 97.0, 8.0, -2.0, -42.0, 12.0, 16.0, -82.0, -46.0, -38.0, 8.0, 58.0, 82.0, 59.0, -10.0, 111.0, -2.0, -19.0, -35.0, -86.0, 2.0, -77.0, 7.0, 37.0, -65.0, 53.0, -28.0, 26.0, 67.0, ' 49.0]']",,,,,,
1740060549.729492,ble-pd-B43A31EF7B26,1bfd7229-34fb-3a74-338a-3e8f2d71c8d1,6222,17,-63.0,-73.0,-75.0,-61.0,,,,2.875396919463141,-1.4929693055209117,0.3821463058792851,-1.4600366554809916,,,,0.3435121275511282,0.2691648258469543,0.2356952658865176,0.2391746026269221,,,,,,,-3.54,6.84,1.96,"['[43.0', 48.0, -11.0, -55.0, -24.0, 39.0, 50.0, -4.0, -10.0, -6.0, 23.0, 76.0, -26.0, -3.0, 9.0, 49.0, -28.0, -60.0, 20.0, 64.0, -22.0, -45.0, 21.0, 7.0, -11.0, -89.0, 4.0, 30.0, -17.0, -61.0, -22.0, 11.0, -18.0, -125.0, 9.0, 14.0, -15.0, -76.0, 21.0, 14.0, -7.0, -10.0, -6.0, 26.0, 75.0, -25.0, -5.0, 9.0, 49.0, -31.0, -62.0, 22.0, 62.0, -22.0, -48.0, 23.0, 7.0, -12.0, -90.0, 4.0, 27.0, -16.0, -63.0, -21.0, 11.0, -21.0, -125.0, 12.0, 13.0, -15.0, -75.0, 24.0, 13.0, -9.0, -10.0, -9.0, 29.0, 74.0, -23.0, -8.0, 13.0, ' 46.0]']","['[35.0', -29.0, -54.0, -7.0, 50.0, 39.0, -23.0, -55.0, 8.0, -70.0, 79.0, -12.0, 42.0, -40.0, 57.0, -4.0, -21.0, -51.0, 35.0, -36.0, 10.0, -37.0, 43.0, -14.0, -15.0, -32.0, 17.0, -60.0, 11.0, -31.0, 15.0, 0.0, -56.0, 5.0, 42.0, -44.0, -6.0, 16.0, 60.0, -16.0, -54.0, 7.0, -69.0, 77.0, -16.0, 43.0, -42.0, 58.0, -8.0, -20.0, -49.0, 33.0, -39.0, 8.0, -35.0, 41.0, -14.0, -15.0, -27.0, 17.0, -61.0, 12.0, -27.0, 17.0, -1.0, -56.0, 13.0, 41.0, -45.0, -5.0, 19.0, 59.0, -16.0, -53.0, 6.0, -68.0, 76.0, -19.0, 44.0, -41.0, 58.0, ' -7.0]']","['[12.0', -20.0, ' -16.0', 14.0, 20.0, -8.0, -23.0, 2.0, 17.0, 19.0, 56.0, 17.0, 34.0, 16.0, 15.0, -6.0, 30.0, 9.0, 47.0, 8.0, 27.0, 4.0, 8.0, -9.0, 61.0, -10.0, 57.0, 22.0, 26.0, 8.0, 0.0, -9.0, 52.0, -5.0, 89.0, -8.0, 29.0, -26.0, 4.0, -23.0, 7.0, 13.0, 24.0, 54.0, 17.0, 33.0, 15.0, 9.0, -11.0, 17.0, 13.0, 40.0, 6.0, 29.0, 5.0, 10.0, -10.0, 66.0, -14.0, 65.0, 19.0, 35.0, 10.0, 3.0, -10.0, 61.0, 0.0, 104.0, 0.0, 40.0, -18.0, 2.0, -25.0, 13.0, 9.0, 25.0, 46.0, 17.0, 28.0, 15.0, 3.0, ' -17.0]']","['[-21.0', ' -14.0', ' 17.0', 19.0, -11.0, -22.0, 6.0, 25.0, -14.0, 16.0, -8.0, 1.0, -3.0, 0.0, -23.0, -21.0, -48.0, 14.0, -20.0, -1.0, 8.0, 2.0, 11.0, -2.0, 22.0, -20.0, 36.0, -7.0, 38.0, 6.0, 19.0, -1.0, 37.0, 23.0, 82.0, 26.0, 51.0, 23.0, -6.0, -12.0, 24.0, -16.0, 9.0, -20.0, -3.0, -11.0, -2.0, -26.0, -20.0, -54.0, 13.0, -31.0, -3.0, 1.0, 1.0, 9.0, 0.0, 7.0, -18.0, 21.0, -13.0, 29.0, 4.0, 19.0, 2.0, 23.0, 23.0, 59.0, 28.0, 43.0, 29.0, -8.0, -5.0, 21.0, -19.0, 3.0, -32.0, -7.0, -21.0, -6.0, -28.0, ' -15.0]']","['[-17.0', ' -7.0', ' 12.0', 14.0, -4.0, -18.0, -5.0, 18.0, 87.0, -92.0, 73.0, -62.0, 44.0, 0.0, 29.0, 84.0, -1.0, 23.0, -8.0, 71.0, -23.0, 84.0, -29.0, 59.0, -12.0, 82.0, -7.0, 56.0, 0.0, 19.0, -7.0, -18.0, 11.0, -11.0, 1.0, -69.0, 6.0, -66.0, -26.0, -104.0, -20.0, -25.0, -12.0, -36.0, -13.0, 9.0, -10.0, 22.0, -30.0, 18.0, -99.0, 30.0, -70.0, 22.0, -57.0, 41.0, -2.0, 38.0, -60.0, 25.0, 9.0, 18.0, 75.0, 13.0, 109.0, -39.0, 56.0, 0.0, 117.0, -1.0, 76.0, 12.0, 64.0, 5.0, -63.0, 105.0, -31.0, 76.0, -55.0, 12.0, -59.0, ' -49.0]']","['[-3.0', ' 16.0', ' 12.0', -10.0, -17.0, 0.0, 17.0, 11.0, -34.0, 80.0, -8.0, 62.0, -43.0, 13.0, -51.0, -20.0, -20.0, 103.0, -31.0, 35.0, -10.0, 10.0, -31.0, -41.0, -39.0, 12.0, -25.0, -50.0, -21.0, -106.0, -9.0, -121.0, 39.0, -61.0, -1.0, -94.0, -1.0, -46.0, 6.0, -1.0, 7.0, 91.0, -121.0, 65.0, -87.0, 61.0, -8.0, 56.0, 82.0, 11.0, -42.0, 10.0, 37.0, -12.0, 61.0, -4.0, 73.0, 14.0, 61.0, 8.0, 75.0, 12.0, 78.0, 0.0, 57.0, -12.0, 26.0, 1.0, 0.0, 5.0, -24.0, -24.0, -85.0, -22.0, -72.0, 62.0, -68.0, 43.0, -28.0, -3.0, -12.0, ' -72.0]']","['[-101.0', ' -16.0', 89.0, 79.0, -34.0, -103.0, -40.0, 73.0, -11.0, 14.0, 35.0, -14.0, 29.0, 21.0, -82.0, -32.0, -54.0, -33.0, -73.0, -51.0, 17.0, 6.0, 21.0, 82.0, 48.0, 15.0, -12.0, -42.0, -63.0, -68.0, -21.0, -14.0, -80.0, 11.0, 76.0, 40.0, 86.0, 1.0, 9.0, -65.0, -100.0, 55.0, 6.0, 6.0, 23.0, -54.0, 8.0, 21.0, 0.0, -4.0, 14.0, 87.0, 41.0, 51.0, 40.0, -50.0, -75.0, -43.0, -58.0, -53.0, -23.0, 18.0, 50.0, 35.0, 58.0, 121.0, -1.0, 27.0, -41.0, -61.0, -51.0, -82.0, -22.0, 45.0, -54.0, -22.0, -42.0, -13.0, 36.0, -32.0, 57.0, ' 28.0]']","['[21.0', 101.0, 53.0, -65.0, -98.0, -4.0, 94.0, 70.0, -59.0, -17.0, -35.0, -17.0, 44.0, -27.0, 34.0, 22.0, 46.0, 8.0, -55.0, -16.0, -78.0, -54.0, 46.0, 31.0, 18.0, 59.0, 74.0, 60.0, 20.0, -15.0, -28.0, -62.0, -92.0, -6.0, -87.0, 21.0, 13.0, 62.0, 95.0, 78.0, 17.0, 27.0, 22.0, 49.0, 0.0, -4.0, 34.0, -86.0, -38.0, -71.0, -33.0, -28.0, -32.0, 61.0, 38.0, -9.0, 49.0, 26.0, -18.0, -55.0, -69.0, -62.0, -47.0, 0.0, 22.0, -13.0, 13.0, 112.0, 21.0, 61.0, -35.0, -47.0, -98.0, -91.0, 29.0, -8.0, -24.0, 18.0, -42.0, -14.0, 69.0, ' 18.0]']",,,,,,
1740060550.727194,ble-pd-B43A31EF7B26,4eb013b3-6f57-98ce-ab6f-4fbfca284b8c,6223,16,-69.0,-84.0,-67.0,-63.0,-56.0,-46.0,-57.0,2.9759344464069404,-1.4790099471930975,0.3529428803138033,-1.4836050984959748,-0.6458831627065542,-2.4301425097001546,-0.5152238416452216,0.2966983828299293,0.2144203538470675,0.247706838127318,0.2202388115519158,0.4940806792332463,0.3395127919812495,0.803580881263349,-3.343653917312622,6.851865768432617,1.4028822183609009,-3.54,6.84,1.96,"['[-14.0', -26.0, -3.0, 24.0, 19.0, -10.0, -27.0, -6.0, -13.0, 39.0, -52.0, 0.0, -24.0, 39.0, -45.0, -33.0, 8.0, 65.0, -27.0, 3.0, 2.0, 83.0, -42.0, -2.0, -19.0, 104.0, 9.0, -4.0, 8.0, 98.0, -9.0, -2.0, -8.0, 118.0, 36.0, -37.0, 13.0, 82.0, -21.0, -22.0, -5.0, -15.0, 42.0, -55.0, 0.0, -26.0, 44.0, -47.0, -33.0, 6.0, 67.0, -28.0, 5.0, 2.0, 85.0, -44.0, -2.0, -20.0, 104.0, 7.0, -2.0, 8.0, 98.0, -10.0, -2.0, -8.0, 116.0, 34.0, -35.0, 14.0, 79.0, -24.0, -20.0, -4.0, -15.0, 43.0, -56.0, 3.0, -28.0, 49.0, -49.0, ' -33.0]']","['[-22.0', 5.0, 26.0, 11.0, -18.0, -24.0, 2.0, 25.0, -20.0, 61.0, -47.0, 26.0, -50.0, 84.0, -39.0, -9.0, -19.0, 17.0, -31.0, 22.0, -27.0, 41.0, -26.0, 0.0, -8.0, 8.0, -25.0, 29.0, 3.0, 2.0, -19.0, -11.0, 13.0, -49.0, -46.0, 22.0, 25.0, -67.0, -35.0, 23.0, 26.0, -20.0, 58.0, -43.0, 25.0, -49.0, 80.0, -37.0, -9.0, -20.0, 13.0, -29.0, 21.0, -27.0, 39.0, -24.0, 0.0, -6.0, 1.0, -26.0, 29.0, 4.0, -1.0, -19.0, -11.0, 13.0, -56.0, -49.0, 24.0, 25.0, -71.0, -33.0, 25.0, 25.0, -19.0, 57.0, -41.0, 25.0, -47.0, 79.0, -35.0, ' -5.0]']","['[-6.0', 3.0, ' 8.0', -1.0, -7.0, 0.0, 8.0, 4.0, 21.0, 45.0, 57.0, 17.0, 17.0, 14.0, -28.0, -22.0, 10.0, 59.0, 11.0, 13.0, 14.0, -10.0, 8.0, -32.0, 78.0, -7.0, 73.0, 18.0, 44.0, 18.0, -1.0, -3.0, 32.0, -3.0, 116.0, -17.0, 36.0, -3.0, -55.0, -4.0, 2.0, 15.0, 46.0, 50.0, 16.0, 16.0, 12.0, -35.0, -26.0, 0.0, 63.0, 5.0, 16.0, 17.0, -9.0, 16.0, -29.0, 78.0, -4.0, 72.0, 17.0, 49.0, 16.0, 3.0, -7.0, 38.0, 7.0, 121.0, -6.0, 52.0, 4.0, -54.0, -3.0, 1.0, 7.0, 44.0, 43.0, 16.0, 15.0, 12.0, -43.0, ' -30.0]']","['[5.0', ' 8.0', ' -1.0', -8.0, 0.0, 8.0, 2.0, -6.0, -29.0, 10.0, -20.0, 3.0, -2.0, 1.0, -47.0, -23.0, -33.0, 21.0, -27.0, 13.0, 12.0, 4.0, 30.0, 7.0, 7.0, 14.0, 4.0, 2.0, 21.0, -1.0, 20.0, -9.0, 25.0, 48.0, 33.0, 35.0, 61.0, 36.0, -1.0, -4.0, -8.0, -34.0, 0.0, -34.0, -2.0, -4.0, -4.0, -38.0, -18.0, -32.0, 7.0, -30.0, 9.0, 8.0, 7.0, 26.0, 14.0, -12.0, 17.0, -11.0, -1.0, 10.0, -5.0, 21.0, -8.0, 16.0, 46.0, 1.0, 39.0, 50.0, 35.0, 14.0, -2.0, -8.0, -38.0, -10.0, -45.0, -6.0, -9.0, -7.0, -28.0, ' -9.0]']","['[-12.0', ' 41.0', ' 35.0', -23.0, -47.0, -3.0, 46.0, 29.0, 0.0, 13.0, -17.0, 66.0, 9.0, 2.0, 2.0, 41.0, 15.0, 75.0, -34.0, 74.0, -56.0, 39.0, -66.0, -71.0, -25.0, 20.0, -10.0, -48.0, -38.0, -39.0, 0.0, -23.0, 9.0, -74.0, -3.0, -105.0, 26.0, -78.0, 12.0, -49.0, 16.0, 36.0, -53.0, 20.0, -93.0, 35.0, 10.0, 0.0, 67.0, -11.0, -42.0, 15.0, 22.0, 40.0, -18.0, 26.0, 42.0, 48.0, 52.0, -13.0, 97.0, 0.0, 85.0, -39.0, 29.0, -38.0, 66.0, -3.0, 36.0, -32.0, 21.0, -33.0, -45.0, -49.0, -44.0, 46.0, -7.0, 42.0, -53.0, -13.0, -1.0, ' -120.0]']","['[47.0', ' 24.0', ' -33.0', -42.0, 10.0, 48.0, 15.0, -39.0, -44.0, 53.0, -12.0, 66.0, -52.0, -13.0, -1.0, -111.0, 3.0, -1.0, 5.0, -81.0, -9.0, -5.0, 17.0, -2.0, -41.0, -77.0, 23.0, -83.0, 28.0, -76.0, 48.0, -20.0, 39.0, -26.0, 5.0, 25.0, 22.0, 30.0, 33.0, 89.0, 49.0, 27.0, -18.0, -6.0, 14.0, 39.0, 9.0, 2.0, 99.0, 10.0, 63.0, -32.0, 108.0, -38.0, 35.0, -63.0, -57.0, 2.0, 61.0, -21.0, 10.0, -47.0, 13.0, -30.0, -6.0, -16.0, -44.0, -5.0, -101.0, 9.0, -81.0, -9.0, -91.0, -14.0, 13.0, -32.0, 20.0, -84.0, 7.0, 2.0, -2.0, ' -4.0]']","['[50.0', ' 82.0', 6.0, -78.0, -62.0, 30.0, 85.0, 30.0, -89.0, 27.0, -53.0, 0.0, -7.0, 27.0, 31.0, 20.0, 38.0, 44.0, -18.0, 2.0, -74.0, -40.0, -23.0, 20.0, -9.0, -17.0, 66.0, 53.0, 56.0, -4.0, 16.0, -53.0, 17.0, -38.0, -71.0, -55.0, 5.0, 38.0, 84.0, 73.0, 51.0, 33.0, -41.0, 61.0, 7.0, 42.0, -8.0, -43.0, -52.0, -37.0, -10.0, -55.0, -36.0, 13.0, 48.0, 37.0, 47.0, 23.0, 64.0, -22.0, -16.0, -72.0, -25.0, -41.0, 8.0, -67.0, -12.0, 80.0, 62.0, 77.0, 4.0, 25.0, -87.0, -87.0, 52.0, 20.0, -22.0, -9.0, -41.0, -18.0, 15.0, ' 36.0]']","['[70.0', -23.0, -86.0, -37.0, 58.0, 81.0, 0.0, -81.0, 24.0, 30.0, -38.0, -11.0, -47.0, -7.0, 28.0, 50.0, 20.0, -16.0, 81.0, 41.0, 40.0, -31.0, -29.0, -72.0, -21.0, -67.0, -19.0, -17.0, 49.0, 34.0, 39.0, 25.0, 69.0, 46.0, -50.0, -38.0, -91.0, -35.0, -86.0, 57.0, 72.0, -88.0, 3.0, -20.0, 5.0, 22.0, 26.0, 9.0, -13.0, 18.0, 45.0, -60.0, -18.0, -84.0, -14.0, -1.0, 59.0, 3.0, 24.0, 67.0, 54.0, 16.0, -22.0, -8.0, -57.0, -25.0, -58.0, -28.0, -23.0, 54.0, 52.0, 117.0, 26.0, 1.0, 79.0, -36.0, 62.0, 3.0, 23.0, -22.0, -40.0, ' -33.0]']",,,,,,
1740060551.729168,ble-pd-B43A31EF7B26,3a665919-a41f-b9a1-7fed-4ae20367a85c,6224,1,-62.0,-71.0,-63.0,-72.0,-55.0,-48.0,-55.0,2.915857793272497,-1.4839069678055352,0.2967864003039564,-1.4562668177999298,-0.7114501437511467,-2.355299648366956,-0.6535161158811339,0.2418149770449244,0.2554751458690246,0.2661882939203568,0.238075199794667,0.3395127919308014,0.3318294786313438,0.4605352888697205,-3.3313145637512207,6.863905429840088,1.4383500814437866,-3.54,6.84,1.96,"['[49.0', 19.0, -36.0, -44.0, 7.0, 48.0, 23.0, -31.0, 7.0, -30.0, 8.0, 24.0, -39.0, 14.0, -13.0, 13.0, 30.0, -12.0, 23.0, 9.0, -16.0, 68.0, 15.0, 43.0, 4.0, 43.0, 18.0, 28.0, 10.0, 67.0, 10.0, 53.0, 59.0, 73.0, -30.0, 32.0, 20.0, 92.0, -19.0, 5.0, -41.0, 0.0, 12.0, 13.0, 14.0, -31.0, 49.0, -23.0, -6.0, 22.0, 32.0, 29.0, -11.0, -16.0, 88.0, 0.0, 24.0, 3.0, 76.0, 16.0, 23.0, 8.0, 83.0, -8.0, 37.0, 66.0, 83.0, -34.0, 16.0, 3.0, 94.0, -21.0, -19.0, -48.0, -9.0, 53.0, 15.0, 0.0, -22.0, 79.0, -29.0, ' -27.0]']","['[4.0', -45.0, -34.0, 22.0, 49.0, 8.0, -43.0, -37.0, -21.0, 114.0, 14.0, -27.0, 9.0, 107.0, -29.0, -57.0, -22.0, 117.0, 21.0, -53.0, -1.0, 70.0, -33.0, -41.0, -5.0, 106.0, -2.0, -10.0, 0.0, 55.0, -54.0, -47.0, 31.0, 39.0, -18.0, -42.0, -50.0, 22.0, -7.0, -63.0, -26.0, -23.0, 121.0, 10.0, -33.0, 20.0, 99.0, -22.0, -57.0, -31.0, 113.0, 12.0, -53.0, 5.0, 43.0, -37.0, -54.0, -7.0, 83.0, -8.0, -18.0, -4.0, 28.0, -55.0, -60.0, 8.0, 12.0, -7.0, -50.0, -53.0, -10.0, 0.0, -60.0, -9.0, -20.0, 110.0, 6.0, -36.0, 32.0, 76.0, -11.0, ' -49.0]']","['[11.0', -47.0, ' -22.0', 40.0, 35.0, -29.0, -44.0, 17.0, -47.0, 71.0, 0.0, 5.0, -14.0, 10.0, -29.0, 15.0, 51.0, 0.0, 43.0, -5.0, 56.0, 10.0, 55.0, -28.0, 100.0, 6.0, 93.0, 23.0, 36.0, 42.0, -38.0, -1.0, 48.0, 6.0, 119.0, 53.0, 109.0, 15.0, 32.0, -45.0, 33.0, -80.0, 60.0, -38.0, 12.0, -27.0, 5.0, -33.0, 10.0, 24.0, -12.0, 29.0, -18.0, 47.0, 2.0, 57.0, -16.0, 81.0, 18.0, 73.0, 12.0, 36.0, 49.0, -33.0, 18.0, 58.0, -4.0, 109.0, 62.0, 111.0, 39.0, 31.0, -55.0, 42.0, -94.0, 41.0, -67.0, 19.0, -36.0, -4.0, -35.0, ' 0.0]']","['[-49.0', ' -18.0', ' 43.0', 28.0, -36.0, -39.0, 24.0, 45.0, -86.0, -13.0, -96.0, 20.0, -33.0, -16.0, -18.0, -12.0, -59.0, -32.0, -37.0, -37.0, -8.0, -21.0, 21.0, 33.0, -30.0, 31.0, -35.0, -18.0, 0.0, 20.0, 7.0, 61.0, 36.0, -29.0, -6.0, 33.0, 20.0, 67.0, 5.0, -34.0, 32.0, -58.0, -40.0, -89.0, 17.0, -26.0, -17.0, -5.0, -16.0, -74.0, -30.0, -47.0, -33.0, -28.0, -23.0, -2.0, 41.0, -67.0, 27.0, -68.0, -25.0, -14.0, 4.0, 25.0, 61.0, 17.0, -30.0, -50.0, 10.0, -20.0, 55.0, -7.0, -13.0, 22.0, -25.0, -60.0, -71.0, 10.0, -14.0, -19.0, 5.0, ' -17.0]']","['[-66.0', ' 14.0', ' 72.0', 23.0, -60.0, -56.0, 29.0, 73.0, 66.0, -99.0, 8.0, -29.0, 46.0, -10.0, 19.0, 105.0, 31.0, 36.0, 10.0, 90.0, -4.0, 116.0, -38.0, 90.0, 21.0, 42.0, 49.0, -26.0, -4.0, -60.0, 25.0, -62.0, -5.0, -52.0, 2.0, -87.0, 36.0, -46.0, -16.0, -58.0, -19.0, -38.0, -13.0, -32.0, -68.0, -36.0, -42.0, -30.0, -87.0, -21.0, -84.0, -26.0, -4.0, 1.0, -28.0, 22.0, 40.0, 56.0, 9.0, -3.0, 58.0, 0.0, 119.0, -21.0, 99.0, -24.0, 15.0, 0.0, 64.0, -39.0, 24.0, -16.0, -16.0, -59.0, -39.0, 111.0, 13.0, 82.0, -20.0, 41.0, 3.0, ' -39.0]']","['[32.0', ' 72.0', ' 3.0', -68.0, -42.0, 44.0, 66.0, -5.0, 18.0, 53.0, 29.0, 90.0, 18.0, 50.0, 25.0, 50.0, 10.0, 76.0, 24.0, -30.0, 0.0, -16.0, -10.0, -78.0, -66.0, -27.0, -14.0, -51.0, 0.0, -105.0, 11.0, -82.0, 27.0, 3.0, 0.0, -37.0, 27.0, -7.0, 24.0, 39.0, 72.0, 58.0, -113.0, 0.0, -63.0, 35.0, -29.0, 9.0, 78.0, 24.0, 3.0, 0.0, 95.0, -3.0, 114.0, -32.0, 113.0, 43.0, 50.0, 49.0, -4.0, -3.0, -20.0, 19.0, -25.0, -15.0, -50.0, 2.0, -68.0, 23.0, -41.0, -23.0, -67.0, -42.0, -58.0, 31.0, -30.0, -43.0, -46.0, -32.0, -31.0, ' -106.0]']","['[30.0', ' 0.0', -30.0, -21.0, 15.0, 32.0, 6.0, -29.0, -6.0, -5.0, -54.0, -90.0, -39.0, 14.0, 59.0, 79.0, 2.0, -24.0, 90.0, -40.0, 10.0, -71.0, -12.0, -102.0, -59.0, -27.0, -28.0, 1.0, 69.0, 12.0, 30.0, -19.0, 62.0, 9.0, -62.0, -21.0, -74.0, -2.0, -63.0, 87.0, 23.0, -95.0, -34.0, -25.0, 64.0, 18.0, 78.0, -45.0, -20.0, 46.0, -18.0, -45.0, 0.0, -98.0, 7.0, -23.0, 85.0, -1.0, 3.0, 111.0, 33.0, 40.0, -55.0, -10.0, -56.0, -5.0, 2.0, -26.0, -10.0, 60.0, 51.0, 63.0, 42.0, 17.0, 60.0, 25.0, 71.0, 56.0, 29.0, -56.0, -36.0, ' -64.0]']","['[-11.0', -31.0, -10.0, 24.0, 28.0, -2.0, -31.0, -16.0, 99.0, 36.0, 42.0, -39.0, -6.0, -84.0, 28.0, 0.0, -49.0, 27.0, 16.0, 8.0, 100.0, 15.0, 27.0, -61.0, 18.0, 5.0, -105.0, -35.0, -62.0, 54.0, 2.0, 62.0, -10.0, -5.0, 39.0, 16.0, -39.0, -52.0, -44.0, -69.0, -26.0, -33.0, -15.0, -64.0, -73.0, -36.0, 35.0, 49.0, 77.0, 15.0, -31.0, 80.0, -41.0, -19.0, -73.0, -19.0, -84.0, -62.0, -28.0, 5.0, 11.0, 85.0, -3.0, 29.0, -36.0, 63.0, 10.0, -67.0, -24.0, -59.0, 11.0, -46.0, 101.0, 29.0, -81.0, -28.0, -5.0, 80.0, 26.0, 64.0, -55.0, ' -41.0]']",,,,,,
1740060552.728844,ble-pd-B43A31EF7B26,256e2746-1236-ca0a-f047-632ec42a0604,6225,14,-65.0,,,,,,,2.8742933055074125,,,,,,,0.227666700727283,,,,,,,,,,-3.54,6.84,1.96,"['[-4.0', -41.0, -22.0, 26.0, 40.0, 0.0, -39.0, -26.0, -12.0, 55.0, -26.0, -16.0, -57.0, 113.0, -38.0, -20.0, -18.0, 55.0, 0.0, -46.0, -33.0, 107.0, -33.0, 23.0, -22.0, 75.0, 19.0, -23.0, 13.0, 70.0, -28.0, 17.0, 5.0, 54.0, -19.0, -36.0, 27.0, 32.0, -5.0, -23.0, -22.0, -16.0, 62.0, -23.0, -23.0, -57.0, 114.0, -36.0, -21.0, -22.0, 59.0, 0.0, -50.0, -34.0, 101.0, -34.0, 20.0, -24.0, 77.0, 17.0, -24.0, 15.0, 63.0, -29.0, 11.0, 5.0, 50.0, -25.0, -36.0, 23.0, 25.0, -6.0, -25.0, -20.0, -19.0, 67.0, -18.0, -26.0, -57.0, 113.0, -36.0, ' -21.0]']","['[-42.0', -9.0, 36.0, 34.0, -14.0, -42.0, -14.0, 31.0, -32.0, 72.0, 34.0, -53.0, -8.0, 10.0, 1.0, -16.0, -40.0, 38.0, 12.0, -46.0, -3.0, -51.0, -14.0, -23.0, -8.0, 15.0, -11.0, -13.0, 12.0, -57.0, -10.0, -49.0, 1.0, -42.0, -55.0, -7.0, -38.0, -74.0, -6.0, -31.0, 34.0, -30.0, 67.0, 36.0, -50.0, -4.0, 0.0, 7.0, -14.0, -37.0, 33.0, 12.0, -42.0, 0.0, -63.0, -11.0, -27.0, -4.0, 4.0, -13.0, -9.0, 9.0, -65.0, -7.0, -51.0, 0.0, -47.0, -54.0, -2.0, -40.0, -77.0, -5.0, -29.0, 35.0, -28.0, 61.0, 39.0, -48.0, 0.0, -11.0, 9.0, ' -10.0]']","[nan, nan, nan, nan, nan, nan, nan, nan, nan, nan, nan, nan, nan, nan, nan, nan, nan, nan, nan, nan, nan, nan, nan, nan, nan, nan, nan, nan, nan, nan, nan, nan, nan, nan, nan, nan, nan, nan, nan, nan, nan, nan, nan, nan, nan, nan, nan, nan, nan, nan, nan, nan, nan, nan, nan, nan, nan, nan, nan, nan, nan, nan, nan, nan, nan, nan, nan, nan, nan, nan, nan, nan, nan, nan, nan, nan, nan, nan, nan, nan, nan, nan]","[nan, nan, nan, nan, nan, nan, nan, nan, nan, nan, nan, nan, nan, nan, nan, nan, nan, nan, nan, nan, nan, nan, nan, nan, nan, nan, nan, nan, nan, nan, nan, nan, nan, nan, nan, nan, nan, nan, nan, nan, nan, nan, nan, nan, nan, nan, nan, nan, nan, nan, nan, nan, nan, nan, nan, nan, nan, nan, nan, nan, nan, nan, nan, nan, nan, nan, nan, nan, nan, nan, nan, nan, nan, nan, nan, nan, nan, nan, nan, nan, nan, nan]",,,"[nan, nan, nan, nan, nan, nan, nan, nan, nan, nan, nan, nan, nan, nan, nan, nan, nan, nan, nan, nan, nan, nan, nan, nan, nan, nan, nan, nan, nan, nan, nan, nan, nan, nan, nan, nan, nan, nan, nan, nan, nan, nan, nan, nan, nan, nan, nan, nan, nan, nan, nan, nan, nan, nan, nan, nan, nan, nan, nan, nan, nan, nan, nan, nan, nan, nan, nan, nan, nan, nan, nan, nan, nan, nan, nan, nan, nan, nan, nan, nan, nan, nan]","[nan, nan, nan, nan, nan, nan, nan, nan, nan, nan, nan, nan, nan, nan, nan, nan, nan, nan, nan, nan, nan, nan, nan, nan, nan, nan, nan, nan, nan, nan, nan, nan, nan, nan, nan, nan, nan, nan, nan, nan, nan, nan, nan, nan, nan, nan, nan, nan, nan, nan, nan, nan, nan, nan, nan, nan, nan, nan, nan, nan, nan, nan, nan, nan, nan, nan, nan, nan, nan, nan, nan, nan, nan, nan, nan, nan, nan, nan, nan, nan, nan, nan]",,,,,,
1740060553.728502,ble-pd-B43A31EF7B26,27e127d6-a441-0a2b-81b9-6634f5ac6eaa,6226,28,-65.0,-84.0,-72.0,-65.0,-55.0,-46.0,-60.0,2.8927351634239926,-1.54475234238863,0.2820553910502921,-1.4259684335522622,-0.833880079386837,-2.4656848323308136,-1.3987753492952415,0.2124109821598458,0.1607886837086702,0.2374934988335664,0.2198416842991145,0.2398811234198817,0.2766654510076466,0.82418642097304,-3.3114044666290283,6.90117645263672,1.467696189880371,-3.54,6.84,1.96,"['[10.0', 42.0, 18.0, -30.0, -38.0, 3.0, 41.0, 21.0, -58.0, 43.0, 38.0, 21.0, -19.0, 6.0, 58.0, -15.0, -38.0, -21.0, -11.0, 45.0, -19.0, -12.0, 4.0, 8.0, -8.0, -88.0, -1.0, 39.0, -5.0, -31.0, -5.0, 14.0, -20.0, -116.0, -7.0, 4.0, -22.0, -58.0, 4.0, -6.0, 26.0, -61.0, 50.0, 33.0, 20.0, -23.0, 13.0, 52.0, -13.0, -40.0, -7.0, -14.0, 47.0, -19.0, -4.0, 2.0, 10.0, -8.0, -75.0, -4.0, 47.0, -5.0, -20.0, -11.0, 22.0, -14.0, -111.0, -8.0, 10.0, -18.0, -50.0, 1.0, -2.0, 32.0, -62.0, 55.0, 27.0, 20.0, -29.0, 19.0, 46.0, ' -13.0]']","['[41.0', 4.0, -37.0, -29.0, 18.0, 42.0, 9.0, -36.0, 19.0, -50.0, 27.0, 0.0, 36.0, -41.0, 21.0, -2.0, 5.0, -89.0, 27.0, -5.0, 0.0, -54.0, 15.0, -11.0, 0.0, -70.0, 21.0, -49.0, -1.0, -58.0, 38.0, -44.0, -24.0, -27.0, 5.0, -40.0, -19.0, -34.0, 10.0, -22.0, -33.0, 9.0, -40.0, 34.0, 2.0, 34.0, -40.0, 32.0, -6.0, 0.0, -90.0, 24.0, 0.0, -2.0, -56.0, 16.0, -9.0, 0.0, -83.0, 20.0, -42.0, -2.0, -62.0, 36.0, -40.0, -27.0, -45.0, 5.0, -40.0, -22.0, -45.0, 11.0, -24.0, -28.0, -1.0, -34.0, 39.0, 5.0, 29.0, -36.0, 40.0, ' -7.0]']","['[10.0', -3.0, ' -10.0', 0.0, 11.0, 3.0, -9.0, -5.0, 3.0, -13.0, 29.0, -7.0, 17.0, 7.0, 26.0, 5.0, 21.0, 17.0, 35.0, 0.0, 15.0, -23.0, -20.0, -22.0, -15.0, -10.0, -4.0, -7.0, -24.0, -11.0, -44.0, -25.0, -14.0, -41.0, 13.0, -14.0, -56.0, -4.0, -37.0, 17.0, -1.0, 2.0, -2.0, 34.0, -8.0, 24.0, 10.0, 29.0, 7.0, 20.0, 21.0, 35.0, 2.0, 16.0, -23.0, -16.0, -24.0, -8.0, -8.0, 6.0, -7.0, -17.0, -11.0, -44.0, -27.0, -14.0, -37.0, 32.0, -19.0, -36.0, -9.0, -40.0, 7.0, 0.0, 2.0, 4.0, 41.0, -4.0, 31.0, 14.0, 32.0, ' 6.0]']","['[-6.0', ' -10.0', ' 3.0', 10.0, 0.0, -10.0, -3.0, 8.0, 0.0, 51.0, 34.0, 3.0, 40.0, 23.0, 21.0, 4.0, -7.0, 27.0, -1.0, 12.0, 23.0, -4.0, 22.0, -20.0, 38.0, 20.0, 53.0, 7.0, 56.0, -2.0, 0.0, -17.0, -7.0, 14.0, 106.0, -18.0, 108.0, -25.0, -29.0, -48.0, 12.0, -3.0, 54.0, 30.0, 3.0, 39.0, 21.0, 19.0, 3.0, -11.0, 25.0, -8.0, 15.0, 19.0, 0.0, 26.0, -17.0, 41.0, 21.0, 53.0, 7.0, 59.0, -1.0, 5.0, -11.0, -4.0, 20.0, 104.0, -16.0, 114.0, -25.0, -20.0, -50.0, 11.0, -3.0, 53.0, 23.0, 5.0, 35.0, 18.0, 13.0, ' 1.0]']","['[28.0', ' 15.0', ' -19.0', -28.0, 4.0, 30.0, 11.0, -21.0, 33.0, -8.0, 12.0, 31.0, 11.0, 71.0, -32.0, 52.0, -53.0, 50.0, -36.0, 8.0, 1.0, -34.0, 34.0, -91.0, 3.0, -35.0, -15.0, -60.0, 0.0, -68.0, 29.0, -59.0, -5.0, -53.0, 8.0, -58.0, 16.0, -53.0, 23.0, -24.0, 30.0, 22.0, -44.0, -9.0, -21.0, -16.0, -47.0, -33.0, -18.0, 64.0, -10.0, 50.0, 25.0, 4.0, 82.0, -36.0, 121.0, -30.0, 49.0, -16.0, 67.0, -12.0, 54.0, -27.0, 2.0, 2.0, 24.0, -13.0, -4.0, -21.0, -11.0, -10.0, -37.0, -20.0, -64.0, 69.0, 0.0, 0.0, 10.0, -3.0, 80.0, ' -20.0]']","['[9.0', ' -25.0', ' -22.0', 13.0, 30.0, 4.0, -28.0, -19.0, -64.0, 70.0, -1.0, 0.0, 8.0, -4.0, 79.0, -24.0, -35.0, -37.0, -33.0, -42.0, -7.0, -80.0, 16.0, -77.0, 39.0, -35.0, 36.0, -35.0, 18.0, -2.0, 9.0, 55.0, 2.0, 19.0, 10.0, 64.0, 13.0, 73.0, -6.0, 81.0, 1.0, 70.0, -54.0, 11.0, 22.0, 2.0, 54.0, -78.0, 54.0, -13.0, 62.0, -3.0, 36.0, 5.0, 32.0, 13.0, -9.0, -25.0, 0.0, -37.0, -14.0, -14.0, -41.0, 13.0, -82.0, -4.0, -52.0, 0.0, -87.0, 2.0, -90.0, 21.0, -74.0, 19.0, -35.0, 9.0, -14.0, -29.0, -13.0, -71.0, 32.0, ' -51.0]']","['[63.0', ' -27.0', -81.0, -30.0, 58.0, 73.0, -5.0, -78.0, 35.0, 24.0, -60.0, 0.0, -6.0, 19.0, 15.0, 89.0, 30.0, -55.0, 73.0, 26.0, 25.0, -3.0, -13.0, 0.0, -2.0, -21.0, 0.0, -15.0, 22.0, 7.0, 23.0, 35.0, 24.0, 35.0, -27.0, 13.0, -121.0, -22.0, -68.0, 44.0, 73.0, -70.0, 28.0, 16.0, -16.0, 20.0, 19.0, -15.0, -96.0, -13.0, 50.0, -71.0, -17.0, -44.0, 10.0, 23.0, -5.0, 6.0, -12.0, 29.0, 26.0, 11.0, 5.0, -1.0, -22.0, 15.0, -1.0, -34.0, -19.0, 82.0, 33.0, 93.0, 29.0, -34.0, 75.0, -67.0, 36.0, 21.0, -23.0, -47.0, 8.0, ' 55.0]']","['[-53.0', -77.0, -2.0, 75.0, 58.0, -32.0, -81.0, -25.0, 67.0, -68.0, 46.0, 20.0, -20.0, -49.0, 6.0, 43.0, -19.0, -10.0, 24.0, -7.0, 40.0, -13.0, -19.0, 8.0, -5.0, 44.0, -45.0, -22.0, -45.0, -16.0, -23.0, -7.0, -52.0, -36.0, 79.0, 13.0, 11.0, -25.0, -64.0, -96.0, -37.0, -31.0, 67.0, -75.0, -15.0, 12.0, 48.0, 6.0, 27.0, 34.0, -26.0, 30.0, 23.0, -16.0, 7.0, 6.0, -5.0, 2.0, -48.0, 35.0, 6.0, 49.0, 18.0, 33.0, 30.0, 56.0, 51.0, -75.0, -1.0, -88.0, 6.0, 0.0, 102.0, 75.0, -22.0, -32.0, 69.0, 0.0, 3.0, -24.0, -14.0, ' -80.0]']",,,,,,
1740060554.729139,ble-pd-B43A31EF7B26,a7ee9992-6436-7adf-f18c-e80d6721b517,6227,5,-64.0,-75.0,-66.0,-64.0,-49.0,-51.0,-58.0,2.8528229007991928,-1.5495018238766771,0.2778228291298292,-1.3512296138783324,-0.790280564919132,-2.3806297245416226,-0.273539322086021,0.1192334337836167,0.1951524499393714,0.2531570805219492,0.2234616359450751,0.2118967497934263,0.2443691746417345,1.1734849020948186,-3.280981063842773,6.94423484802246,1.5038511753082275,-3.54,6.84,1.96,"['[18.0', -36.0, -41.0, 8.0, 47.0, 22.0, -32.0, -43.0, -44.0, 13.0, -12.0, -20.0, -43.0, 73.0, -53.0, -6.0, 7.0, 42.0, -4.0, -35.0, -2.0, 89.0, -26.0, 37.0, -8.0, 62.0, -15.0, 0.0, 25.0, 59.0, -8.0, 30.0, 74.0, 92.0, -53.0, 6.0, -7.0, 96.0, 0.0, -29.0, -39.0, -49.0, 42.0, -15.0, -29.0, -36.0, 84.0, -54.0, -14.0, 3.0, 60.0, -7.0, -45.0, 2.0, 86.0, -30.0, 24.0, -7.0, 76.0, -22.0, 1.0, 22.0, 61.0, -17.0, 16.0, 77.0, 95.0, -50.0, -2.0, -21.0, 91.0, -1.0, -38.0, -32.0, -50.0, 67.0, -17.0, -37.0, -22.0, 92.0, -51.0, ' -19.0]']","['[-43.0', -30.0, 24.0, 47.0, 7.0, -42.0, -35.0, 17.0, -22.0, 121.0, -12.0, -40.0, 37.0, 60.0, -8.0, -31.0, -11.0, 81.0, -16.0, -46.0, 20.0, -1.0, -22.0, -56.0, 5.0, 68.0, -30.0, 4.0, -14.0, 15.0, -35.0, -64.0, 21.0, 22.0, 11.0, -34.0, -60.0, -14.0, -11.0, -43.0, 26.0, -10.0, 115.0, -8.0, -35.0, 45.0, 44.0, 1.0, -28.0, -13.0, 68.0, -14.0, -36.0, 20.0, -22.0, -16.0, -62.0, 5.0, 53.0, -25.0, 3.0, -20.0, 0.0, -33.0, -71.0, 5.0, 0.0, 21.0, -34.0, -56.0, -35.0, -10.0, -36.0, 34.0, 0.0, 102.0, -3.0, -27.0, 53.0, 22.0, 15.0, ' -23.0]']","['[22.0', 19.0, ' -17.0', -24.0, 11.0, 27.0, -3.0, -29.0, 36.0, -62.0, 48.0, -34.0, 26.0, -8.0, 10.0, 6.0, 5.0, 0.0, 22.0, 5.0, -19.0, -8.0, -43.0, 14.0, -50.0, -15.0, -52.0, -13.0, -46.0, -19.0, -18.0, -16.0, -64.0, -38.0, -84.0, -17.0, -108.0, -5.0, -44.0, 22.0, -26.0, 50.0, -41.0, 64.0, -36.0, 37.0, -2.0, 11.0, 8.0, 16.0, 5.0, 36.0, 11.0, -3.0, -1.0, -32.0, 11.0, -29.0, -20.0, -32.0, -15.0, -29.0, -25.0, -23.0, -29.0, -61.0, -32.0, -52.0, -29.0, -90.0, -13.0, -52.0, 23.0, -21.0, 55.0, -16.0, 74.0, -31.0, 42.0, 0.0, 12.0, ' 8.0]']","['[17.0', ' -21.0', ' -22.0', 15.0, 26.0, -7.0, -28.0, 0.0, 46.0, 58.0, 57.0, -5.0, 35.0, 13.0, 5.0, 3.0, 30.0, 24.0, 40.0, 20.0, 40.0, 22.0, 24.0, -10.0, 66.0, -24.0, 72.0, -10.0, 43.0, -22.0, -18.0, -43.0, -6.0, 18.0, 82.0, -34.0, 43.0, -26.0, -32.0, 9.0, 10.0, 29.0, 72.0, 42.0, 3.0, 26.0, 17.0, 2.0, 2.0, 27.0, 24.0, 30.0, 18.0, 45.0, 22.0, 37.0, -13.0, 75.0, -16.0, 85.0, -8.0, 54.0, -13.0, -11.0, -35.0, 13.0, 26.0, 105.0, -25.0, 74.0, -23.0, -14.0, 5.0, 16.0, 14.0, 85.0, 21.0, 16.0, 14.0, 15.0, 0.0, ' -1.0]']","['[50.0', ' 34.0', ' -32.0', -52.0, 5.0, 55.0, 24.0, -42.0, -61.0, 2.0, -38.0, 12.0, -65.0, 38.0, -61.0, -49.0, 33.0, -18.0, 51.0, -60.0, 57.0, -36.0, 59.0, -13.0, -61.0, -69.0, -67.0, 21.0, -12.0, 53.0, -12.0, 53.0, 27.0, 24.0, 15.0, 70.0, 2.0, 22.0, 40.0, 15.0, 52.0, 16.0, 78.0, 12.0, 70.0, 0.0, -28.0, 25.0, 17.0, 27.0, 68.0, 13.0, 8.0, -16.0, 38.0, -54.0, 3.0, -4.0, 31.0, 43.0, -41.0, 17.0, -77.0, 7.0, -62.0, 18.0, -9.0, 12.0, -23.0, 46.0, 31.0, 38.0, 97.0, -6.0, 46.0, -74.0, 30.0, -76.0, 66.0, -11.0, 39.0, ' 34.0]']","['[22.0', ' -43.0', ' -44.0', 18.0, 56.0, 8.0, -50.0, -39.0, 10.0, -87.0, 7.0, -86.0, 35.0, 11.0, 2.0, 5.0, -48.0, -67.0, -43.0, 20.0, -9.0, -26.0, 31.0, 2.0, 41.0, 1.0, -13.0, 35.0, -12.0, 57.0, -2.0, 42.0, -36.0, -2.0, -21.0, -7.0, -53.0, -46.0, -63.0, -116.0, -21.0, -60.0, 42.0, -38.0, 51.0, -74.0, 29.0, -54.0, -46.0, 52.0, 10.0, 66.0, -63.0, 55.0, -22.0, 38.0, -12.0, -73.0, -61.0, -54.0, 3.0, -6.0, 20.0, -9.0, 28.0, 42.0, 22.0, 23.0, 66.0, 27.0, 42.0, 65.0, 67.0, 56.0, 43.0, 47.0, 26.0, 41.0, 32.0, -37.0, 44.0, ' 37.0]']","['[-45.0', ' -63.0', -1.0, 63.0, 43.0, -33.0, -68.0, -18.0, 121.0, -15.0, 27.0, -54.0, -26.0, -6.0, -31.0, 38.0, -60.0, 0.0, 65.0, -64.0, 92.0, -46.0, -7.0, -82.0, -23.0, 50.0, -92.0, -5.0, -4.0, -2.0, 52.0, -5.0, 67.0, -47.0, 48.0, -5.0, -59.0, 16.0, -74.0, 17.0, -57.0, -50.0, 65.0, -77.0, 44.0, -38.0, 102.0, 59.0, 50.0, 66.0, -18.0, 54.0, 3.0, -78.0, 30.0, -38.0, 9.0, -82.0, -10.0, 55.0, -38.0, 83.0, -40.0, 6.0, -52.0, 24.0, 17.0, -79.0, 2.0, -21.0, 20.0, 51.0, 13.0, 61.0, -83.0, -36.0, 36.0, 18.0, 59.0, -80.0, -13.0, ' -76.0]']","['[-51.0', 25.0, 68.0, 26.0, -52.0, -59.0, 6.0, 68.0, 2.0, -63.0, 71.0, -24.0, 55.0, -110.0, -49.0, -71.0, -44.0, 20.0, -86.0, 24.0, 48.0, -12.0, 44.0, 24.0, 100.0, -11.0, -19.0, 44.0, -89.0, 44.0, -29.0, 59.0, -59.0, 1.0, 65.0, 0.0, 48.0, -28.0, -27.0, -23.0, -43.0, 112.0, 11.0, -4.0, -41.0, -50.0, 40.0, -10.0, 62.0, -36.0, -6.0, 94.0, -68.0, 68.0, -36.0, -24.0, -85.0, -64.0, 50.0, -77.0, -22.0, 31.0, -19.0, 59.0, -29.0, 86.0, -44.0, 19.0, -4.0, -74.0, 26.0, -61.0, 25.0, -34.0, -89.0, 56.0, -69.0, 57.0, -19.0, 76.0, 57.0, ' 16.0]']",,,,,,
1740060555.727588,ble-pd-B43A31EF7B26,0b9858cd-bafe-65e9-8747-a0ff8b4fe804,6228,26,-68.0,-73.0,-77.0,-63.0,,,,2.841477834555456,-1.5113215480668112,0.3188626741601683,-1.4340982654119463,,,,0.1433621892471959,0.2502064311921959,0.1607792960658277,0.2035341336143937,,,,,,,-3.54,6.84,1.96,"['[27.0', -25.0, -33.0, -7.0, 38.0, 29.0, -15.0, -39.0, 70.0, -44.0, -5.0, -7.0, 18.0, -31.0, -36.0, -15.0, 19.0, 30.0, 20.0, -12.0, -1.0, 3.0, 3.0, -43.0, -16.0, 21.0, 7.0, -1.0, -16.0, 13.0, -21.0, 0.0, -11.0, 48.0, 12.0, 23.0, 20.0, 79.0, -25.0, 1.0, -39.0, 70.0, -52.0, -3.0, -6.0, 21.0, -45.0, -29.0, -14.0, 23.0, 24.0, 27.0, -14.0, -3.0, -9.0, 7.0, -52.0, -13.0, 26.0, 11.0, -2.0, -16.0, 0.0, -21.0, -12.0, -14.0, 41.0, 8.0, 20.0, 23.0, 70.0, -22.0, 8.0, -31.0, 72.0, -59.0, -1.0, 0.0, 24.0, -45.0, -24.0, ' -1.0]']","['[-29.0', -31.0, 8.0, 35.0, 20.0, -24.0, -32.0, 0.0, -15.0, 49.0, -27.0, -17.0, -27.0, 64.0, -53.0, -56.0, -11.0, 56.0, -25.0, 0.0, 10.0, 91.0, -57.0, 28.0, -16.0, 39.0, -23.0, 8.0, 25.0, 89.0, -59.0, 71.0, 18.0, 44.0, 18.0, -29.0, 36.0, 87.0, 37.0, 21.0, 2.0, -5.0, 45.0, -28.0, -19.0, -24.0, 65.0, -58.0, -59.0, -11.0, 53.0, -20.0, -3.0, 9.0, 92.0, -55.0, 23.0, -20.0, 42.0, -21.0, 10.0, 29.0, 97.0, -65.0, 70.0, 13.0, 50.0, 16.0, -30.0, 40.0, 97.0, 30.0, 19.0, -1.0, 0.0, 40.0, -29.0, -22.0, -21.0, 60.0, -59.0, ' -61.0]']","['[29.0', -11.0, ' -33.0', 2.0, 33.0, 7.0, -30.0, -18.0, -8.0, 0.0, 31.0, -16.0, 51.0, -10.0, 39.0, 1.0, 4.0, 5.0, 31.0, 15.0, 16.0, 0.0, 3.0, -27.0, -19.0, -25.0, 4.0, -2.0, -1.0, 12.0, -39.0, 0.0, -24.0, -12.0, 24.0, 17.0, -43.0, 11.0, -92.0, -4.0, -13.0, -5.0, 2.0, 33.0, -18.0, 55.0, -9.0, 44.0, 2.0, 2.0, 9.0, 25.0, 13.0, 19.0, -2.0, 4.0, -27.0, -13.0, -19.0, 9.0, 0.0, 18.0, 14.0, -31.0, -4.0, -27.0, -20.0, 33.0, 13.0, -13.0, 9.0, -82.0, -4.0, -3.0, -2.0, 5.0, 37.0, -18.0, 56.0, -11.0, 53.0, ' 0.0]']","['[-11.0', ' -34.0', ' 10.0', 30.0, 8.0, -29.0, -8.0, 24.0, 14.0, 16.0, 18.0, -7.0, 21.0, -2.0, 33.0, 10.0, -15.0, 5.0, -11.0, -12.0, 14.0, -7.0, 38.0, 5.0, 24.0, 2.0, 32.0, -7.0, 68.0, -9.0, 42.0, -23.0, -22.0, -28.0, 62.0, -25.0, 109.0, 1.0, 9.0, -9.0, 33.0, 14.0, 17.0, 12.0, -6.0, 14.0, 0.0, 23.0, 9.0, -13.0, 7.0, -10.0, -18.0, 11.0, -7.0, 32.0, 7.0, 26.0, 3.0, 31.0, -7.0, 64.0, -10.0, 53.0, -22.0, -21.0, -24.0, 51.0, -30.0, 118.0, -1.0, 18.0, -10.0, 32.0, 18.0, 17.0, 5.0, -2.0, 4.0, 0.0, 16.0, ' 10.0]']","['[-9.0', ' -15.0', ' 1.0', 17.0, 8.0, -11.0, -14.0, 5.0, -13.0, -34.0, -14.0, -32.0, -42.0, -33.0, -1.0, 30.0, -37.0, -25.0, 5.0, 0.0, 12.0, 75.0, -18.0, 90.0, 0.0, 70.0, -3.0, 89.0, 23.0, 45.0, -2.0, 28.0, 62.0, 9.0, 14.0, 2.0, 23.0, 2.0, -5.0, -67.0, -15.0, 41.0, 44.0, 41.0, -19.0, 46.0, -37.0, 35.0, -61.0, 2.0, -18.0, -17.0, -21.0, -49.0, -61.0, -6.0, -57.0, -20.0, -68.0, 19.0, -84.0, 0.0, -2.0, 9.0, 59.0, -19.0, 60.0, 21.0, 86.0, 27.0, 69.0, 7.0, 60.0, 14.0, -40.0, -25.0, -44.0, 57.0, -18.0, 86.0, -47.0, ' 53.0]']","['[-13.0', ' 6.0', ' 16.0', 3.0, -14.0, -11.0, 10.0, 15.0, -43.0, -29.0, -43.0, 55.0, -22.0, 83.0, -46.0, 56.0, 34.0, 52.0, 16.0, 26.0, 54.0, 13.0, 28.0, -5.0, 27.0, 26.0, -23.0, 29.0, -22.0, -38.0, -11.0, -103.0, -27.0, -89.0, -40.0, -119.0, -58.0, -95.0, -8.0, -20.0, -7.0, 19.0, -4.0, 21.0, -63.0, -15.0, -82.0, 30.0, -16.0, -51.0, -55.0, -7.0, -16.0, -28.0, 45.0, -32.0, 71.0, -16.0, 34.0, 13.0, 45.0, 32.0, 59.0, 7.0, 88.0, 67.0, 64.0, 37.0, 82.0, 56.0, 66.0, 2.0, -35.0, -7.0, 15.0, 36.0, 16.0, 31.0, 42.0, 30.0, 7.0, ' -37.0]']","['[52.0', ' -38.0', -80.0, -17.0, 64.0, 66.0, -19.0, -79.0, 3.0, 52.0, -71.0, 43.0, -82.0, 52.0, 35.0, 26.0, 26.0, -49.0, 74.0, 4.0, -21.0, 31.0, -53.0, -43.0, -51.0, -38.0, -5.0, -36.0, 58.0, -30.0, 52.0, -31.0, 87.0, 15.0, -53.0, 33.0, -95.0, -4.0, 1.0, -14.0, 69.0, -42.0, 3.0, 27.0, -20.0, 86.0, -51.0, 21.0, -18.0, 29.0, 58.0, -87.0, 29.0, -46.0, 0.0, 44.0, 54.0, 48.0, 3.0, 46.0, 22.0, -27.0, 39.0, -64.0, 21.0, -87.0, 0.0, -34.0, -44.0, 92.0, -40.0, 71.0, -12.0, -16.0, 57.0, -61.0, 30.0, -14.0, -35.0, 19.0, -64.0, ' 1.0]']","['[-62.0', -72.0, 9.0, 78.0, 48.0, -44.0, -78.0, -13.0, 56.0, -62.0, 33.0, -16.0, -36.0, 17.0, -63.0, -1.0, -70.0, -28.0, 46.0, -43.0, 92.0, -32.0, -8.0, -34.0, -16.0, 32.0, -60.0, 4.0, -23.0, -25.0, 39.0, 0.0, 35.0, -15.0, 107.0, 30.0, -39.0, 63.0, -105.0, 35.0, -46.0, -39.0, 83.0, -75.0, 42.0, -30.0, 24.0, 70.0, 19.0, 69.0, -14.0, 17.0, 34.0, -82.0, 46.0, -32.0, -6.0, -25.0, -51.0, 38.0, -29.0, 58.0, -5.0, 11.0, -23.0, 41.0, 22.0, -115.0, 3.0, -43.0, -47.0, 76.0, -35.0, 79.0, -1.0, -56.0, 72.0, -43.0, 83.0, -52.0, -34.0, ' -21.0]']",,,,,,
1740060556.728695,ble-pd-B43A31EF7B26,6ce08ef9-3fc8-c555-f138-22d11beb748c,6229,16,-64.0,-80.0,-70.0,-78.0,,-58.0,-60.0,2.894717620539448,-1.3336554138448995,0.2935906069958613,-1.510138971384761,,-2.3114663874917536,-0.6651925921376429,0.1630318143605735,0.257609419811371,0.228977774931929,0.1890247992319649,,0.3444824520035375,0.918598334960778,-3.269839286804199,6.978529930114746,1.549046516418457,-3.54,6.84,1.96,"['[-47.0', -45.0, 21.0, 57.0, 19.0, -45.0, -48.0, 9.0, -54.0, 88.0, -24.0, -62.0, 9.0, 98.0, -72.0, 14.0, -2.0, 70.0, -31.0, -50.0, 22.0, 67.0, -59.0, 42.0, 14.0, 84.0, -5.0, -8.0, 21.0, 61.0, -10.0, 9.0, 18.0, 64.0, 2.0, -19.0, -13.0, 10.0, 39.0, -19.0, 12.0, -55.0, 91.0, -24.0, -61.0, 9.0, 94.0, -69.0, 14.0, -3.0, 69.0, -31.0, -50.0, 22.0, 65.0, -58.0, 40.0, 13.0, 83.0, -5.0, -8.0, 20.0, 55.0, -8.0, 5.0, 18.0, 64.0, 3.0, -18.0, -17.0, 7.0, 36.0, -20.0, 17.0, -55.0, 93.0, -25.0, -62.0, 11.0, 93.0, -67.0, ' 17.0]']","['[-32.0', 34.0, 54.0, -1.0, -54.0, -35.0, 31.0, 54.0, -20.0, 74.0, -9.0, -10.0, 22.0, -47.0, 57.0, 26.0, -11.0, 8.0, -5.0, 12.0, 0.0, -82.0, 26.0, -39.0, -5.0, -15.0, 8.0, 28.0, -21.0, -68.0, 19.0, -56.0, -30.0, -82.0, -14.0, 34.0, -54.0, -105.0, -44.0, -7.0, 53.0, -16.0, 71.0, -8.0, -9.0, 21.0, -52.0, 58.0, 26.0, -12.0, 5.0, -2.0, 14.0, -1.0, -85.0, 28.0, -42.0, -6.0, -16.0, 9.0, 28.0, -22.0, -71.0, 19.0, -57.0, -31.0, -83.0, -13.0, 35.0, -52.0, -107.0, -47.0, -7.0, 52.0, -15.0, 71.0, -6.0, -5.0, 21.0, -57.0, 62.0, ' 25.0]']","['[4.0', -23.0, ' -10.0', 20.0, 16.0, -15.0, -20.0, 8.0, 19.0, -102.0, -24.0, -51.0, -10.0, 8.0, 54.0, 48.0, -28.0, -65.0, -11.0, -19.0, -54.0, -13.0, -68.0, -19.0, -31.0, -37.0, -35.0, 16.0, -41.0, -29.0, -9.0, -48.0, -9.0, -38.0, -86.0, 37.0, -123.0, 26.0, -70.0, 43.0, 12.0, 21.0, -90.0, -6.0, -54.0, 2.0, 8.0, 64.0, 54.0, -21.0, -58.0, -6.0, -26.0, -52.0, -10.0, -66.0, -13.0, -30.0, -40.0, -27.0, 13.0, -36.0, -32.0, -11.0, -54.0, -21.0, -55.0, -80.0, 36.0, -122.0, 22.0, -79.0, 31.0, 17.0, 20.0, -74.0, 13.0, -56.0, 13.0, 7.0, 68.0, ' 56.0]']","['[-23.0', ' -8.0', ' 19.0', 13.0, -18.0, -17.0, 12.0, 22.0, 2.0, 33.0, 76.0, -15.0, 49.0, 0.0, 46.0, 29.0, 15.0, 20.0, 16.0, -38.0, 8.0, 13.0, 0.0, 19.0, -2.0, -24.0, 22.0, -15.0, 20.0, -11.0, 6.0, -28.0, -51.0, -77.0, 21.0, 0.0, 8.0, -17.0, -44.0, -35.0, 20.0, 1.0, 57.0, 79.0, -1.0, 50.0, -1.0, 29.0, 22.0, 22.0, 36.0, 20.0, -33.0, 23.0, 15.0, 12.0, 23.0, 7.0, -12.0, 29.0, -19.0, 29.0, -5.0, 6.0, -15.0, -47.0, -64.0, 41.0, -9.0, 33.0, -23.0, -20.0, -43.0, 16.0, -2.0, 78.0, 80.0, 10.0, 50.0, -3.0, 15.0, ' 6.0]']","['[33.0', ' 0.0', ' -33.0', -19.0, 23.0, 31.0, -6.0, -31.0, 114.0, 59.0, 72.0, -15.0, 91.0, -40.0, 21.0, -3.0, -49.0, 18.0, -50.0, 25.0, -25.0, -11.0, -45.0, -17.0, 14.0, -15.0, -3.0, -22.0, -1.0, -72.0, 19.0, -31.0, -58.0, -6.0, -28.0, 17.0, -29.0, 71.0, 6.0, 58.0, 19.0, -58.0, -16.0, 14.0, 0.0, 12.0, 71.0, 12.0, 43.0, 72.0, 3.0, 79.0, -3.0, 60.0, 12.0, 43.0, -6.0, -6.0, 34.0, -3.0, 3.0, 10.0, 13.0, -3.0, 8.0, 32.0, -3.0, 8.0, -15.0, 10.0, -78.0, -11.0, -72.0, 10.0, -49.0, -40.0, -93.0, 16.0, -106.0, -40.0, -36.0, ' -42.0]']","['[-8.0', ' -34.0', ' -11.0', 28.0, 26.0, -14.0, -33.0, 0.0, -13.0, -22.0, -72.0, 11.0, -80.0, -58.0, -29.0, -49.0, -54.0, -18.0, -61.0, -13.0, -55.0, -7.0, -19.0, 20.0, -2.0, -33.0, 7.0, 12.0, -11.0, 34.0, -10.0, 11.0, 1.0, 9.0, 10.0, 6.0, 7.0, 44.0, 9.0, 46.0, -25.0, 99.0, 61.0, 102.0, -19.0, 121.0, 1.0, 34.0, 26.0, -11.0, 26.0, -7.0, 27.0, 11.0, -4.0, -25.0, -26.0, 12.0, 6.0, -6.0, -26.0, 4.0, -78.0, 22.0, -32.0, -49.0, -10.0, -29.0, 9.0, -28.0, 29.0, 0.0, 19.0, 30.0, -104.0, -49.0, -45.0, 10.0, -61.0, 58.0, -10.0, ' 16.0]']","['[-17.0', ' -3.0', 15.0, 13.0, -5.0, -18.0, -7.0, 12.0, -9.0, -58.0, 13.0, 16.0, -3.0, -61.0, -47.0, -1.0, -8.0, 49.0, -47.0, 43.0, 8.0, 27.0, 34.0, 24.0, 41.0, 52.0, 49.0, 41.0, -60.0, 66.0, -3.0, 21.0, -119.0, -87.0, 77.0, -23.0, 84.0, -2.0, 28.0, -36.0, -18.0, 49.0, -1.0, 0.0, -46.0, 12.0, 11.0, 32.0, 22.0, -6.0, -80.0, 51.0, -22.0, 48.0, -58.0, -48.0, -32.0, 22.0, 16.0, -79.0, 16.0, 5.0, -35.0, 0.0, 5.0, 72.0, 59.0, 25.0, 89.0, -118.0, 22.0, -70.0, 47.0, 5.0, -48.0, 63.0, -16.0, 37.0, -10.0, 47.0, 8.0, ' -26.0]']","['[2.0', 16.0, 9.0, -10.0, -16.0, -1.0, 15.0, 12.0, -53.0, 45.0, -12.0, 44.0, -12.0, 29.0, -7.0, -27.0, 13.0, 64.0, -31.0, -1.0, -64.0, 51.0, 34.0, 23.0, -55.0, -56.0, 61.0, -49.0, 40.0, -2.0, 5.0, -22.0, -5.0, -14.0, -86.0, -91.0, 85.0, -25.0, 67.0, -32.0, 4.0, 23.0, -73.0, 17.0, -13.0, 2.0, -66.0, -34.0, 13.0, -15.0, 4.0, -22.0, 35.0, 43.0, -4.0, 8.0, 7.0, 63.0, 74.0, 8.0, 63.0, -73.0, 55.0, -6.0, 31.0, -94.0, -64.0, 112.0, 34.0, 19.0, 11.0, -14.0, -10.0, -16.0, 25.0, 41.0, -10.0, -30.0, 8.0, 47.0, 47.0, ' 9.0]']",,,,,,
1740060557.72744,ble-pd-B43A31EF7B26,f380857d-f474-1b6e-3f48-9de18a922ec4,6230,33,-70.0,-80.0,-80.0,-63.0,-58.0,-48.0,-60.0,2.899144859535596,-1.3505172182867364,0.313478827700464,-1.61070752415526,-0.7876956126612034,-2.4236807916505785,-2.0917371684701216,0.1523872593520677,0.2457428234024118,0.1108352634769712,0.193487158664988,0.1995996247546107,0.2954015193269419,1.0199345707764351,-3.286125898361206,7.008304119110107,1.6012814044952393,-3.54,6.84,1.96,"['[-31.0', -12.0, 22.0, 27.0, -5.0, -30.0, -14.0, 21.0, -10.0, 4.0, -40.0, -27.0, -28.0, 48.0, -73.0, 20.0, -9.0, 60.0, -16.0, 17.0, -2.0, 62.0, -33.0, 53.0, -26.0, 64.0, -1.0, 46.0, -8.0, 90.0, -40.0, 32.0, 27.0, 91.0, 6.0, 18.0, 27.0, 80.0, 0.0, 0.0, 18.0, 5.0, -7.0, -37.0, -34.0, -21.0, 45.0, -76.0, 12.0, 3.0, 62.0, -11.0, 4.0, 3.0, 56.0, -30.0, 47.0, -21.0, 72.0, 1.0, 38.0, -10.0, 84.0, -37.0, 27.0, 25.0, 106.0, 11.0, 13.0, 30.0, 87.0, 0.0, -6.0, 10.0, 27.0, -16.0, -32.0, -37.0, -15.0, 40.0, -74.0, ' 2.0]']","['[-2.0', 29.0, 20.0, -14.0, -30.0, -5.0, 28.0, 22.0, -87.0, 49.0, -13.0, 36.0, -28.0, 11.0, 17.0, 34.0, -60.0, -16.0, -30.0, 57.0, -24.0, 24.0, -10.0, 23.0, -22.0, -43.0, -12.0, 32.0, 7.0, 19.0, -17.0, 18.0, 3.0, -78.0, -22.0, 24.0, -15.0, -44.0, 1.0, 28.0, 26.0, -88.0, 49.0, -21.0, 29.0, -32.0, 18.0, 1.0, 37.0, -62.0, -1.0, -33.0, 60.0, -24.0, 36.0, -15.0, 35.0, -28.0, -27.0, -13.0, 42.0, 5.0, 37.0, -22.0, 25.0, 9.0, -56.0, -20.0, 27.0, -7.0, -28.0, 1.0, 27.0, 28.0, -83.0, 46.0, -27.0, 22.0, -36.0, 28.0, -11.0, ' 39.0]']","['[15.0', -6.0, ' -17.0', 1.0, 16.0, 5.0, -15.0, -9.0, -12.0, -13.0, -3.0, -21.0, 11.0, -8.0, 21.0, -6.0, -2.0, 5.0, 20.0, 2.0, 18.0, -2.0, -12.0, -11.0, -23.0, -17.0, 1.0, -3.0, -27.0, 1.0, -63.0, -14.0, -2.0, -11.0, -5.0, 32.0, -78.0, 11.0, -66.0, 3.0, -7.0, -11.0, -10.0, 5.0, -21.0, 17.0, -6.0, 31.0, -5.0, 0.0, 7.0, 19.0, 1.0, 21.0, -2.0, -5.0, -11.0, -24.0, -17.0, 3.0, -6.0, -19.0, 1.0, -59.0, -15.0, -5.0, -15.0, 7.0, 29.0, -66.0, 11.0, -70.0, 1.0, -3.0, -10.0, -5.0, 9.0, -21.0, 27.0, -7.0, 40.0, ' -4.0]']","['[-7.0', ' -15.0', ' 3.0', 16.0, 2.0, -15.0, -7.0, 13.0, 8.0, 22.0, 36.0, -5.0, 51.0, -1.0, 54.0, 5.0, 0.0, 12.0, -1.0, -1.0, 19.0, -3.0, 34.0, -3.0, -14.0, -4.0, 16.0, -22.0, 55.0, -4.0, 9.0, -9.0, -23.0, -21.0, 69.0, -16.0, 86.0, -5.0, -26.0, -26.0, 17.0, 9.0, 22.0, 37.0, -2.0, 49.0, 0.0, 50.0, 8.0, 0.0, 12.0, -6.0, -1.0, 15.0, -3.0, 36.0, -2.0, -9.0, 0.0, 16.0, -20.0, 59.0, -4.0, 20.0, -6.0, -22.0, -18.0, 69.0, -22.0, 96.0, -8.0, -16.0, -25.0, 18.0, 9.0, 24.0, 37.0, 1.0, 45.0, 0.0, 45.0, ' 9.0]']","['[-10.0', ' -1.0', ' 10.0', 7.0, -6.0, -10.0, 0.0, 11.0, 33.0, 28.0, -10.0, 21.0, -9.0, 11.0, -56.0, -56.0, 3.0, 39.0, -22.0, -1.0, -13.0, -31.0, -13.0, -50.0, 7.0, -44.0, 19.0, -39.0, 9.0, -17.0, 36.0, 19.0, -62.0, -57.0, -7.0, -25.0, 15.0, 10.0, 48.0, 74.0, -9.0, -17.0, -22.0, 17.0, 0.0, 27.0, 0.0, 40.0, 43.0, -3.0, 0.0, 9.0, 13.0, 4.0, 36.0, -23.0, 19.0, 8.0, 70.0, -25.0, 45.0, -26.0, -12.0, -45.0, -88.0, 11.0, 14.0, -7.0, -17.0, -33.0, -32.0, -33.0, -47.0, 5.0, -8.0, 3.0, -15.0, -20.0, -29.0, -14.0, 0.0, ' -6.0]']","['[1.0', ' 10.0', ' 4.0', -7.0, -8.0, 4.0, 10.0, 3.0, -9.0, 2.0, -14.0, -20.0, -30.0, -15.0, 1.0, -4.0, 0.0, -43.0, 9.0, -18.0, 8.0, -20.0, 49.0, 25.0, -21.0, -54.0, 16.0, -21.0, 27.0, 38.0, 27.0, 110.0, 47.0, 43.0, 18.0, 51.0, 32.0, 34.0, -3.0, -14.0, 5.0, 29.0, 17.0, 2.0, 29.0, 15.0, 19.0, -40.0, -35.0, 2.0, 58.0, -22.0, 12.0, -16.0, -8.0, -45.0, -52.0, 20.0, 9.0, 2.0, -12.0, -13.0, -40.0, 4.0, -69.0, -78.0, -69.0, -18.0, -55.0, -14.0, -15.0, 36.0, 59.0, -8.0, -34.0, -28.0, 9.0, -22.0, 8.0, -14.0, 57.0, ' 55.0]']","['[-76.0', ' -85.0', 10.0, 94.0, 56.0, -54.0, -96.0, -16.0, 52.0, -47.0, 40.0, 29.0, -45.0, 20.0, -21.0, -24.0, -52.0, -44.0, 41.0, -49.0, 72.0, 8.0, -9.0, -33.0, -2.0, 35.0, -64.0, -38.0, -18.0, -28.0, 40.0, 26.0, 91.0, 2.0, 94.0, 51.0, 14.0, 19.0, -94.0, 0.0, -50.0, -24.0, 80.0, -68.0, 5.0, 1.0, -24.0, 44.0, 53.0, 66.0, 0.0, 11.0, 58.0, -72.0, 5.0, -21.0, -3.0, -35.0, -71.0, 40.0, -9.0, 36.0, 25.0, -9.0, -39.0, -37.0, 10.0, -119.0, -50.0, -67.0, -43.0, 74.0, -5.0, 91.0, -13.0, -76.0, 64.0, -41.0, 44.0, 17.0, -47.0, ' -54.0]']","['[-62.0', 46.0, 97.0, 26.0, -80.0, -81.0, 22.0, 97.0, -28.0, -65.0, 55.0, -48.0, 54.0, 12.0, -42.0, -53.0, -37.0, 53.0, -67.0, -32.0, 23.0, -19.0, 47.0, 48.0, 57.0, 70.0, 13.0, 63.0, -37.0, -4.0, -35.0, 30.0, -47.0, -22.0, 72.0, 14.0, 87.0, 44.0, -1.0, 11.0, -82.0, 55.0, 22.0, -17.0, 57.0, -71.0, 3.0, 19.0, 25.0, -2.0, -71.0, 78.0, -5.0, 25.0, 20.0, -43.0, -59.0, -45.0, -32.0, -50.0, -72.0, 17.0, -12.0, 52.0, -7.0, 94.0, 20.0, -1.0, 20.0, -59.0, -20.0, -57.0, -9.0, 34.0, -60.0, 33.0, -28.0, -39.0, 57.0, -16.0, 12.0, ' 11.0]']",,,,,,
1740060558.728597,ble-pd-B43A31EF7B26,657fa267-3071-a9f5-5994-befbac1f2dfe,6231,20,-66.0,-85.0,-69.0,-78.0,-56.0,,,2.8316268016832526,-1.4451132328385692,0.3121352629305191,-1.5420881160341149,-0.8920473631332525,,,0.1720210815935406,0.3081138896844994,0.0866069640452719,0.195100418429574,0.1781165911510393,,,,,,-3.54,6.84,1.96,"['[40.0', 35.0, -18.0, -48.0, -13.0, 39.0, 38.0, -14.0, 24.0, -42.0, 36.0, 41.0, 49.0, -120.0, 69.0, 6.0, -1.0, -46.0, 42.0, 21.0, 5.0, -116.0, 62.0, -81.0, -1.0, -45.0, 27.0, 14.0, -26.0, -100.0, 30.0, -59.0, -67.0, -83.0, 5.0, 42.0, -20.0, -64.0, -41.0, 15.0, -13.0, 24.0, -38.0, 37.0, 40.0, 50.0, -120.0, 70.0, 9.0, -3.0, -46.0, 42.0, 21.0, 5.0, -117.0, 62.0, -80.0, 0.0, -45.0, 28.0, 14.0, -26.0, -100.0, 31.0, -59.0, -67.0, -83.0, 5.0, 41.0, -18.0, -64.0, -41.0, 16.0, -13.0, 22.0, -37.0, 36.0, 41.0, 51.0, -120.0, 70.0, ' 8.0]']","['[23.0', -31.0, -43.0, 1.0, 46.0, 26.0, -28.0, -43.0, 61.0, -72.0, -13.0, 10.0, -3.0, -14.0, 0.0, -83.0, 29.0, 6.0, 0.0, -6.0, 3.0, 29.0, -6.0, -42.0, -10.0, -9.0, -9.0, -10.0, 1.0, 41.0, -27.0, 19.0, 18.0, 38.0, -12.0, -17.0, 57.0, 92.0, -4.0, 6.0, -44.0, 63.0, -74.0, -12.0, 12.0, -3.0, -12.0, 0.0, -83.0, 30.0, 5.0, 0.0, -6.0, 3.0, 25.0, -5.0, -42.0, -10.0, -10.0, -8.0, -9.0, 2.0, 41.0, -27.0, 19.0, 20.0, 39.0, -11.0, -17.0, 56.0, 92.0, -4.0, 7.0, -44.0, 64.0, -75.0, -13.0, 12.0, -2.0, -17.0, 0.0, ' -84.0]']","['[-11.0', 6.0, ' 13.0', -3.0, -12.0, -1.0, 12.0, 4.0, 8.0, 73.0, -10.0, 43.0, 9.0, -35.0, -22.0, -58.0, -14.0, 39.0, -17.0, 3.0, 34.0, 31.0, 65.0, 18.0, 27.0, 44.0, 45.0, -2.0, 79.0, 6.0, 56.0, 0.0, 26.0, 55.0, 73.0, -3.0, 119.0, -1.0, 59.0, -50.0, 3.0, 11.0, 47.0, -28.0, 44.0, -12.0, -43.0, -33.0, -64.0, -16.0, 28.0, -21.0, 2.0, 26.0, 28.0, 54.0, 26.0, 21.0, 41.0, 34.0, -2.0, 72.0, 0.0, 59.0, -3.0, 38.0, 63.0, 66.0, -5.0, 107.0, 1.0, 71.0, -39.0, 0.0, 13.0, 28.0, -46.0, 41.0, -33.0, -48.0, -40.0, ' -66.0]']","['[8.0', ' 13.0', ' -3.0', -13.0, 1.0, 12.0, 2.0, -10.0, 18.0, -91.0, -81.0, 7.0, -96.0, -30.0, -45.0, -30.0, -9.0, -47.0, -26.0, 0.0, -29.0, -5.0, -27.0, 38.0, -16.0, -10.0, -51.0, -5.0, -36.0, -17.0, 22.0, -17.0, 56.0, 41.0, -39.0, -4.0, -32.0, 14.0, 56.0, 29.0, -12.0, 16.0, -108.0, -78.0, -1.0, -97.0, -19.0, -38.0, -18.0, -4.0, -58.0, -21.0, 1.0, -38.0, -14.0, -43.0, 34.0, -20.0, -21.0, -58.0, -6.0, -57.0, -17.0, 7.0, -16.0, 49.0, 25.0, -55.0, -3.0, -61.0, 15.0, 42.0, 37.0, -14.0, 13.0, -114.0, -70.0, -11.0, -91.0, -10.0, -29.0, ' -1.0]']","['[-19.0', ' -32.0', ' 2.0', 34.0, 14.0, -26.0, -28.0, 7.0, -26.0, -58.0, -72.0, -15.0, -60.0, -17.0, -42.0, 20.0, 0.0, -18.0, -4.0, 14.0, 19.0, 59.0, -7.0, 117.0, 8.0, 27.0, -6.0, 96.0, 1.0, 51.0, -21.0, 19.0, 53.0, 13.0, -2.0, -12.0, -19.0, -2.0, -26.0, -48.0, -32.0, 18.0, 89.0, 64.0, -2.0, 39.0, -36.0, 58.0, -39.0, -36.0, -23.0, -12.0, -46.0, -22.0, -47.0, -9.0, -57.0, -16.0, -25.0, 4.0, -50.0, 16.0, -6.0, 27.0, 80.0, -18.0, 33.0, 12.0, 88.0, 45.0, 86.0, 29.0, 90.0, 30.0, 3.0, -53.0, -7.0, 18.0, 11.0, 61.0, -31.0, ' 25.0]']","['[-29.0', ' 12.0', ' 35.0', 6.0, -31.0, -23.0, 18.0, 33.0, -2.0, -68.0, -27.0, 15.0, -2.0, 58.0, -41.0, 33.0, 45.0, 44.0, 19.0, 48.0, 14.0, 12.0, 18.0, -21.0, 15.0, 10.0, 0.0, -11.0, -22.0, -30.0, -18.0, -115.0, -18.0, -54.0, -15.0, -106.0, -43.0, -106.0, -17.0, -80.0, -14.0, -18.0, -3.0, -42.0, -20.0, -45.0, -49.0, -6.0, -4.0, -28.0, -41.0, -15.0, -20.0, 6.0, 39.0, -17.0, 103.0, -2.0, 16.0, -5.0, 81.0, 14.0, 59.0, -5.0, 84.0, 53.0, 46.0, 6.0, 61.0, 9.0, 63.0, -9.0, 12.0, -18.0, 26.0, 73.0, 77.0, 10.0, 59.0, 3.0, 49.0, ' -29.0]']","['[11.0', ' -7.0', -17.0, -4.0, 13.0, 15.0, -3.0, -14.0, 0.0, -18.0, 36.0, 20.0, -1.0, -29.0, -53.0, 5.0, -5.0, 61.0, -19.0, 74.0, 31.0, 37.0, 34.0, 13.0, 21.0, 2.0, 20.0, 46.0, -29.0, 39.0, 25.0, 7.0, -74.0, -114.0, 44.0, -32.0, 22.0, -30.0, -1.0, -20.0, 13.0, 72.0, -32.0, -22.0, -69.0, 1.0, -3.0, 22.0, 17.0, 8.0, -35.0, 35.0, -55.0, 11.0, -42.0, -62.0, -6.0, 1.0, 96.0, -39.0, 10.0, 20.0, 8.0, -22.0, 6.0, 34.0, 82.0, 0.0, 64.0, -59.0, 59.0, -7.0, 12.0, -3.0, -89.0, 60.0, -10.0, 63.0, 0.0, 34.0, 22.0, ' -28.0]']","['[-12.0', -15.0, 1.0, 15.0, 11.0, -8.0, -17.0, -4.0, -90.0, 57.0, 0.0, 69.0, 0.0, 27.0, 8.0, -27.0, -6.0, -5.0, -29.0, 8.0, -42.0, 23.0, 51.0, -1.0, -18.0, -121.0, 34.0, -49.0, -2.0, -42.0, 9.0, -16.0, 12.0, -14.0, -34.0, -56.0, 56.0, -51.0, 9.0, 0.0, -7.0, 55.0, -51.0, 30.0, -25.0, 0.0, -41.0, -47.0, 23.0, 0.0, 51.0, 2.0, 52.0, 52.0, 14.0, -5.0, 12.0, 29.0, 75.0, -5.0, 68.0, -22.0, 58.0, 14.0, 16.0, -66.0, -81.0, 55.0, 7.0, -15.0, 8.0, -5.0, -15.0, 14.0, 20.0, 3.0, -36.0, -37.0, 0.0, 23.0, 47.0, ' 1.0]']",,,,,,
1740060559.729177,ble-pd-B43A31EF7B26,0a50b613-f71e-ad1a-5652-bc742fd74124,6232,19,-67.0,-86.0,-69.0,-73.0,-55.0,-56.0,-62.0,2.767311461357839,-1.50701335237139,0.3077578250467558,-1.5153071017961692,-0.9070090630821602,-2.381651683450244,-2.1566189776229194,0.1624716184252753,0.4283997547966451,0.0759852289983567,0.1595246142972641,0.1636090385840793,0.3678778512820403,0.7637554140668846,-3.308634042739868,7.032421588897705,1.6507259607315063,-3.54,6.84,1.96,"['[30.0', 39.0, -3.0, -41.0, -24.0, 26.0, 41.0, 2.0, 47.0, -67.0, 11.0, 52.0, 23.0, -120.0, 79.0, -16.0, 4.0, -36.0, 22.0, 35.0, -1.0, -113.0, 50.0, -89.0, -1.0, -66.0, 2.0, 32.0, -17.0, -92.0, 3.0, -50.0, -28.0, -98.0, -29.0, 38.0, 10.0, -57.0, -62.0, 19.0, 3.0, 45.0, -63.0, 11.0, 52.0, 24.0, -120.0, 80.0, -13.0, 3.0, -36.0, 23.0, 36.0, 0.0, -117.0, 51.0, -89.0, 0.0, -65.0, 2.0, 32.0, -19.0, -92.0, 4.0, -49.0, -29.0, -98.0, -29.0, 40.0, 6.0, -63.0, -63.0, 17.0, 3.0, 47.0, -63.0, 11.0, 51.0, 25.0, -121.0, 80.0, ' -14.0]']","['[32.0', -17.0, -44.0, -10.0, 36.0, 34.0, -12.0, -41.0, 49.0, -90.0, 3.0, 15.0, -26.0, 18.0, -6.0, -66.0, 24.0, -9.0, 0.0, 11.0, 1.0, 51.0, -8.0, -4.0, -2.0, -33.0, -13.0, -16.0, 14.0, 47.0, -17.0, 45.0, 36.0, 47.0, 0.0, -37.0, 53.0, 94.0, 27.0, 3.0, -41.0, 50.0, -93.0, 2.0, 15.0, -26.0, 13.0, -1.0, -67.0, 25.0, -9.0, 0.0, 11.0, 1.0, 42.0, -7.0, -6.0, 0.0, -36.0, -13.0, -15.0, 13.0, 46.0, -16.0, 45.0, 35.0, 48.0, 0.0, -36.0, 53.0, 91.0, 26.0, 4.0, -41.0, 50.0, -93.0, 3.0, 19.0, -25.0, 9.0, 0.0, ' -68.0]']","['[9.0', -1.0, ' -9.0', 0.0, 10.0, 3.0, -9.0, -5.0, 0.0, -92.0, -51.0, -29.0, -61.0, 0.0, -7.0, 22.0, 1.0, -55.0, -8.0, 0.0, -56.0, -17.0, -64.0, -4.0, -31.0, -34.0, -61.0, -3.0, -65.0, -10.0, -17.0, 1.0, 23.0, -17.0, -64.0, 6.0, -99.0, 15.0, -13.0, 61.0, -6.0, 0.0, -92.0, -37.0, -34.0, -48.0, 4.0, 0.0, 33.0, 0.0, -50.0, -2.0, -5.0, -55.0, -22.0, -67.0, -11.0, -31.0, -34.0, -61.0, 0.0, -72.0, -9.0, -26.0, 0.0, 12.0, -31.0, -70.0, 7.0, -110.0, 14.0, -25.0, 61.0, -1.0, -3.0, -85.0, -24.0, -38.0, -34.0, 10.0, 12.0, ' 40.0]']","['[-3.0', ' -10.0', ' 1.0', 10.0, 2.0, -9.0, -5.0, 8.0, -6.0, 0.0, 60.0, -28.0, 60.0, 26.0, 40.0, 51.0, 1.0, 13.0, 24.0, -11.0, -11.0, -17.0, -32.0, -32.0, -8.0, -15.0, -2.0, 2.0, -30.0, -5.0, -35.0, -12.0, -53.0, -63.0, -24.0, 2.0, -61.0, -5.0, -84.0, 12.0, 10.0, -4.0, 16.0, 72.0, -20.0, 74.0, 28.0, 42.0, 46.0, 0.0, 24.0, 22.0, -9.0, -1.0, -12.0, -19.0, -29.0, 0.0, -11.0, 13.0, 0.0, -15.0, -3.0, -34.0, -17.0, -58.0, -60.0, -12.0, 1.0, -36.0, -12.0, -77.0, -3.0, 6.0, -3.0, 33.0, 76.0, -15.0, 81.0, 23.0, 39.0, ' 39.0]']","['[-32.0', ' -21.0', ' 21.0', 31.0, -3.0, -32.0, -15.0, 24.0, -9.0, -78.0, -59.0, -9.0, -46.0, 10.0, -49.0, 24.0, 20.0, 7.0, 2.0, 34.0, 16.0, 64.0, -1.0, 103.0, 4.0, 40.0, -4.0, 73.0, -15.0, 37.0, -26.0, -41.0, 38.0, -17.0, -4.0, -72.0, -25.0, -61.0, -33.0, -75.0, -34.0, 6.0, 71.0, 42.0, -14.0, 24.0, -61.0, 51.0, -49.0, -44.0, -48.0, -17.0, -45.0, -14.0, -29.0, -11.0, -13.0, 1.0, -20.0, 1.0, -5.0, 25.0, 20.0, 21.0, 104.0, -10.0, 51.0, 13.0, 108.0, 26.0, 112.0, 20.0, 75.0, 18.0, 0.0, -7.0, 7.0, 27.0, 18.0, 65.0, -18.0, ' 36.0]']","['[-14.0', ' 27.0', ' 27.0', -13.0, -34.0, -5.0, 30.0, 24.0, -1.0, -24.0, -6.0, 26.0, 7.0, 69.0, -27.0, 44.0, 40.0, 55.0, 20.0, 29.0, 4.0, -16.0, 16.0, -66.0, -4.0, -6.0, 1.0, -52.0, -18.0, -54.0, -4.0, -100.0, -17.0, -50.0, -13.0, -80.0, -14.0, -95.0, 0.0, -35.0, 6.0, -5.0, -42.0, -41.0, -22.0, -41.0, -35.0, -21.0, -9.0, -10.0, -29.0, -11.0, 7.0, 9.0, 60.0, -11.0, 121.0, 6.0, 35.0, -4.0, 90.0, 0.0, 61.0, -18.0, 29.0, 41.0, 17.0, 4.0, -4.0, -10.0, 12.0, -27.0, -34.0, -31.0, 9.0, 83.0, 58.0, 4.0, 43.0, -25.0, 53.0, ' -32.0]']","['[14.0', ' -24.0', -31.0, 2.0, 32.0, 22.0, -17.0, -36.0, -73.0, 79.0, -20.0, 75.0, -15.0, 43.0, 6.0, 0.0, 6.0, 24.0, -6.0, 37.0, -36.0, 45.0, 31.0, 6.0, -43.0, -117.0, 24.0, -35.0, 17.0, -26.0, 6.0, -33.0, 10.0, -32.0, -62.0, -70.0, 27.0, -52.0, 23.0, -19.0, 22.0, 36.0, -74.0, 39.0, -45.0, 17.0, -64.0, -25.0, 0.0, 7.0, 34.0, -9.0, 27.0, 33.0, -7.0, 9.0, 12.0, 54.0, 95.0, 19.0, 75.0, -27.0, 48.0, 3.0, 29.0, -79.0, -60.0, 37.0, 35.0, 8.0, 12.0, -18.0, -5.0, 7.0, 29.0, 12.0, -31.0, -15.0, -8.0, 40.0, 23.0, ' 0.0]']","['[-32.0', -24.0, 14.0, 35.0, 10.0, -26.0, -30.0, 0.0, 13.0, 31.0, -34.0, -2.0, -13.0, 47.0, 25.0, 0.0, -15.0, -65.0, 16.0, -66.0, -11.0, -27.0, -40.0, -22.0, -31.0, -27.0, -46.0, -69.0, 21.0, -40.0, -9.0, -11.0, 95.0, 102.0, 2.0, 15.0, -34.0, 25.0, 7.0, 20.0, -29.0, -65.0, 42.0, 7.0, 59.0, -3.0, 2.0, -11.0, 1.0, 16.0, 61.0, -17.0, 71.0, -21.0, 52.0, 50.0, 18.0, -12.0, -73.0, 48.0, 17.0, 0.0, 1.0, 9.0, -18.0, -51.0, -90.0, -51.0, -62.0, 44.0, -58.0, 13.0, -29.0, 34.0, 71.0, -85.0, 27.0, -76.0, 16.0, -51.0, -12.0, ' 0.0]']",,,,,,
1740060560.726781,ble-pd-B43A31EF7B26,2121deaa-ca5b-813b-bbdc-f5fbcb16fd00,6233,36,-70.0,-75.0,-79.0,-65.0,-54.0,-50.0,-60.0,2.7738202270619925,-1.5642058020452771,0.3274734729127214,-1.6090102915925528,-0.8375723119063214,-2.388411596444874,-1.8907879923157065,0.2668742409933771,0.3862060952240292,0.0938636868639527,0.1623213994950381,0.1774438754726651,0.2866277682421222,0.7691972389423036,-3.3262932300567627,7.049673080444336,1.694538712501526,-3.54,6.84,1.96,"['[0.0', -45.0, -32.0, 24.0, 48.0, 8.0, -43.0, -36.0, 114.0, -23.0, 11.0, -55.0, 23.0, -22.0, -9.0, -52.0, 66.0, 20.0, 44.0, -105.0, 22.0, -41.0, 16.0, -86.0, 35.0, 58.0, 0.0, -81.0, -2.0, -56.0, 32.0, -52.0, -4.0, 60.0, -10.0, -27.0, 9.0, 2.0, 17.0, -19.0, -43.0, 111.0, -27.0, 15.0, -39.0, 27.0, -30.0, 12.0, -55.0, 67.0, 0.0, 45.0, -102.0, 20.0, -52.0, 25.0, -97.0, 44.0, 37.0, 0.0, -92.0, 1.0, -70.0, 42.0, -64.0, -9.0, 38.0, -26.0, -33.0, 2.0, -21.0, 8.0, -14.0, -46.0, 96.0, -29.0, 18.0, -24.0, 32.0, -38.0, 37.0, ' -57.0]']","['[-48.0', -18.0, 37.0, 42.0, -7.0, -46.0, -23.0, 33.0, 10.0, 17.0, -17.0, -46.0, -27.0, 44.0, -97.0, 17.0, -23.0, 80.0, -6.0, -4.0, 9.0, 49.0, -37.0, 60.0, -41.0, 80.0, 0.0, 57.0, -20.0, 78.0, -38.0, 64.0, 16.0, 85.0, 61.0, 28.0, 26.0, 100.0, 32.0, -20.0, 25.0, 35.0, 11.0, -14.0, -59.0, -22.0, 39.0, -98.0, 3.0, -6.0, 84.0, 5.0, -30.0, 13.0, 39.0, -32.0, 40.0, -31.0, 94.0, -1.0, 39.0, -20.0, 64.0, -29.0, 50.0, 13.0, 98.0, 58.0, 19.0, 28.0, 98.0, 35.0, -25.0, 12.0, 63.0, 3.0, -9.0, -66.0, -15.0, 29.0, -91.0, ' -10.0]']","['[10.0', -27.0, ' -19.0', 22.0, 25.0, -14.0, -29.0, 3.0, -11.0, 31.0, 15.0, -14.0, 63.0, -24.0, 43.0, -6.0, -15.0, 55.0, 19.0, 1.0, 55.0, -13.0, 52.0, -26.0, -11.0, 12.0, 26.0, -14.0, 43.0, 6.0, 10.0, -18.0, -32.0, -12.0, 46.0, 4.0, 85.0, 12.0, -22.0, -13.0, 9.0, -6.0, 25.0, 13.0, -11.0, 58.0, -22.0, 43.0, -6.0, -15.0, 49.0, 13.0, -1.0, 52.0, -15.0, 55.0, -24.0, -10.0, 16.0, 26.0, -14.0, 50.0, 2.0, 18.0, -20.0, -27.0, -10.0, 49.0, 0.0, 99.0, 9.0, -10.0, -20.0, 12.0, 1.0, 16.0, 12.0, -7.0, 54.0, -22.0, 42.0, ' -6.0]']","['[-29.0', ' -15.0', ' 26.0', 22.0, -18.0, -27.0, 11.0, 30.0, 43.0, -37.0, -12.0, 16.0, -18.0, 3.0, 3.0, 2.0, -3.0, -35.0, -33.0, -13.0, -10.0, -14.0, 8.0, 22.0, 3.0, 29.0, 9.0, -16.0, 44.0, -30.0, 66.0, -15.0, 34.0, 10.0, 19.0, -21.0, 78.0, -7.0, 84.0, -36.0, 28.0, 43.0, -39.0, -16.0, 18.0, -27.0, 9.0, -4.0, 2.0, 0.0, -43.0, -35.0, -13.0, -20.0, -12.0, 1.0, 25.0, 5.0, 28.0, 5.0, -15.0, 35.0, -30.0, 65.0, -13.0, 37.0, 11.0, 14.0, -20.0, 66.0, -9.0, 87.0, -33.0, 27.0, 45.0, -42.0, -17.0, 19.0, -36.0, 11.0, -10.0, ' 5.0]']","['[-20.0', ' -4.0', ' 18.0', 13.0, -8.0, -18.0, 0.0, 19.0, 18.0, -62.0, -32.0, -44.0, -60.0, -7.0, -42.0, 53.0, 0.0, -34.0, -3.0, 31.0, -26.0, 20.0, 13.0, 78.0, -40.0, -25.0, 4.0, 7.0, 14.0, 35.0, 0.0, 62.0, 59.0, 85.0, 0.0, 53.0, -13.0, 30.0, -62.0, -83.0, -21.0, 26.0, 57.0, 38.0, 24.0, 63.0, 0.0, 19.0, -86.0, 11.0, 19.0, -13.0, -32.0, 11.0, -32.0, -16.0, -44.0, 29.0, -30.0, 10.0, -15.0, 5.0, -13.0, 24.0, 17.0, -84.0, -77.0, -4.0, -16.0, 4.0, 0.0, 76.0, 104.0, 9.0, -59.0, -25.0, -25.0, 4.0, -34.0, 9.0, 13.0, ' 74.0]']","['[1.0', ' 18.0', ' 9.0', -14.0, -19.0, 4.0, 19.0, 6.0, -58.0, -21.0, -19.0, 10.0, -28.0, 11.0, 16.0, 70.0, -14.0, 10.0, 24.0, 14.0, 14.0, 24.0, 10.0, -20.0, -3.0, 74.0, -23.0, 11.0, -23.0, -18.0, -36.0, -96.0, 58.0, 18.0, 7.0, -29.0, 5.0, -33.0, -45.0, -64.0, 8.0, 56.0, -31.0, -7.0, -37.0, -19.0, -13.0, -42.0, -14.0, 8.0, -31.0, -20.0, 9.0, -28.0, -5.0, 0.0, 66.0, -24.0, -72.0, 21.0, -3.0, 27.0, 37.0, 25.0, 114.0, -7.0, 44.0, -3.0, 59.0, -14.0, 44.0, -8.0, -8.0, -22.0, -23.0, 60.0, 30.0, 45.0, 58.0, 8.0, 44.0, ' -46.0]']","['[-64.0', ' 25.0', 85.0, 34.0, -60.0, -77.0, 5.0, 79.0, -19.0, -54.0, 58.0, -58.0, 42.0, -28.0, -51.0, -62.0, -48.0, 31.0, -63.0, -20.0, 1.0, 1.0, 37.0, -16.0, 4.0, 58.0, 9.0, 45.0, -56.0, 22.0, 0.0, 12.0, -13.0, 8.0, 92.0, 10.0, 112.0, 22.0, 6.0, -29.0, -80.0, 38.0, 11.0, -34.0, 60.0, -69.0, 33.0, 28.0, 95.0, 25.0, -49.0, 73.0, 4.0, 31.0, -18.0, -53.0, -8.0, -7.0, -43.0, -42.0, -46.0, 29.0, -35.0, 19.0, -25.0, 12.0, -5.0, -34.0, 10.0, -116.0, -19.0, -31.0, 22.0, 54.0, -42.0, 38.0, -6.0, -36.0, 68.0, -25.0, 6.0, ' -88.0]']","['[55.0', 81.0, 2.0, -77.0, -60.0, 34.0, 85.0, 30.0, -37.0, 52.0, -27.0, -17.0, 58.0, -17.0, 22.0, -74.0, 22.0, 39.0, -34.0, 20.0, -54.0, 27.0, 37.0, 33.0, 2.0, -6.0, 61.0, 17.0, 27.0, 29.0, -32.0, 24.0, -2.0, -2.0, -67.0, -28.0, 39.0, 2.0, 42.0, 2.0, 25.0, 19.0, -76.0, 56.0, -19.0, -22.0, -4.0, -50.0, 19.0, -47.0, -16.0, -7.0, -29.0, 45.0, -21.0, -6.0, -35.0, 0.0, 39.0, -45.0, 11.0, -55.0, -9.0, 25.0, -11.0, -5.0, 5.0, 109.0, 29.0, 32.0, 12.0, -28.0, -19.0, -67.0, 6.0, 68.0, -65.0, 51.0, -21.0, 22.0, 57.0, ' 38.0]']",,,,,,
1740060561.726963,ble-pd-B43A31EF7B26,84a3045e-69ca-5c6a-6196-edd65055ea18,6234,30,-67.0,-85.0,-78.0,-63.0,-55.0,-49.0,-57.0,2.853228233917104,-1.5085554558006002,0.2089681307263755,-1.6024167042076802,-0.8201610770664861,3.068199316659628,-2.4097742622284586,0.2174417101037624,0.4332728402487857,0.1289970650377948,0.0955351034088433,0.1807737980702791,0.3133678790048642,0.7253721465382565,-3.33840274810791,7.08215618133545,1.7440379858016968,-3.54,6.84,1.96,"['[13.0', 51.0, 22.0, -37.0, -46.0, 6.0, 50.0, 26.0, -61.0, 29.0, 34.0, 44.0, -8.0, -14.0, 62.0, 4.0, -23.0, -71.0, -12.0, 45.0, -1.0, -41.0, 15.0, 6.0, 15.0, -102.0, -15.0, 15.0, 11.0, -55.0, 31.0, -3.0, -1.0, -121.0, -9.0, -2.0, -29.0, -93.0, 8.0, 15.0, 30.0, -67.0, 37.0, 27.0, 42.0, -14.0, -7.0, 56.0, 4.0, -28.0, -61.0, -18.0, 49.0, -2.0, -29.0, 6.0, 11.0, 9.0, -99.0, -19.0, 22.0, 13.0, -45.0, 24.0, 5.0, 0.0, -121.0, -8.0, 0.0, -25.0, -88.0, 9.0, 19.0, 35.0, -71.0, 45.0, 17.0, 41.0, -19.0, 1.0, 45.0, ' 4.0]']","['[50.0', 4.0, -47.0, -35.0, 23.0, 50.0, 9.0, -43.0, 41.0, -66.0, 53.0, 3.0, 41.0, -58.0, 69.0, 5.0, 40.0, -65.0, 45.0, -29.0, 7.0, -71.0, 63.0, -44.0, 39.0, -23.0, 25.0, -48.0, -23.0, -75.0, 57.0, -59.0, -8.0, 2.0, -1.0, -22.0, -18.0, -47.0, -14.0, -28.0, -40.0, 32.0, -61.0, 57.0, 11.0, 39.0, -59.0, 75.0, 6.0, 36.0, -75.0, 43.0, -22.0, 7.0, -76.0, 64.0, -42.0, 41.0, -35.0, 23.0, -45.0, -22.0, -81.0, 61.0, -60.0, -8.0, -16.0, -3.0, -23.0, -22.0, -57.0, -12.0, -26.0, -36.0, 22.0, -55.0, 62.0, 17.0, 38.0, -60.0, 82.0, ' 5.0]']","['[8.0', 0.0, ' -8.0', -1.0, 8.0, 3.0, -5.0, -6.0, -17.0, -11.0, 9.0, -16.0, 24.0, -9.0, 36.0, -4.0, 0.0, -2.0, 16.0, 0.0, 5.0, 1.0, -12.0, -7.0, -31.0, -29.0, -9.0, -18.0, -24.0, 6.0, -58.0, 2.0, -7.0, -21.0, 1.0, 25.0, -76.0, 5.0, -90.0, 0.0, -4.0, -16.0, -4.0, 18.0, -16.0, 33.0, -11.0, 43.0, -4.0, -1.0, 2.0, 15.0, 2.0, 8.0, -2.0, -2.0, -10.0, -31.0, -29.0, -6.0, -21.0, -9.0, 7.0, -52.0, 0.0, -14.0, -27.0, 12.0, 16.0, -59.0, 4.0, -94.0, -2.0, -5.0, -14.0, 2.0, 27.0, -16.0, 43.0, -11.0, 48.0, ' -2.0]']","['[0.0', ' -8.0', ' -1.0', 8.0, 3.0, -7.0, -4.0, 3.0, 7.0, 31.0, 42.0, -1.0, 51.0, -4.0, 36.0, 4.0, -3.0, 27.0, 0.0, 8.0, 14.0, -6.0, 32.0, -15.0, -6.0, 0.0, 14.0, -18.0, 57.0, 0.0, 27.0, -3.0, -37.0, -26.0, 52.0, -28.0, 90.0, -5.0, -26.0, -12.0, 6.0, 9.0, 33.0, 38.0, 2.0, 45.0, -2.0, 29.0, 4.0, -3.0, 28.0, -3.0, 8.0, 13.0, -6.0, 34.0, -14.0, -1.0, 6.0, 16.0, -13.0, 60.0, -2.0, 39.0, -4.0, -34.0, -20.0, 51.0, -31.0, 103.0, -5.0, -9.0, -11.0, 8.0, 13.0, 34.0, 34.0, 5.0, 36.0, 0.0, 19.0, ' 5.0]']","['[-12.0', ' -13.0', ' 6.0', 15.0, 4.0, -13.0, -11.0, 8.0, 12.0, -30.0, -20.0, 9.0, -5.0, 39.0, -50.0, 43.0, -13.0, 60.0, -3.0, 32.0, 12.0, 56.0, -26.0, 11.0, 1.0, 65.0, -24.0, 52.0, -22.0, -38.0, -17.0, -115.0, -27.0, -68.0, -17.0, -96.0, -26.0, -53.0, 18.0, -18.0, -15.0, -2.0, -1.0, 26.0, -32.0, 4.0, -56.0, 51.0, -4.0, 14.0, -77.0, 17.0, -26.0, -12.0, 10.0, 0.0, 59.0, -19.0, 3.0, 13.0, 14.0, 17.0, 61.0, -5.0, 99.0, 67.0, 108.0, 13.0, 117.0, 11.0, 56.0, -49.0, -30.0, 11.0, -7.0, 29.0, -18.0, 33.0, 0.0, 38.0, -20.0, ' -38.0]']","['[-9.0', ' 9.0', ' 14.0', -1.0, -15.0, -7.0, 12.0, 14.0, -8.0, 27.0, -17.0, 32.0, 0.0, 40.0, -22.0, -35.0, -7.0, 48.0, -19.0, 7.0, 5.0, -66.0, 26.0, -94.0, 27.0, -66.0, 4.0, -68.0, -1.0, -46.0, 23.0, -24.0, -70.0, -86.0, -1.0, -71.0, 8.0, -28.0, 50.0, 57.0, -3.0, 14.0, -41.0, 0.0, -15.0, -3.0, 0.0, -22.0, 56.0, -4.0, 11.0, 8.0, 19.0, 4.0, 86.0, -36.0, 74.0, -18.0, 93.0, -20.0, 85.0, -15.0, 6.0, -29.0, -65.0, 29.0, 10.0, -11.0, -19.0, -24.0, -17.0, -24.0, -53.0, -10.0, -11.0, 27.0, 20.0, -11.0, 5.0, -43.0, 52.0, ' -40.0]']","['[-80.0', ' -51.0', 43.0, 83.0, 17.0, -71.0, -68.0, 18.0, 24.0, -43.0, 43.0, -20.0, -18.0, 28.0, -64.0, -27.0, -70.0, -15.0, 11.0, -42.0, 74.0, 4.0, 9.0, -12.0, 15.0, 38.0, -41.0, 0.0, -39.0, -14.0, 15.0, 39.0, 27.0, 13.0, 118.0, 42.0, 20.0, 32.0, -87.0, -1.0, -70.0, 12.0, 46.0, -56.0, 53.0, -32.0, 5.0, 63.0, 51.0, 68.0, -13.0, 43.0, 37.0, -44.0, 12.0, -43.0, -29.0, -30.0, -62.0, 0.0, -35.0, 50.0, 4.0, 24.0, -35.0, 47.0, -2.0, -96.0, -22.0, -68.0, -36.0, 38.0, 13.0, 81.0, -42.0, -22.0, 37.0, -55.0, 67.0, -35.0, -26.0, ' -43.0]']","['[-23.0', 66.0, 72.0, -14.0, -82.0, -45.0, 49.0, 81.0, -43.0, -19.0, 33.0, -54.0, 70.0, -36.0, -23.0, -46.0, -25.0, 37.0, -72.0, -9.0, -14.0, -22.0, 52.0, 55.0, 29.0, 49.0, 40.0, 47.0, -32.0, 8.0, -50.0, 9.0, -100.0, -11.0, 19.0, -10.0, 76.0, 19.0, 40.0, -17.0, -44.0, 49.0, -17.0, 4.0, 22.0, -65.0, 46.0, -27.0, 14.0, -30.0, -37.0, 59.0, -22.0, 59.0, 20.0, -31.0, -49.0, -10.0, -10.0, -58.0, -32.0, -6.0, -16.0, 47.0, 20.0, 92.0, 18.0, 71.0, 37.0, -39.0, 6.0, -89.0, 10.0, -16.0, -28.0, 44.0, -40.0, 18.0, 25.0, -30.0, 63.0, ' 22.0]']",,,,,,
1740060562.729747,ble-pd-B43A31EF7B26,1af410f0-eca6-bdcd-e0a2-da0a3ddd59e9,6235,8,-63.0,-90.0,-71.0,-61.0,-49.0,-57.0,-61.0,2.8970904970707085,-1.5012533344077117,0.3313353228094454,-1.5814473732585594,-0.7821305023582558,-1.4887627763698017,-2.159225636901492,0.1767465114079932,0.5048674986502538,0.1435954488691732,0.191525624008847,0.319473320677857,1.1679378945899432,0.7860707428652766,-3.35007119178772,7.1073956489563,1.7835248708724976,-3.54,6.84,1.96,"['[-50.0', -16.0, 38.0, 41.0, -12.0, -50.0, -19.0, 34.0, -6.0, 121.0, -22.0, -35.0, 31.0, 44.0, -36.0, 2.0, -11.0, 73.0, -9.0, -44.0, 13.0, 4.0, -27.0, -15.0, -15.0, 73.0, -28.0, 16.0, -24.0, 8.0, -29.0, -20.0, 18.0, 4.0, 15.0, -4.0, -46.0, -22.0, -30.0, -9.0, 40.0, 0.0, 115.0, -21.0, -27.0, 34.0, 35.0, -25.0, 2.0, -15.0, 66.0, -7.0, -33.0, 13.0, -8.0, -20.0, -20.0, -13.0, 60.0, -23.0, 24.0, -27.0, -4.0, -28.0, -24.0, 10.0, -15.0, 23.0, -3.0, -43.0, -38.0, -32.0, -7.0, 43.0, 5.0, 107.0, -18.0, -19.0, 35.0, 22.0, -16.0, ' 2.0]']","['[0.0', 47.0, 31.0, -28.0, -48.0, -3.0, 46.0, 35.0, 32.0, -19.0, 6.0, 38.0, 17.0, -52.0, 48.0, 0.0, -25.0, -34.0, 11.0, 55.0, -3.0, -79.0, 34.0, -32.0, 7.0, -65.0, 20.0, 39.0, -21.0, -68.0, 3.0, -21.0, -37.0, -99.0, 45.0, 2.0, 13.0, -83.0, -15.0, 11.0, 27.0, 33.0, -43.0, 11.0, 43.0, 10.0, -59.0, 53.0, 0.0, -23.0, -46.0, 13.0, 62.0, -5.0, -80.0, 39.0, -29.0, 9.0, -77.0, 25.0, 34.0, -17.0, -68.0, 9.0, -17.0, -39.0, -98.0, 41.0, 3.0, 23.0, -77.0, -9.0, 12.0, 20.0, 33.0, -61.0, 14.0, 47.0, 2.0, -65.0, 58.0, ' -1.0]']","['[2.0', 4.0, ' -1.0', -5.0, 1.0, 5.0, 0.0, -5.0, 41.0, -9.0, 27.0, -2.0, 23.0, 5.0, 26.0, 0.0, -34.0, 19.0, 4.0, 13.0, -8.0, 22.0, -37.0, 5.0, -28.0, -22.0, -6.0, 18.0, -27.0, -13.0, -36.0, -34.0, -28.0, -21.0, -24.0, -16.0, -105.0, -33.0, -79.0, 16.0, -3.0, 47.0, -1.0, 35.0, -4.0, 22.0, 6.0, 27.0, -1.0, -29.0, 30.0, 5.0, 15.0, 2.0, 26.0, -27.0, 4.0, -23.0, -21.0, 5.0, 20.0, -10.0, -8.0, -34.0, -45.0, -37.0, -19.0, -1.0, -12.0, -84.0, -30.0, -90.0, 14.0, -4.0, 47.0, 8.0, 39.0, -6.0, 19.0, 6.0, 28.0, ' -2.0]']","['[3.0', ' -2.0', ' -4.0', 1.0, 4.0, 0.0, -4.0, 0.0, 22.0, 31.0, 28.0, -5.0, -2.0, 1.0, 14.0, -4.0, 9.0, 40.0, 1.0, 12.0, 37.0, 26.0, 34.0, -2.0, 16.0, -2.0, 39.0, 7.0, 54.0, 17.0, 4.0, -42.0, -32.0, 5.0, 71.0, 10.0, 52.0, 5.0, -46.0, -5.0, 1.0, 8.0, 34.0, 19.0, -3.0, -8.0, -1.0, 5.0, -2.0, 19.0, 32.0, -1.0, 7.0, 38.0, 18.0, 43.0, -3.0, 24.0, 4.0, 40.0, 1.0, 59.0, 19.0, 14.0, -30.0, -23.0, 12.0, 75.0, 15.0, 82.0, 15.0, -21.0, -9.0, 0.0, -2.0, 31.0, 7.0, -3.0, -14.0, -3.0, -4.0, ' -2.0]']","['[2.0', ' 26.0', ' 11.0', -21.0, -21.0, 9.0, 27.0, 7.0, 60.0, -17.0, 44.0, -20.0, 50.0, 68.0, -5.0, 71.0, -1.0, 10.0, 13.0, 73.0, 17.0, 49.0, -12.0, 71.0, 5.0, 37.0, -29.0, 17.0, -21.0, -37.0, -10.0, -72.0, -40.0, -49.0, -47.0, -48.0, -57.0, -58.0, -38.0, -92.0, 16.0, -53.0, -4.0, -30.0, -9.0, -48.0, -31.0, 0.0, -87.0, 57.0, -10.0, 61.0, -46.0, 39.0, 18.0, 45.0, 41.0, -14.0, 0.0, 4.0, 57.0, 27.0, 107.0, -13.0, 118.0, 54.0, 74.0, 33.0, 77.0, 28.0, 12.0, 11.0, -12.0, -24.0, -9.0, 21.0, -15.0, 29.0, -2.0, -38.0, 5.0, ' 14.0]']","['[27.0', ' 4.0', ' -23.0', -16.0, 14.0, 25.0, -1.0, -24.0, 28.0, 14.0, 8.0, 22.0, 25.0, -1.0, 2.0, 60.0, -65.0, 5.0, -73.0, 13.0, -53.0, -50.0, -45.0, -91.0, 12.0, -20.0, 10.0, -75.0, -20.0, -101.0, 20.0, -94.0, -40.0, -58.0, -14.0, -61.0, 0.0, 18.0, 8.0, 62.0, 18.0, 40.0, -22.0, 33.0, -28.0, 31.0, 60.0, -5.0, 36.0, 29.0, 7.0, 44.0, 57.0, 41.0, 69.0, 10.0, 107.0, -1.0, 42.0, -31.0, 52.0, -11.0, 13.0, -18.0, -25.0, -16.0, -16.0, -35.0, -12.0, -49.0, -60.0, -38.0, -110.0, 7.0, -66.0, 7.0, -42.0, 4.0, -56.0, -56.0, 4.0, ' -92.0]']","['[47.0', ' -49.0', -83.0, -6.0, 78.0, 61.0, -36.0, -86.0, 62.0, 60.0, -21.0, 2.0, -82.0, 45.0, 27.0, 119.0, -29.0, 57.0, 93.0, 17.0, 57.0, 2.0, -19.0, -34.0, -76.0, 23.0, -77.0, 6.0, 33.0, 15.0, 52.0, -57.0, 59.0, -55.0, -5.0, -15.0, -94.0, 35.0, -54.0, 20.0, 33.0, -78.0, -45.0, -74.0, -29.0, 32.0, -1.0, 31.0, -46.0, 93.0, -44.0, -7.0, 0.0, -86.0, 10.0, -26.0, 67.0, -9.0, 3.0, 95.0, 41.0, 67.0, -26.0, -35.0, 10.0, -35.0, 61.0, -91.0, 60.0, 23.0, 18.0, 61.0, -5.0, 60.0, 3.0, -22.0, 85.0, 22.0, 53.0, -41.0, -53.0, ' -76.0]']","['[-72.0', -69.0, 24.0, 85.0, 36.0, -60.0, -78.0, 4.0, 56.0, 21.0, 94.0, 30.0, 3.0, -17.0, -47.0, -7.0, -90.0, 21.0, -35.0, -6.0, 68.0, -13.0, 39.0, -58.0, 48.0, -14.0, -69.0, -48.0, -88.0, 23.0, 13.0, 14.0, 10.0, -41.0, 104.0, -59.0, 20.0, -36.0, -43.0, -3.0, -79.0, 32.0, 47.0, -61.0, -11.0, -76.0, 48.0, 45.0, 109.0, 14.0, 43.0, 99.0, 19.0, 21.0, 7.0, -34.0, -4.0, -90.0, 26.0, -40.0, 25.0, 67.0, 4.0, 40.0, -57.0, 49.0, -32.0, -51.0, 10.0, -94.0, 48.0, -32.0, 19.0, 60.0, -83.0, -61.0, -46.0, -22.0, 61.0, -24.0, 11.0, ' -89.0]']",,,,,,
1740060563.726055,ble-pd-B43A31EF7B26,0fbf4120-1100-2a33-fbb5-788052ae4822,6236,36,-63.0,-85.0,-76.0,-65.0,,-48.0,-64.0,2.903634949133469,-1.5727003538162487,0.353371382933197,-1.5986806886724625,,-2.337402683969091,-2.19200433946226,0.2240519256006912,0.547869227876627,0.1822581396657507,0.2297985778246482,,0.7440610811815735,0.7119225080657237,-3.3717737197875977,7.135299682617188,1.8169361352920528,-3.54,6.84,1.96,"['[79.0', 2.0, -78.0, -52.0, 44.0, 81.0, 11.0, -76.0, -26.0, -15.0, 48.0, 47.0, 26.0, -23.0, 73.0, 18.0, -37.0, -78.0, 34.0, 11.0, -19.0, -9.0, 24.0, -39.0, -4.0, -48.0, 7.0, -56.0, 5.0, -25.0, 18.0, -32.0, -23.0, -63.0, -15.0, -23.0, -33.0, -46.0, -2.0, 13.0, -62.0, -55.0, -16.0, 45.0, 58.0, 11.0, -23.0, 76.0, 30.0, -48.0, -86.0, 28.0, 40.0, -30.0, -5.0, 25.0, -18.0, -15.0, -68.0, 7.0, -27.0, 1.0, -16.0, 15.0, -23.0, -18.0, -76.0, -15.0, -7.0, -35.0, -47.0, -5.0, 18.0, -51.0, -73.0, -16.0, 35.0, 67.0, -6.0, -20.0, 74.0, ' 39.0]']","['[-27.0', -84.0, -29.0, 65.0, 71.0, -17.0, -83.0, -40.0, 105.0, 4.0, 18.0, -55.0, 62.0, -2.0, -15.0, -55.0, 53.0, 50.0, 15.0, -120.0, 44.0, -10.0, -7.0, -71.0, 37.0, 88.0, 1.0, -98.0, 16.0, -33.0, 11.0, -31.0, -21.0, 55.0, 5.0, -60.0, 16.0, 13.0, 9.0, -26.0, -58.0, 95.0, 1.0, 27.0, -42.0, 67.0, -6.0, 0.0, -50.0, 44.0, 29.0, 24.0, -113.0, 39.0, -13.0, -1.0, -79.0, 35.0, 73.0, 3.0, -111.0, 18.0, -37.0, 15.0, -37.0, -26.0, 36.0, 1.0, -63.0, 6.0, 2.0, 8.0, -22.0, -69.0, 82.0, -1.0, 36.0, -27.0, 67.0, -13.0, 18.0, ' -41.0]']","['[-9.0', 0.0, ' 9.0', 2.0, -7.0, -5.0, 7.0, 6.0, 19.0, -10.0, 8.0, 13.0, -8.0, 10.0, -12.0, 6.0, 1.0, -17.0, -19.0, 1.0, -12.0, 1.0, 11.0, 10.0, 20.0, 21.0, 3.0, 5.0, 32.0, -4.0, 60.0, 2.0, 12.0, 26.0, 10.0, -18.0, 71.0, -6.0, 73.0, -20.0, 6.0, 18.0, -16.0, 2.0, 13.0, -14.0, 14.0, -22.0, 7.0, 1.0, -22.0, -19.0, 0.0, -17.0, 2.0, 7.0, 14.0, 21.0, 17.0, 0.0, 8.0, 24.0, -4.0, 57.0, 8.0, 16.0, 28.0, 2.0, -17.0, 58.0, -7.0, 74.0, -17.0, 6.0, 15.0, -19.0, -1.0, 12.0, -20.0, 17.0, -27.0, ' 11.0]']","['[1.0', ' 8.0', ' 0.0', -9.0, -3.0, 7.0, 5.0, -6.0, -8.0, -27.0, -32.0, -2.0, -49.0, 3.0, -50.0, 5.0, -2.0, -38.0, -3.0, -8.0, -28.0, 5.0, -35.0, 12.0, 17.0, -18.0, -16.0, 14.0, -48.0, 6.0, -10.0, 20.0, 29.0, 9.0, -56.0, 8.0, -95.0, 2.0, 7.0, 23.0, -4.0, -10.0, -27.0, -33.0, -4.0, -49.0, 5.0, -46.0, 6.0, 0.0, -35.0, 1.0, -9.0, -25.0, 4.0, -36.0, 12.0, 14.0, -19.0, -18.0, 13.0, -54.0, 5.0, -18.0, 18.0, 26.0, 5.0, -56.0, 11.0, -103.0, 4.0, -3.0, 27.0, -8.0, -13.0, -24.0, -34.0, -6.0, -47.0, 0.0, -43.0, ' 6.0]']","['[15.0', ' 3.0', ' -13.0', -9.0, 7.0, 14.0, 0.0, -15.0, -41.0, -16.0, 0.0, 16.0, 10.0, 16.0, 34.0, 40.0, -19.0, 21.0, -2.0, 10.0, -3.0, 6.0, -16.0, -30.0, -13.0, 46.0, -50.0, 6.0, -38.0, -41.0, -35.0, -111.0, -8.0, -19.0, -13.0, -20.0, -32.0, -26.0, -27.0, -30.0, 15.0, 25.0, -7.0, -2.0, -19.0, -15.0, -5.0, -16.0, 11.0, 25.0, -35.0, 21.0, -1.0, 19.0, 13.0, 42.0, 65.0, -12.0, -26.0, 32.0, 8.0, 36.0, 48.0, 20.0, 107.0, 32.0, 56.0, 0.0, 31.0, 17.0, 10.0, 6.0, -31.0, -7.0, 3.0, 26.0, 2.0, 12.0, 12.0, -8.0, -10.0, ' -57.0]']","['[0.0', ' -15.0', ' -6.0', 11.0, 12.0, -4.0, -14.0, -5.0, 8.0, 28.0, 3.0, 11.0, 11.0, -11.0, -13.0, -63.0, -14.0, 27.0, -28.0, -9.0, -23.0, -26.0, -45.0, -64.0, 35.0, -12.0, 9.0, -19.0, -9.0, -25.0, 10.0, -36.0, -38.0, -63.0, 15.0, -25.0, 10.0, 14.0, 21.0, 78.0, -4.0, -33.0, -33.0, -1.0, 2.0, -2.0, 20.0, 31.0, 73.0, -3.0, -6.0, 20.0, 14.0, 13.0, 24.0, 23.0, 27.0, -35.0, 39.0, -39.0, 19.0, -18.0, -7.0, -30.0, -48.0, 23.0, 34.0, -20.0, 5.0, -31.0, -28.0, -35.0, -78.0, 12.0, 41.0, 20.0, -1.0, -13.0, -9.0, -18.0, -35.0, ' -44.0]']","['[50.0', ' -48.0', -85.0, -11.0, 77.0, 66.0, -26.0, -87.0, 15.0, 38.0, -56.0, 39.0, -50.0, -2.0, 18.0, 71.0, 37.0, -44.0, 65.0, 34.0, -9.0, 13.0, -52.0, -20.0, -50.0, -69.0, -19.0, -51.0, 33.0, 4.0, 26.0, -15.0, 11.0, 19.0, -50.0, -26.0, -115.0, -40.0, 4.0, 9.0, 72.0, -28.0, -19.0, 28.0, -42.0, 66.0, 5.0, 3.0, -47.0, 3.0, 56.0, -68.0, 1.0, -29.0, -8.0, 41.0, 41.0, 50.0, 46.0, 48.0, 67.0, -5.0, 10.0, -47.0, 5.0, -50.0, -21.0, -15.0, -1.0, 76.0, 31.0, 37.0, 0.0, -29.0, 32.0, -7.0, 9.0, 27.0, -56.0, -5.0, -23.0, ' 3.0]']","['[-73.0', -72.0, 19.0, 88.0, 41.0, -58.0, -83.0, -9.0, 27.0, -18.0, 26.0, 17.0, -42.0, -4.0, -29.0, -14.0, -60.0, -31.0, 25.0, -44.0, 63.0, -2.0, 0.0, -42.0, -14.0, 17.0, -54.0, -43.0, -34.0, -24.0, 43.0, 11.0, 69.0, 7.0, 98.0, 37.0, 29.0, 3.0, -72.0, -15.0, -49.0, -14.0, 38.0, -57.0, 8.0, 3.0, 2.0, 35.0, 56.0, 71.0, 0.0, 16.0, 56.0, -57.0, 8.0, -29.0, 22.0, -17.0, -55.0, 32.0, 5.0, 48.0, 22.0, -21.0, -19.0, -48.0, 3.0, -110.0, -46.0, -92.0, -27.0, 60.0, 18.0, 83.0, -5.0, -41.0, 63.0, -33.0, 37.0, 0.0, -25.0, ' -68.0]']",,,,,,
1740060564.729419,ble-pd-B43A31EF7B26,d89cc89f-c294-1318-abcb-70c94e6754ba,6237,24,-67.0,-79.0,-80.0,-83.0,-54.0,-50.0,-56.0,2.812014218151473,-1.4948440377702727,0.3765672497116782,-1.6354774522960327,-0.8732286097411718,-2.409852649588311,-1.5171074598855834,0.2267397042860969,0.5557276836212328,0.2105896795798543,0.2399360003825758,0.3036114303355136,0.4955644321181184,0.9939003058723316,-3.4100308418273926,7.127774238586426,1.836958765983581,-3.54,6.84,1.96,"['[-4.0', -46.0, -27.0, 28.0, 46.0, -1.0, -45.0, -30.0, 42.0, 6.0, -58.0, -6.0, -16.0, 38.0, -57.0, -71.0, 24.0, 68.0, -20.0, 1.0, 15.0, 70.0, -53.0, -2.0, -13.0, 44.0, -20.0, 0.0, 22.0, 85.0, -47.0, 13.0, 16.0, 99.0, -16.0, -16.0, 49.0, 122.0, 8.0, 3.0, -30.0, 43.0, 3.0, -56.0, -5.0, -12.0, 33.0, -56.0, -73.0, 26.0, 69.0, -18.0, 0.0, 15.0, 66.0, -49.0, -7.0, -12.0, 44.0, -19.0, 0.0, 20.0, 80.0, -45.0, 10.0, 14.0, 101.0, -15.0, -16.0, 49.0, 122.0, 6.0, 3.0, -33.0, 46.0, 0.0, -55.0, -5.0, -7.0, 25.0, -54.0, ' -74.0]']","['[-47.0', -12.0, 39.0, 37.0, -14.0, -48.0, -16.0, 35.0, -55.0, 58.0, -39.0, -2.0, -63.0, 92.0, -31.0, 27.0, -20.0, -10.0, -58.0, 7.0, -13.0, 76.0, -43.0, 59.0, -4.0, -8.0, -47.0, 8.0, 13.0, 71.0, -15.0, 36.0, 57.0, -17.0, -13.0, -8.0, 4.0, -3.0, 32.0, 7.0, 34.0, -53.0, 57.0, -42.0, -1.0, -64.0, 95.0, -34.0, 23.0, -19.0, -5.0, -59.0, 6.0, -12.0, 80.0, -47.0, 58.0, -5.0, -4.0, -47.0, 8.0, 15.0, 76.0, -17.0, 38.0, 57.0, -7.0, -12.0, -8.0, 7.0, 10.0, 31.0, 8.0, 32.0, -51.0, 58.0, -43.0, -2.0, -65.0, 97.0, -37.0, ' 19.0]']","['[19.0', -3.0, ' -18.0', -3.0, 18.0, 8.0, -14.0, -14.0, -6.0, -25.0, 32.0, -16.0, 20.0, 33.0, 25.0, 37.0, 20.0, 0.0, 41.0, 4.0, 1.0, -19.0, -30.0, -13.0, -6.0, -35.0, -31.0, 1.0, -53.0, -8.0, -53.0, -13.0, -34.0, -45.0, -6.0, -21.0, -67.0, -11.0, -86.0, 10.0, -9.0, -9.0, -9.0, 44.0, -15.0, 32.0, 38.0, 31.0, 40.0, 18.0, 13.0, 44.0, 6.0, 13.0, -18.0, -20.0, -17.0, 0.0, -31.0, -18.0, 4.0, -42.0, -1.0, -49.0, -8.0, -37.0, -45.0, 5.0, -22.0, -42.0, -15.0, -89.0, 3.0, -4.0, -12.0, 9.0, 56.0, -13.0, 43.0, 43.0, 31.0, ' 38.0]']","['[-3.0', ' -20.0', ' -1.0', 18.0, 4.0, -17.0, -11.0, 14.0, -15.0, 83.0, 57.0, 7.0, 60.0, 33.0, 18.0, 10.0, -7.0, 51.0, 20.0, 10.0, 56.0, 6.0, 51.0, -25.0, 30.0, 14.0, 54.0, 20.0, 50.0, 27.0, 2.0, 27.0, -28.0, -2.0, 52.0, -7.0, 97.0, -20.0, -23.0, -40.0, 17.0, -16.0, 87.0, 46.0, 10.0, 57.0, 25.0, 13.0, 2.0, -10.0, 49.0, 11.0, 8.0, 55.0, 8.0, 55.0, -22.0, 31.0, 22.0, 60.0, 19.0, 60.0, 29.0, 16.0, 28.0, -18.0, 6.0, 52.0, -3.0, 109.0, -17.0, -2.0, -40.0, 17.0, -14.0, 87.0, 33.0, 14.0, 51.0, 15.0, 6.0, ' -8.0]']","['[-2.0', ' 8.0', ' 7.0', -4.0, -9.0, 0.0, 9.0, 5.0, 16.0, 60.0, 24.0, 15.0, 34.0, 14.0, 8.0, -60.0, 0.0, 0.0, -20.0, -12.0, -13.0, -80.0, 16.0, -105.0, 21.0, -73.0, 13.0, -109.0, 7.0, -68.0, 36.0, -31.0, -54.0, -43.0, 16.0, -17.0, 10.0, -8.0, 50.0, 40.0, 3.0, -21.0, -66.0, -38.0, 10.0, -26.0, 38.0, -44.0, 60.0, 4.0, 66.0, -1.0, 45.0, 7.0, 77.0, -28.0, 53.0, 0.0, 52.0, -18.0, 73.0, -14.0, 7.0, -38.0, -65.0, 7.0, -29.0, -45.0, -79.0, -48.0, -78.0, -37.0, -81.0, -9.0, 10.0, 25.0, 24.0, -29.0, -1.0, -64.0, 47.0, ' -16.0]']","['[9.0', ' 4.0', ' -6.0', -9.0, 2.0, 9.0, 3.0, -7.0, 12.0, 35.0, 31.0, -27.0, 4.0, -62.0, 50.0, -28.0, -4.0, -84.0, 18.0, -50.0, 2.0, -34.0, 23.0, 23.0, -17.0, -7.0, 11.0, -4.0, 12.0, 49.0, 18.0, 112.0, 32.0, 75.0, 45.0, 119.0, 53.0, 111.0, 6.0, 71.0, 8.0, 4.0, 24.0, 0.0, 29.0, 24.0, 52.0, -25.0, -29.0, 2.0, 53.0, -26.0, 24.0, -11.0, -42.0, -3.0, -94.0, 28.0, -50.0, 3.0, -82.0, -1.0, -83.0, 16.0, -96.0, -64.0, -82.0, -16.0, -90.0, -24.0, -79.0, 34.0, -15.0, -2.0, -17.0, -66.0, -28.0, -10.0, -35.0, -2.0, -17.0, ' 64.0]']","['[11.0', ' 7.0', -5.0, -12.0, -2.0, 9.0, 9.0, -6.0, -84.0, 35.0, -81.0, 62.0, -77.0, 91.0, 70.0, -19.0, 9.0, -110.0, 21.0, -63.0, -62.0, -7.0, -21.0, 0.0, -41.0, -94.0, 26.0, -50.0, 70.0, -101.0, 20.0, -36.0, 101.0, 56.0, -54.0, 34.0, 32.0, -8.0, 21.0, 52.0, 17.0, -4.0, 49.0, 28.0, 22.0, 76.0, -65.0, -58.0, -50.0, 15.0, 110.0, -65.0, 81.0, 8.0, 81.0, 49.0, 17.0, 46.0, 7.0, 28.0, -10.0, -65.0, 82.0, -25.0, 28.0, -84.0, -72.0, 38.0, -83.0, 43.0, -41.0, 26.0, -70.0, -12.0, 85.0, -102.0, 41.0, -89.0, -23.0, -5.0, 9.0, ' 84.0]']","['[3.0', -8.0, -10.0, 2.0, 11.0, 5.0, -6.0, -12.0, 75.0, -99.0, 28.0, -83.0, -30.0, 7.0, 15.0, 82.0, -31.0, -45.0, 71.0, -53.0, 47.0, -102.0, -46.0, -24.0, -24.0, 78.0, -62.0, 54.0, 24.0, -21.0, 16.0, -5.0, 20.0, 44.0, -3.0, 79.0, -82.0, 62.0, -52.0, 47.0, 3.0, -114.0, 95.0, -81.0, 100.0, -34.0, 64.0, 41.0, -66.0, 27.0, -51.0, -32.0, -11.0, -78.0, 62.0, 14.0, 16.0, -15.0, -121.0, 60.0, -74.0, 37.0, -61.0, 4.0, -24.0, 60.0, 16.0, -39.0, -22.0, 76.0, -47.0, 48.0, 2.0, 8.0, 74.0, -26.0, 77.0, -54.0, 80.0, -92.0, -72.0, ' 8.0]']",,,,,,
1740060565.726038,ble-pd-B43A31EF7B26,1b8de9af-685c-690c-2c1d-31509e90d5a6,6238,21,-64.0,-84.0,-72.0,-69.0,-54.0,-54.0,-62.0,2.7179561621398363,-1.5268547014408074,0.360463647232187,-1.6201510933806809,-0.8863492146005427,-2.4260229445196035,-1.2006857690641044,0.1377000341312,0.5855263256903473,0.214414345089858,0.2570501226929407,0.2866982742316665,0.3527088624858705,0.8690855199824079,-3.4561941623687744,7.10606336593628,1.8562928438186648,-3.54,6.84,1.96,"['[-53.0', -4.0, 51.0, 36.0, -27.0, -55.0, -8.0, 48.0, -47.0, 64.0, -34.0, -26.0, -53.0, 93.0, -48.0, 39.0, -7.0, 10.0, -47.0, -4.0, -17.0, 68.0, -43.0, 71.0, 6.0, 7.0, -28.0, 5.0, 12.0, 53.0, -16.0, 34.0, 58.0, -1.0, -12.0, -12.0, -11.0, -21.0, 18.0, 0.0, 47.0, -45.0, 63.0, -33.0, -27.0, -54.0, 94.0, -50.0, 37.0, -7.0, 12.0, -48.0, -4.0, -16.0, 72.0, -43.0, 71.0, 6.0, 7.0, -29.0, 4.0, 12.0, 57.0, -17.0, 35.0, 61.0, -1.0, -12.0, -11.0, -11.0, -20.0, 19.0, 0.0, 46.0, -44.0, 63.0, -34.0, -27.0, -54.0, 95.0, -53.0, ' 37.0]']","['[14.0', 55.0, 19.0, -42.0, -49.0, 9.0, 55.0, 25.0, -31.0, -4.0, 47.0, 14.0, 28.0, -60.0, 51.0, 72.0, -28.0, -58.0, 32.0, 17.0, -3.0, -93.0, 51.0, 1.0, 3.0, -39.0, 24.0, 8.0, -14.0, -106.0, 39.0, -20.0, -42.0, -83.0, 15.0, 25.0, -53.0, -120.0, -12.0, 4.0, 27.0, -35.0, -3.0, 48.0, 14.0, 27.0, -60.0, 50.0, 74.0, -29.0, -57.0, 32.0, 18.0, -4.0, -90.0, 50.0, 3.0, 3.0, -39.0, 24.0, 8.0, -14.0, -103.0, 38.0, -20.0, -41.0, -83.0, 15.0, 26.0, -52.0, -120.0, -11.0, 3.0, 27.0, -35.0, 0.0, 47.0, 14.0, 27.0, -59.0, 47.0, ' 74.0]']","['[10.0', -5.0, ' -13.0', 2.0, 14.0, 2.0, -13.0, -5.0, -16.0, -52.0, 8.0, -27.0, 0.0, 47.0, 10.0, 62.0, 27.0, -40.0, 37.0, -3.0, -12.0, -30.0, -57.0, -9.0, -27.0, -34.0, -54.0, 0.0, -106.0, 0.0, -68.0, 25.0, -16.0, -43.0, -80.0, 4.0, -126.0, 2.0, -48.0, 34.0, 0.0, -16.0, -27.0, 30.0, -27.0, 14.0, 55.0, 19.0, 62.0, 26.0, -32.0, 43.0, -2.0, -1.0, -28.0, -49.0, -18.0, -23.0, -33.0, -38.0, 1.0, -93.0, 4.0, -76.0, 33.0, -24.0, -49.0, -70.0, 2.0, -118.0, -7.0, -66.0, 24.0, 1.0, -18.0, -2.0, 45.0, -22.0, 39.0, 60.0, 30.0, ' 54.0]']","['[-7.0', ' -12.0', ' 4.0', 13.0, -1.0, -14.0, -2.0, 13.0, -13.0, 106.0, 79.0, 2.0, 92.0, 30.0, 47.0, 6.0, 3.0, 54.0, 25.0, 9.0, 42.0, 9.0, 31.0, -45.0, 13.0, 4.0, 64.0, 7.0, 46.0, 25.0, -35.0, 37.0, -38.0, -22.0, 49.0, -1.0, 19.0, -31.0, -71.0, -33.0, 14.0, -10.0, 118.0, 77.0, 9.0, 90.0, 16.0, 45.0, -7.0, -2.0, 60.0, 16.0, 10.0, 43.0, 17.0, 41.0, -42.0, 20.0, 9.0, 75.0, 8.0, 66.0, 25.0, -21.0, 31.0, -32.0, -13.0, 67.0, -2.0, 46.0, -31.0, -60.0, -39.0, 13.0, -10.0, 123.0, 65.0, 16.0, 86.0, 2.0, 37.0, ' -24.0]']","['[13.0', ' -20.0', ' -25.0', 6.0, 27.0, 7.0, -23.0, -22.0, -23.0, 9.0, -30.0, -15.0, -33.0, -53.0, 10.0, 5.0, -7.0, -49.0, 0.0, -44.0, 14.0, 14.0, 5.0, 67.0, -27.0, 5.0, 5.0, 61.0, 9.0, 63.0, -5.0, 114.0, 79.0, 78.0, 4.0, 90.0, 33.0, 89.0, -14.0, 59.0, 0.0, 20.0, 72.0, 70.0, 13.0, 52.0, 20.0, 33.0, -38.0, -14.0, 9.0, -9.0, -5.0, -17.0, -61.0, -2.0, -104.0, 6.0, -27.0, 2.0, -102.0, -2.0, -66.0, 41.0, -52.0, -64.0, -46.0, 20.0, -24.0, 21.0, -12.0, 23.0, 31.0, 22.0, -1.0, -98.0, -54.0, -2.0, -31.0, 30.0, -51.0, ' 39.0]']","['[-25.0', ' -20.0', ' 13.0', 27.0, 0.0, -26.0, -15.0, 17.0, -7.0, -97.0, -66.0, -6.0, -38.0, 16.0, -48.0, 43.0, 24.0, 28.0, 10.0, 43.0, 10.0, 67.0, 0.0, 80.0, 13.0, 31.0, -8.0, 82.0, -4.0, 32.0, -47.0, -27.0, 22.0, -1.0, -31.0, -41.0, -52.0, -53.0, -21.0, -88.0, -29.0, -14.0, 68.0, 12.0, -7.0, 0.0, -52.0, 38.0, -22.0, -21.0, -56.0, -6.0, -62.0, 5.0, -31.0, 5.0, 3.0, -30.0, -15.0, 9.0, -2.0, 9.0, 24.0, 24.0, 107.0, 49.0, 62.0, 23.0, 96.0, 59.0, 102.0, 3.0, 103.0, 19.0, 25.0, 11.0, 46.0, 15.0, 41.0, 47.0, 2.0, ' -18.0]']","['[44.0', ' 25.0', -24.0, -43.0, -5.0, 39.0, 33.0, -15.0, 54.0, -47.0, -50.0, -61.0, -25.0, 30.0, 48.0, 63.0, 32.0, -19.0, 77.0, -59.0, -6.0, -62.0, -69.0, -13.0, -53.0, 75.0, -17.0, 23.0, 72.0, -26.0, 2.0, -53.0, 53.0, 76.0, -94.0, 45.0, -89.0, 61.0, -16.0, 33.0, 40.0, -118.0, 49.0, 3.0, 82.0, 25.0, 6.0, 17.0, -95.0, -4.0, -45.0, -78.0, -5.0, -74.0, 38.0, 51.0, 35.0, 26.0, -96.0, 72.0, -56.0, -28.0, -42.0, -18.0, 28.0, -32.0, -12.0, 6.0, -25.0, 112.0, -54.0, 59.0, -15.0, -32.0, 91.0, -16.0, 45.0, -40.0, -7.0, -40.0, -70.0, ' 54.0]']","['[9.0', -37.0, -37.0, 10.0, 44.0, 20.0, -29.0, -37.0, 106.0, -25.0, 34.0, -55.0, -13.0, -32.0, -60.0, 73.0, -20.0, 73.0, 38.0, 55.0, 100.0, 4.0, -9.0, -35.0, 6.0, 64.0, -75.0, 54.0, -22.0, 76.0, 22.0, 8.0, -2.0, -48.0, 66.0, -6.0, -73.0, 18.0, -63.0, -5.0, 12.0, -21.0, -21.0, -62.0, -12.0, -11.0, 45.0, 75.0, 3.0, 39.0, -61.0, 35.0, -81.0, -69.0, -49.0, -48.0, 12.0, -45.0, 15.0, 32.0, -14.0, 70.0, -68.0, -12.0, -46.0, 44.0, 87.0, -116.0, 38.0, -25.0, 35.0, 27.0, 28.0, 24.0, -77.0, 52.0, 42.0, 73.0, 28.0, -22.0, -33.0, ' -74.0]']",,,,,,
1740060566.729,ble-pd-B43A31EF7B26,141bc7b7-ecf5-4975-3e9f-32f601119c6c,6239,34,-64.0,,-76.0,-67.0,-56.0,-49.0,-61.0,2.7629310939968765,,0.3764013347757662,-1.6857340983849725,-0.9203251879707012,-2.409442386164696,-0.5049057499713837,0.1465197329041347,,0.2053647073239301,0.2532855114655183,0.2169378398605674,0.2780964962353479,1.0062244804984042,-3.5246376991271973,7.085991859436035,1.873631358146668,-3.54,6.84,1.96,"['[19.0', 75.0, 29.0, -56.0, -67.0, 11.0, 74.0, 38.0, -99.0, 14.0, -26.0, 47.0, -74.0, 18.0, 4.0, 48.0, -45.0, -21.0, -17.0, 118.0, -47.0, 32.0, -1.0, 76.0, -31.0, -62.0, -3.0, 102.0, -17.0, 55.0, -22.0, 34.0, 20.0, -31.0, -9.0, 57.0, -8.0, 4.0, -8.0, 22.0, 53.0, -88.0, 11.0, -36.0, 32.0, -77.0, 22.0, -10.0, 42.0, -30.0, 1.0, -24.0, 107.0, -39.0, 34.0, -4.0, 82.0, -28.0, -41.0, -2.0, 110.0, -18.0, 63.0, -23.0, 43.0, 23.0, -4.0, -2.0, 58.0, -1.0, 22.0, -7.0, 17.0, 65.0, -70.0, 9.0, -44.0, 13.0, -76.0, 25.0, -23.0, ' 26.0]']","['[74.0', 6.0, -70.0, -51.0, 35.0, 75.0, 14.0, -67.0, -34.0, 3.0, 47.0, 57.0, 22.0, -20.0, 54.0, 21.0, -50.0, -84.0, 23.0, 22.0, -21.0, -11.0, 11.0, -35.0, -12.0, -72.0, 0.0, -44.0, 6.0, -31.0, 10.0, -36.0, -19.0, -101.0, -26.0, -11.0, -27.0, -67.0, -1.0, 14.0, -54.0, -61.0, 8.0, 37.0, 67.0, 3.0, -15.0, 54.0, 32.0, -61.0, -87.0, 17.0, 53.0, -33.0, -3.0, 12.0, -15.0, -18.0, -86.0, 0.0, -19.0, 0.0, -14.0, 5.0, -26.0, -14.0, -107.0, -28.0, 3.0, -28.0, -64.0, -3.0, 20.0, -40.0, -79.0, 10.0, 27.0, 73.0, -15.0, -9.0, 51.0, ' 42.0]']","[nan, nan, nan, nan, nan, nan, nan, nan, nan, nan, nan, nan, nan, nan, nan, nan, nan, nan, nan, nan, nan, nan, nan, nan, nan, nan, nan, nan, nan, nan, nan, nan, nan, nan, nan, nan, nan, nan, nan, nan, nan, nan, nan, nan, nan, nan, nan, nan, nan, nan, nan, nan, nan, nan, nan, nan, nan, nan, nan, nan, nan, nan, nan, nan, nan, nan, nan, nan, nan, nan, nan, nan, nan, nan, nan, nan, nan, nan, nan, nan, nan, nan]","[nan, nan, nan, nan, nan, nan, nan, nan, nan, nan, nan, nan, nan, nan, nan, nan, nan, nan, nan, nan, nan, nan, nan, nan, nan, nan, nan, nan, nan, nan, nan, nan, nan, nan, nan, nan, nan, nan, nan, nan, nan, nan, nan, nan, nan, nan, nan, nan, nan, nan, nan, nan, nan, nan, nan, nan, nan, nan, nan, nan, nan, nan, nan, nan, nan, nan, nan, nan, nan, nan, nan, nan, nan, nan, nan, nan, nan, nan, nan, nan, nan, nan]","['[14.0', 8.0, -11.0, -14.0, 2.0, 15.0, 5.0, -12.0, -14.0, -36.0, 13.0, -15.0, 2.0, 6.0, 36.0, 69.0, 8.0, -33.0, 32.0, 1.0, 19.0, 36.0, 26.0, 88.0, -35.0, 28.0, -37.0, 46.0, -11.0, 32.0, -25.0, 13.0, 51.0, 56.0, -9.0, 44.0, -26.0, 0.0, -34.0, -57.0, 16.0, 14.0, 48.0, -7.0, 8.0, -2.0, -20.0, -8.0, -85.0, 2.0, 0.0, -8.0, -20.0, 0.0, -41.0, 5.0, -50.0, 23.0, -49.0, 54.0, -48.0, 37.0, 0.0, 46.0, 69.0, -23.0, -19.0, 9.0, -1.0, 43.0, 20.0, 37.0, 52.0, -11.0, -7.0, -37.0, -3.0, 2.0, 1.0, ' 23.0', ' -23.0', ' 59.0]']","['[4.0', -13.0, -12.0, 7.0, 16.0, 1.0, -15.0, -10.0, -3.0, -33.0, -4.0, 4.0, 0.0, 23.0, -28.0, 49.0, -15.0, 41.0, -23.0, 29.0, -25.0, 21.0, -44.0, -24.0, 4.0, 42.0, -41.0, 18.0, -43.0, -36.0, -40.0, -119.0, -24.0, -38.0, -3.0, -50.0, -37.0, -30.0, -17.0, -13.0, 0.0, -5.0, 0.0, 12.0, -13.0, 1.0, -13.0, 45.0, 8.0, 16.0, -52.0, 39.0, -21.0, 32.0, 8.0, 51.0, 77.0, -29.0, -14.0, 6.0, 15.0, 25.0, 48.0, 11.0, 98.0, 53.0, 66.0, -2.0, 67.0, 12.0, 23.0, -9.0, -28.0, 9.0, 13.0, 31.0, -15.0, 15.0, -2.0, ' -2.0', ' -39.0', ' -63.0]']","['[33.0', 67.0, 13.0, -55.0, -54.0, 17.0, 65.0, 33.0, -32.0, 14.0, -8.0, -38.0, 59.0, -13.0, -7.0, 4.0, 33.0, 54.0, -52.0, 42.0, -43.0, 4.0, 6.0, 58.0, 7.0, 2.0, 37.0, 57.0, 1.0, 23.0, -48.0, -13.0, -117.0, -26.0, -47.0, -30.0, 2.0, -4.0, 77.0, -36.0, 12.0, 34.0, -53.0, 41.0, 6.0, -31.0, 17.0, -12.0, -19.0, -47.0, -23.0, 25.0, -54.0, 59.0, -11.0, 9.0, -29.0, 27.0, 50.0, -35.0, -18.0, -18.0, -20.0, 23.0, 41.0, 83.0, 20.0, 73.0, 47.0, 30.0, 24.0, -93.0, 30.0, -47.0, -22.0, 68.0, -61.0, 29.0, -9.0, ' -15.0', ' 26.0', ' 21.0]']","['[57.0', -9.0, -65.0, -36.0, 39.0, 63.0, 6.0, -57.0, -10.0, 64.0, -60.0, 41.0, -30.0, -11.0, 29.0, 25.0, 35.0, -35.0, 27.0, 32.0, -41.0, 12.0, -25.0, -30.0, -55.0, -88.0, 7.0, -44.0, 25.0, 3.0, 20.0, -49.0, 20.0, 2.0, -57.0, -38.0, -54.0, -33.0, 50.0, -3.0, 65.0, -10.0, -43.0, 45.0, -56.0, 60.0, 1.0, -27.0, -15.0, -9.0, 60.0, -53.0, -1.0, 7.0, -7.0, 25.0, 59.0, 50.0, 71.0, 15.0, 70.0, -20.0, 10.0, -47.0, 30.0, -84.0, -16.0, 17.0, 14.0, 45.0, 24.0, 3.0, -17.0, -47.0, 27.0, 3.0, -11.0, 46.0, -67.0, ' 9.0', ' 14.0', ' 2.0]']",,,,,,
1740060567.729395,ble-pd-B43A31EF7B26,1df232a7-1fbc-00a6-bc8f-3b109f2ca43a,6240,27,-69.0,,-81.0,-87.0,-56.0,,-54.0,2.7946259067621275,,0.4685405832220007,-1.5574182033749926,-0.985636779130904,,-0.2244305379262908,0.150615990911056,,0.1323682691155636,0.2425581987261382,0.3323347081530032,,0.8952123413247861,-3.5621376037597656,7.060894966125488,1.8834928274154663,-3.54,6.84,1.96,"['[37.0', 16.0, -28.0, -34.0, 6.0, 37.0, 18.0, -24.0, 13.0, -65.0, 72.0, 1.0, 47.0, -75.0, 77.0, 17.0, 4.0, -81.0, 40.0, -26.0, -3.0, -85.0, 69.0, -48.0, 23.0, -36.0, 32.0, -40.0, -28.0, -85.0, 47.0, -32.0, -34.0, -53.0, 28.0, -11.0, -30.0, -62.0, -19.0, -14.0, -22.0, 6.0, -62.0, 72.0, 5.0, 43.0, -73.0, 80.0, 23.0, 0.0, -93.0, 37.0, -21.0, -4.0, -86.0, 70.0, -45.0, 23.0, -44.0, 28.0, -37.0, -27.0, -90.0, 50.0, -32.0, -31.0, -68.0, 27.0, -9.0, -34.0, -69.0, -18.0, -13.0, -18.0, 0.0, -59.0, 72.0, 9.0, 40.0, -70.0, 82.0, ' 29.0]']","['[4.0', -33.0, -25.0, 17.0, 37.0, 8.0, -33.0, -27.0, 71.0, -23.0, -9.0, -41.0, 34.0, -15.0, -36.0, -55.0, 45.0, 80.0, 33.0, -47.0, 15.0, 11.0, -7.0, -28.0, 0.0, 92.0, 35.0, -23.0, 0.0, 29.0, -25.0, -5.0, -30.0, 106.0, 17.0, -16.0, 33.0, 86.0, -8.0, -14.0, -30.0, 72.0, -30.0, -3.0, -39.0, 39.0, -25.0, -26.0, -54.0, 45.0, 68.0, 37.0, -50.0, 14.0, 3.0, -3.0, -32.0, 2.0, 88.0, 39.0, -28.0, -3.0, 16.0, -20.0, -7.0, -36.0, 99.0, 19.0, -18.0, 30.0, 81.0, -10.0, -16.0, -32.0, 72.0, -36.0, 4.0, -39.0, 42.0, -31.0, -23.0, ' -51.0]']","[nan, nan, nan, nan, nan, nan, nan, nan, nan, nan, nan, nan, nan, nan, nan, nan, nan, nan, nan, nan, nan, nan, nan, nan, nan, nan, nan, nan, nan, nan, nan, nan, nan, nan, nan, nan, nan, nan, nan, nan, nan, nan, nan, nan, nan, nan, nan, nan, nan, nan, nan, nan, nan, nan, nan, nan, nan, nan, nan, nan, nan, nan, nan, nan, nan, nan, nan, nan, nan, nan, nan, nan, nan, nan, nan, nan, nan, nan, nan, nan, nan, nan]","[nan, nan, nan, nan, nan, nan, nan, nan, nan, nan, nan, nan, nan, nan, nan, nan, nan, nan, nan, nan, nan, nan, nan, nan, nan, nan, nan, nan, nan, nan, nan, nan, nan, nan, nan, nan, nan, nan, nan, nan, nan, nan, nan, nan, nan, nan, nan, nan, nan, nan, nan, nan, nan, nan, nan, nan, nan, nan, nan, nan, nan, nan, nan, nan, nan, nan, nan, nan, nan, nan, nan, nan, nan, nan, nan, nan, nan, nan, nan, nan, nan, nan]","['[2.0', -10.0, -7.0, 6.0, 10.0, 0.0, -10.0, -5.0, 19.0, -8.0, 1.0, -43.0, -13.0, -56.0, 27.0, -10.0, 8.0, -101.0, 21.0, -41.0, 6.0, -4.0, 35.0, 79.0, -19.0, -5.0, -3.0, 15.0, 3.0, 62.0, 1.0, 103.0, 53.0, 99.0, 31.0, 121.0, 21.0, 92.0, 0.0, 37.0, -4.0, -13.0, 69.0, 12.0, 46.0, 36.0, 33.0, -4.0, -64.0, -7.0, 53.0, -30.0, 2.0, -8.0, -57.0, -8.0, -108.0, 19.0, -72.0, 18.0, -78.0, 19.0, -71.0, 39.0, -49.0, -53.0, -80.0, -22.0, -73.0, -1.0, -51.0, 32.0, 24.0, 11.0, -2.0, -85.0, -18.0, -18.0, -33.0, ' 10.0', ' -23.0', ' 93.0]']","['[-10.0', -5.0, 9.0, 8.0, -4.0, -10.0, -2.0, 11.0, -1.0, -85.0, -18.0, -21.0, -35.0, 2.0, -19.0, 92.0, 3.0, 17.0, 21.0, 35.0, 6.0, 84.0, -20.0, 74.0, -7.0, 101.0, -21.0, 93.0, -30.0, 38.0, -51.0, -24.0, 25.0, 19.0, 2.0, -6.0, -16.0, -12.0, -43.0, -63.0, -11.0, 15.0, 52.0, 13.0, -16.0, 12.0, -45.0, 33.0, -66.0, 3.0, -89.0, 3.0, -54.0, 0.0, -61.0, 39.0, 9.0, -9.0, -70.0, 11.0, -52.0, 22.0, 22.0, 33.0, 95.0, 25.0, 60.0, 22.0, 98.0, 27.0, 78.0, 29.0, 71.0, 5.0, -19.0, 18.0, 0.0, 44.0, 18.0, ' 55.0', ' -24.0', ' -5.0]']","['[-4.0', -9.0, -3.0, 8.0, 7.0, -1.0, -10.0, -8.0, -49.0, 57.0, -87.0, 45.0, -69.0, 113.0, 53.0, -21.0, 28.0, -87.0, 31.0, -80.0, -33.0, 6.0, -30.0, -22.0, -15.0, -48.0, 13.0, -57.0, 57.0, -92.0, 14.0, -44.0, 119.0, 84.0, -43.0, 50.0, 13.0, 11.0, -24.0, 31.0, 0.0, -10.0, 30.0, 51.0, 34.0, 80.0, -84.0, -31.0, -34.0, 18.0, 97.0, -59.0, 89.0, -12.0, 65.0, 47.0, 31.0, 27.0, -17.0, 25.0, -14.0, -49.0, 76.0, -17.0, 35.0, -79.0, -62.0, 11.0, -91.0, 26.0, -62.0, 42.0, -63.0, 7.0, 66.0, -99.0, 15.0, -96.0, -40.0, ' 0.0', ' -6.0', ' 69.0]']","['[-8.0', 0.0, 8.0, 5.0, -4.0, -10.0, -2.0, 8.0, 62.0, -95.0, 13.0, -92.0, -41.0, 3.0, -4.0, 66.0, -53.0, -51.0, 51.0, -46.0, 50.0, -98.0, -37.0, -22.0, -22.0, 70.0, -50.0, 74.0, 11.0, -14.0, 10.0, -9.0, -2.0, 6.0, 24.0, 79.0, -51.0, 73.0, -36.0, 58.0, -12.0, -79.0, 109.0, -75.0, 97.0, -19.0, 76.0, 42.0, -61.0, 57.0, -29.0, -12.0, -22.0, -58.0, 75.0, 5.0, -2.0, 5.0, -83.0, 44.0, -94.0, 33.0, -54.0, 2.0, -26.0, 88.0, 56.0, -49.0, -16.0, 45.0, -42.0, 7.0, -17.0, 10.0, 47.0, -53.0, 89.0, -41.0, 71.0, ' -113.0', ' -53.0', ' 18.0]']",,,,,,
1740060568.727329,ble-pd-B43A31EF7B26,051755bd-7b01-bcc7-8f0f-9c55f016cbaa,6241,31,-69.0,,-76.0,-66.0,-57.0,-49.0,-54.0,2.814293884044581,,0.4552399577898179,-1.54271355941612,-0.984829816069506,-2.278956784117331,-0.0781626316907368,0.1790831190141582,,0.0737070944228757,0.2272379983708075,0.2414118786008315,0.2082752469659022,0.8362372687275503,-3.561492681503296,7.040556907653809,1.890249729156494,-3.54,6.84,1.96,"['[25.0', 32.0, -3.0, -34.0, -18.0, 22.0, 33.0, -2.0, -55.0, 19.0, 23.0, 55.0, -4.0, -14.0, 47.0, 35.0, -48.0, -66.0, -9.0, 39.0, -11.0, -28.0, 5.0, -4.0, -10.0, -83.0, -20.0, 7.0, 12.0, -47.0, 14.0, -7.0, -2.0, -118.0, -22.0, 16.0, -27.0, -86.0, 3.0, 11.0, 5.0, -69.0, 32.0, 11.0, 55.0, -13.0, -2.0, 37.0, 38.0, -55.0, -57.0, -17.0, 52.0, -17.0, -9.0, -4.0, 7.0, -18.0, -78.0, -23.0, 20.0, 13.0, -28.0, 5.0, 3.0, 3.0, -113.0, -25.0, 25.0, -23.0, -76.0, 2.0, 15.0, 13.0, -79.0, 42.0, -1.0, 54.0, -27.0, 9.0, 24.0, ' 41.0]']","['[24.0', -15.0, -36.0, -5.0, 30.0, 27.0, -12.0, -35.0, 65.0, -51.0, 54.0, -12.0, 56.0, -51.0, 49.0, -26.0, 36.0, -43.0, 31.0, -53.0, 22.0, -65.0, 40.0, -56.0, 32.0, -17.0, 12.0, -58.0, -7.0, -76.0, 45.0, -38.0, -27.0, -18.0, 16.0, -41.0, -17.0, -28.0, 0.0, -21.0, -33.0, 52.0, -45.0, 58.0, 0.0, 56.0, -54.0, 57.0, -19.0, 26.0, -54.0, 28.0, -40.0, 19.0, -71.0, 41.0, -57.0, 28.0, -31.0, 6.0, -56.0, -5.0, -84.0, 45.0, -40.0, -27.0, -42.0, 9.0, -36.0, -23.0, -49.0, 0.0, -18.0, -32.0, 34.0, -37.0, 58.0, 13.0, 50.0, -53.0, 63.0, ' -7.0]']","[nan, nan, nan, nan, nan, nan, nan, nan, nan, nan, nan, nan, nan, nan, nan, nan, nan, nan, nan, nan, nan, nan, nan, nan, nan, nan, nan, nan, nan, nan, nan, nan, nan, nan, nan, nan, nan, nan, nan, nan, nan, nan, nan, nan, nan, nan, nan, nan, nan, nan, nan, nan, nan, nan, nan, nan, nan, nan, nan, nan, nan, nan, nan, nan, nan, nan, nan, nan, nan, nan, nan, nan, nan, nan, nan, nan, nan, nan, nan, nan, nan, nan]","[nan, nan, nan, nan, nan, nan, nan, nan, nan, nan, nan, nan, nan, nan, nan, nan, nan, nan, nan, nan, nan, nan, nan, nan, nan, nan, nan, nan, nan, nan, nan, nan, nan, nan, nan, nan, nan, nan, nan, nan, nan, nan, nan, nan, nan, nan, nan, nan, nan, nan, nan, nan, nan, nan, nan, nan, nan, nan, nan, nan, nan, nan, nan, nan, nan, nan, nan, nan, nan, nan, nan, nan, nan, nan, nan, nan, nan, nan, nan, nan, nan, nan]","['[15.0', -4.0, -18.0, -4.0, 15.0, 12.0, -7.0, -17.0, -6.0, -48.0, 4.0, -28.0, -1.0, -14.0, 27.0, 54.0, 17.0, -63.0, 24.0, -6.0, 11.0, 32.0, 22.0, 99.0, -32.0, 31.0, -32.0, 47.0, -14.0, 54.0, -32.0, 34.0, 62.0, 86.0, 0.0, 75.0, -19.0, 21.0, -33.0, -45.0, 7.0, -2.0, 68.0, 6.0, 21.0, 11.0, -3.0, 9.0, -79.0, -9.0, 12.0, -7.0, -23.0, 8.0, -57.0, 16.0, -70.0, 23.0, -78.0, 43.0, -61.0, 37.0, -19.0, 52.0, 51.0, -36.0, -42.0, 9.0, -20.0, 45.0, 6.0, 49.0, 54.0, 1.0, 10.0, -54.0, -15.0, -4.0, -13.0, ' 20.0', ' -42.0', ' 62.0]']","['[-9.0', -16.0, 0.0, 16.0, 9.0, -11.0, -15.0, 2.0, 10.0, -49.0, -15.0, -2.0, -12.0, 21.0, -42.0, 58.0, -5.0, 50.0, -15.0, 40.0, -25.0, 48.0, -50.0, -4.0, 1.0, 80.0, -27.0, 38.0, -41.0, -27.0, -43.0, -113.0, -14.0, -34.0, -14.0, -51.0, -45.0, -35.0, -34.0, -31.0, -13.0, -10.0, 3.0, 14.0, -17.0, 7.0, -24.0, 50.0, -3.0, 17.0, -81.0, 27.0, -33.0, 26.0, -14.0, 53.0, 71.0, -21.0, -40.0, -1.0, 3.0, 21.0, 57.0, 8.0, 106.0, 54.0, 82.0, 11.0, 89.0, 21.0, 41.0, 1.0, -4.0, 17.0, 6.0, 43.0, -5.0, 27.0, 2.0, ' 15.0', ' -29.0', ' -48.0]']","['[-5.0', 55.0, 47.0, -22.0, -62.0, -24.0, 44.0, 57.0, -4.0, -33.0, 24.0, -76.0, 47.0, -31.0, -34.0, -3.0, -16.0, 41.0, -48.0, 10.0, 2.0, -28.0, 12.0, 34.0, 16.0, 54.0, 16.0, 72.0, -16.0, 27.0, -37.0, 3.0, -108.0, -24.0, 4.0, -1.0, 29.0, 23.0, 39.0, -17.0, -29.0, 18.0, 0.0, -5.0, 43.0, -52.0, 57.0, 7.0, 0.0, -8.0, -44.0, 48.0, -47.0, 28.0, 12.0, -17.0, -32.0, 4.0, -5.0, -29.0, -51.0, 7.0, -38.0, 27.0, 12.0, 113.0, 41.0, 38.0, 31.0, -8.0, 7.0, -73.0, 26.0, -13.0, -21.0, 32.0, -16.0, 6.0, 32.0, ' -55.0', ' 21.0', ' 2.0]']","['[62.0', 28.0, -40.0, -57.0, -1.0, 56.0, 43.0, -24.0, -20.0, 40.0, -20.0, 24.0, 22.0, -49.0, 28.0, 5.0, 34.0, 17.0, -15.0, 63.0, -51.0, 14.0, 13.0, 9.0, -27.0, -55.0, 27.0, -11.0, 8.0, 29.0, 0.0, -22.0, -46.0, -35.0, -74.0, -50.0, -25.0, -40.0, 66.0, -20.0, 54.0, 13.0, -54.0, 32.0, -69.0, 12.0, 18.0, -43.0, -5.0, -37.0, 13.0, -17.0, -43.0, 43.0, -29.0, -2.0, 16.0, 32.0, 79.0, -12.0, 51.0, -17.0, -5.0, -24.0, 18.0, -33.0, 12.0, 64.0, 38.0, 39.0, 45.0, -30.0, 4.0, -60.0, 0.0, 42.0, -29.0, 81.0, -42.0, ' 22.0', ' 39.0', ' 1.0]']",,,,,,
1740060569.729331,ble-pd-B43A31EF7B26,efee9fb8-2965-6cda-1a74-4c214cb31863,6242,2,-69.0,,-68.0,-64.0,,,,2.982925776900617,,0.4580272221866949,-1.5467530421575522,,,,0.2141597302448896,,0.1034107698319937,0.2446344157567208,,,,,,,-3.54,6.84,1.96,"['[14.0', 29.0, 4.0, -26.0, -20.0, 12.0, 29.0, 7.0, 21.0, -53.0, 16.0, 21.0, -27.0, -84.0, 91.0, 13.0, -17.0, -69.0, 24.0, 35.0, -21.0, -85.0, 60.0, -37.0, -6.0, -100.0, 18.0, -53.0, -14.0, -82.0, 30.0, -21.0, -71.0, -72.0, -35.0, 0.0, 20.0, -112.0, 4.0, 33.0, 0.0, 18.0, -78.0, 31.0, 25.0, -34.0, -104.0, 95.0, 14.0, -7.0, -88.0, 28.0, 30.0, -23.0, -83.0, 61.0, -24.0, -6.0, -106.0, 15.0, -55.0, -13.0, -83.0, 28.0, 0.0, -56.0, -65.0, -45.0, 16.0, 23.0, -97.0, 8.0, 39.0, -7.0, 14.0, -100.0, 50.0, 27.0, -40.0, -114.0, 94.0, ' 16.0]']","['[25.0', -5.0, -29.0, -14.0, 20.0, 26.0, -3.0, -28.0, -6.0, -104.0, 72.0, 19.0, -32.0, -78.0, 30.0, 9.0, 31.0, -81.0, 15.0, -10.0, -10.0, -2.0, 7.0, 48.0, 0.0, -38.0, -12.0, -15.0, 1.0, -13.0, 2.0, 79.0, 46.0, 17.0, -43.0, 75.0, 17.0, 46.0, 20.0, 24.0, -29.0, -11.0, -89.0, 66.0, 13.0, -24.0, -52.0, 7.0, 5.0, 35.0, -62.0, 8.0, -20.0, -5.0, 22.0, -9.0, 55.0, 1.0, -7.0, -17.0, 0.0, 4.0, 7.0, -6.0, 82.0, 63.0, 36.0, -33.0, 73.0, 11.0, 74.0, 19.0, 15.0, -27.0, -16.0, -63.0, 55.0, 5.0, -14.0, -25.0, -17.0, ' 0.0]']","[nan, nan, nan, nan, nan, nan, nan, nan, nan, nan, nan, nan, nan, nan, nan, nan, nan, nan, nan, nan, nan, nan, nan, nan, nan, nan, nan, nan, nan, nan, nan, nan, nan, nan, nan, nan, nan, nan, nan, nan, nan, nan, nan, nan, nan, nan, nan, nan, nan, nan, nan, nan, nan, nan, nan, nan, nan, nan, nan, nan, nan, nan, nan, nan, nan, nan, nan, nan, nan, nan, nan, nan, nan, nan, nan, nan, nan, nan, nan, nan, nan, nan]","[nan, nan, nan, nan, nan, nan, nan, nan, nan, nan, nan, nan, nan, nan, nan, nan, nan, nan, nan, nan, nan, nan, nan, nan, nan, nan, nan, nan, nan, nan, nan, nan, nan, nan, nan, nan, nan, nan, nan, nan, nan, nan, nan, nan, nan, nan, nan, nan, nan, nan, nan, nan, nan, nan, nan, nan, nan, nan, nan, nan, nan, nan, nan, nan, nan, nan, nan, nan, nan, nan, nan, nan, nan, nan, nan, nan, nan, nan, nan, nan, nan, nan]","['[-3.0', -27.0, -10.0, 21.0, 21.0, -10.0, -27.0, -5.0, -42.0, 36.0, -28.0, -8.0, -30.0, -51.0, -9.0, -111.0, 15.0, 0.0, 5.0, -55.0, 2.0, -36.0, 18.0, -5.0, -25.0, -49.0, -3.0, 14.0, 27.0, 39.0, 17.0, 79.0, 44.0, 50.0, 42.0, 52.0, 39.0, 60.0, 50.0, 62.0, -21.0, 29.0, 2.0, 14.0, 27.0, 21.0, 22.0, -11.0, 63.0, -42.0, 26.0, -42.0, 1.0, -39.0, -19.0, -44.0, -103.0, 16.0, 11.0, 7.0, -65.0, -26.0, -96.0, -15.0, -74.0, -50.0, -62.0, -22.0, -54.0, 5.0, -12.0, 9.0, 31.0, 24.0, 16.0, -39.0, 16.0, -16.0, 12.0, ' 32.0', ' 20.0', ' 59.0]']","['[-28.0', -3.0, 25.0, 17.0, -17.0, -26.0, 2.0, 25.0, -14.0, -19.0, -3.0, -26.0, -9.0, -1.0, 18.0, -16.0, 39.0, -30.0, 44.0, 23.0, 42.0, 38.0, 40.0, 116.0, -6.0, 10.0, -6.0, 65.0, 16.0, 88.0, 9.0, 45.0, 34.0, 44.0, 5.0, 33.0, -24.0, -14.0, -37.0, -67.0, -16.0, -31.0, 41.0, -25.0, 5.0, -23.0, -46.0, -17.0, -94.0, -2.0, 14.0, -13.0, -60.0, -15.0, -49.0, 1.0, -54.0, -20.0, -49.0, 0.0, -14.0, 18.0, 0.0, 12.0, 52.0, 24.0, 26.0, 36.0, 31.0, 45.0, 61.0, 63.0, 86.0, -11.0, 41.0, -16.0, 23.0, 22.0, 29.0, ' 40.0', ' -3.0', ' 96.0]']","['[-9.0', -55.0, -28.0, 34.0, 52.0, 1.0, -50.0, -39.0, 40.0, -18.0, 19.0, 33.0, -53.0, 13.0, -28.0, 103.0, -70.0, 7.0, 25.0, 16.0, 77.0, -47.0, -1.0, -56.0, -19.0, 10.0, -67.0, -11.0, -31.0, 12.0, 44.0, -12.0, 41.0, -35.0, 58.0, -52.0, -44.0, -16.0, -73.0, 37.0, -24.0, -6.0, 55.0, -59.0, -4.0, -14.0, 56.0, 38.0, 30.0, 47.0, 25.0, 63.0, 0.0, -34.0, 31.0, -51.0, 66.0, -64.0, 24.0, 29.0, 23.0, 76.0, -10.0, 13.0, -47.0, 18.0, -2.0, -56.0, 30.0, -43.0, 57.0, 51.0, 14.0, 55.0, -36.0, -19.0, 22.0, -29.0, 64.0, ' -50.0', ' 0.0', ' -123.0]']","['[-55.0', -9.0, 47.0, 44.0, -18.0, -55.0, -22.0, 39.0, -8.0, -52.0, 56.0, -6.0, 36.0, -64.0, -29.0, -70.0, -23.0, -29.0, -75.0, -5.0, 10.0, -15.0, 55.0, -48.0, 75.0, -29.0, -5.0, -20.0, -69.0, 7.0, -29.0, 53.0, -35.0, 15.0, 38.0, -11.0, 62.0, -55.0, -24.0, -30.0, -50.0, 41.0, 0.0, -2.0, 33.0, -63.0, 33.0, -14.0, 121.0, -56.0, 17.0, 49.0, 16.0, 70.0, -39.0, -18.0, -35.0, -43.0, 20.0, -60.0, -2.0, -2.0, 7.0, 51.0, -30.0, 52.0, -39.0, 41.0, -44.0, -63.0, 5.0, -58.0, 45.0, -4.0, -20.0, 51.0, -55.0, -16.0, 7.0, ' 42.0', ' 40.0', ' -13.0]']",,,,,,
1740060570.726944,ble-pd-B43A31EF7B26,d640e466-efd3-ab61-58b6-e869616a1e13,6243,2,-66.0,,-74.0,-62.0,,-56.0,-66.0,2.9223260789280814,,0.4581465318035305,-1.5438213012715385,,-2.81967450690929,0.5168071526372979,0.195553105880617,,0.1065901930217632,0.3332742372410775,,1.5156066923011593,1.1743209439945628,,,,-3.54,6.84,1.96,"['[-8.0', -37.0, -14.0, 27.0, 33.0, -4.0, -37.0, -18.0, -30.0, 98.0, -7.0, -26.0, 24.0, 98.0, -60.0, -19.0, 7.0, 95.0, -12.0, -33.0, 24.0, 83.0, -46.0, 11.0, 16.0, 104.0, -8.0, 42.0, 4.0, 77.0, -19.0, -6.0, 47.0, 49.0, 23.0, -7.0, -33.0, 77.0, -15.0, -33.0, -11.0, -26.0, 115.0, -24.0, -30.0, 31.0, 104.0, -64.0, -21.0, 1.0, 105.0, -15.0, -33.0, 26.0, 72.0, -45.0, -5.0, 11.0, 100.0, -4.0, 38.0, 0.0, 69.0, -21.0, -22.0, 31.0, 37.0, 34.0, -27.0, -33.0, 58.0, -18.0, -36.0, -1.0, -21.0, 122.0, -37.0, -31.0, 37.0, 100.0, -63.0, ' -20.0]']","['[-36.0', -3.0, 34.0, 25.0, -16.0, -37.0, -6.0, 30.0, 7.0, 70.0, -58.0, -17.0, 30.0, 28.0, -18.0, -9.0, -25.0, 47.0, -18.0, 0.0, 7.0, -32.0, -2.0, -48.0, -17.0, -3.0, 13.0, -8.0, -17.0, -20.0, -5.0, -63.0, -63.0, -42.0, 38.0, -70.0, -6.0, -73.0, -17.0, -17.0, 35.0, 16.0, 40.0, -54.0, -10.0, 23.0, 0.0, -2.0, -2.0, -27.0, 17.0, -15.0, 9.0, 0.0, -52.0, 11.0, -49.0, -20.0, -30.0, 15.0, -19.0, -17.0, -40.0, 0.0, -59.0, -72.0, -53.0, 28.0, -66.0, 1.0, -89.0, -13.0, -6.0, 37.0, 22.0, 8.0, -45.0, -1.0, 13.0, -29.0, 10.0, ' 3.0]']","[nan, nan, nan, nan, nan, nan, nan, nan, nan, nan, nan, nan, nan, nan, nan, nan, nan, nan, nan, nan, nan, nan, nan, nan, nan, nan, nan, nan, nan, nan, nan, nan, nan, nan, nan, nan, nan, nan, nan, nan, nan, nan, nan, nan, nan, nan, nan, nan, nan, nan, nan, nan, nan, nan, nan, nan, nan, nan, nan, nan, nan, nan, nan, nan, nan, nan, nan, nan, nan, nan, nan, nan, nan, nan, nan, nan, nan, nan, nan, nan, nan, nan]","[nan, nan, nan, nan, nan, nan, nan, nan, nan, nan, nan, nan, nan, nan, nan, nan, nan, nan, nan, nan, nan, nan, nan, nan, nan, nan, nan, nan, nan, nan, nan, nan, nan, nan, nan, nan, nan, nan, nan, nan, nan, nan, nan, nan, nan, nan, nan, nan, nan, nan, nan, nan, nan, nan, nan, nan, nan, nan, nan, nan, nan, nan, nan, nan, nan, nan, nan, nan, nan, nan, nan, nan, nan, nan, nan, nan, nan, nan, nan, nan, nan, nan]","['[-11.0', 10.0, 17.0, -1.0, -18.0, -8.0, 12.0, 12.0, -15.0, 30.0, -1.0, 11.0, -2.0, -11.0, 36.0, -62.0, 79.0, -50.0, 53.0, -6.0, 54.0, 11.0, 40.0, 95.0, -1.0, -49.0, -3.0, 30.0, 11.0, 83.0, 8.0, 78.0, 52.0, 56.0, 15.0, 67.0, 2.0, 18.0, 11.0, -2.0, 0.0, -74.0, 90.0, -30.0, 19.0, -10.0, -21.0, -1.0, -53.0, -47.0, 64.0, -26.0, -35.0, -20.0, -45.0, -14.0, -101.0, 1.0, -20.0, 16.0, -23.0, 25.0, -41.0, 18.0, 6.0, 13.0, -10.0, 24.0, -24.0, 33.0, 34.0, 16.0, 94.0, -12.0, 77.0, -108.0, 29.0, -28.0, 12.0, ' 29.0', ' -35.0', ' 105.0]']","['[14.0', 15.0, -5.0, -18.0, -3.0, 16.0, 12.0, -8.0, 88.0, -114.0, 35.0, -27.0, 13.0, 27.0, -15.0, 87.0, 13.0, -47.0, 2.0, 42.0, -2.0, 45.0, -1.0, 69.0, 0.0, 48.0, -15.0, 11.0, -33.0, 11.0, -24.0, -46.0, -42.0, -17.0, -35.0, -4.0, -37.0, -47.0, -24.0, -101.0, 14.0, -49.0, 77.0, -17.0, 22.0, -8.0, -21.0, 40.0, -93.0, 65.0, -26.0, 46.0, -23.0, 49.0, -10.0, 37.0, 59.0, 0.0, -66.0, 2.0, 22.0, 24.0, 73.0, 18.0, 91.0, 65.0, 58.0, 28.0, 62.0, 19.0, 37.0, 20.0, 37.0, -3.0, -48.0, 48.0, -20.0, 7.0, -5.0, ' -9.0', ' -20.0', ' -3.0]']","['[54.0', 0.0, -53.0, -37.0, 26.0, 56.0, 15.0, -46.0, 9.0, 38.0, -59.0, 7.0, -73.0, 79.0, 38.0, 72.0, 11.0, 35.0, 92.0, -10.0, -13.0, 20.0, -61.0, 40.0, -96.0, 62.0, -14.0, 18.0, 87.0, -29.0, 37.0, -65.0, 38.0, -22.0, -64.0, 19.0, -57.0, 42.0, 12.0, 11.0, 47.0, -69.0, -14.0, -20.0, -15.0, 61.0, -56.0, 27.0, -115.0, 59.0, -50.0, -57.0, -4.0, -96.0, 32.0, 6.0, 45.0, 33.0, -21.0, 90.0, -17.0, 2.0, 2.0, -59.0, 51.0, -49.0, 62.0, -24.0, 32.0, 82.0, -7.0, 70.0, -32.0, 13.0, 38.0, -29.0, 74.0, 2.0, 32.0, ' -43.0', ' -59.0', ' 19.0]']","['[-21.0', -57.0, -21.0, 42.0, 50.0, -6.0, -55.0, -34.0, 69.0, 0.0, 43.0, 12.0, -38.0, 29.0, -44.0, 97.0, -68.0, 40.0, 25.0, 8.0, 107.0, -41.0, 14.0, -60.0, 0.0, -1.0, -90.0, 10.0, -37.0, 7.0, 49.0, -29.0, 37.0, -58.0, 50.0, -41.0, -65.0, -9.0, -78.0, 29.0, -32.0, -15.0, 36.0, -71.0, 1.0, -56.0, 64.0, 53.0, 31.0, 36.0, 18.0, 77.0, -12.0, -50.0, 33.0, -62.0, 55.0, -90.0, 58.0, 20.0, 13.0, 94.0, -30.0, 17.0, -50.0, 22.0, -2.0, -77.0, 32.0, -29.0, 43.0, 37.0, 0.0, 56.0, -60.0, -25.0, 5.0, -14.0, 76.0, ' -74.0', ' 4.0', ' -118.0]']",,,,,,
1740060571.728588,ble-pd-B43A31EF7B26,84581ff7-771a-32dc-d80b-94f38b70ca42,6244,21,-65.0,-72.0,-71.0,-57.0,-54.0,-51.0,-60.0,2.7994195967242703,-1.4308093946237534,0.4778800228487996,-1.568469123476331,-0.954648667731773,-2.671554121357707,-1.125640496969683,0.1792771802338409,0.2614762298456251,0.1335918002217517,0.2320000466502486,0.2073147157981802,0.8690855200781249,1.1821334150267548,-3.563922166824341,7.020029067993164,1.891324520111084,-3.54,6.84,1.96,"['[-56.0', -25.0, 39.0, 51.0, -6.0, -55.0, -28.0, 36.0, -1.0, 29.0, -82.0, -24.0, -26.0, 24.0, 1.0, -4.0, -24.0, 82.0, -38.0, -42.0, -2.0, 50.0, 3.0, -4.0, -5.0, 71.0, -6.0, -48.0, 36.0, 15.0, -1.0, -27.0, 20.0, 42.0, -45.0, -52.0, 9.0, -18.0, 26.0, -32.0, 35.0, 0.0, 30.0, -86.0, -26.0, -23.0, 25.0, -3.0, -4.0, -23.0, 85.0, -39.0, -41.0, -2.0, 50.0, 2.0, -5.0, -4.0, 72.0, -5.0, -49.0, 36.0, 14.0, -5.0, -26.0, 21.0, 42.0, -46.0, -52.0, 11.0, -16.0, 23.0, -30.0, 34.0, 0.0, 31.0, -86.0, -25.0, -24.0, 26.0, -8.0, ' -4.0]']","['[-5.0', 50.0, 39.0, -24.0, -55.0, -10.0, 48.0, 43.0, -59.0, -28.0, 56.0, 3.0, -54.0, -30.0, 123.0, 11.0, -59.0, -27.0, 28.0, -8.0, -8.0, -66.0, 82.0, -20.0, -32.0, -51.0, 7.0, 14.0, 1.0, -85.0, 64.0, -22.0, -51.0, -22.0, 21.0, 11.0, -49.0, -68.0, 59.0, -2.0, 44.0, -58.0, -26.0, 50.0, 2.0, -54.0, -30.0, 123.0, 10.0, -60.0, -21.0, 27.0, -12.0, -9.0, -66.0, 82.0, -20.0, -32.0, -50.0, 7.0, 14.0, 3.0, -86.0, 64.0, -23.0, -51.0, -21.0, 20.0, 10.0, -49.0, -68.0, 60.0, -1.0, 44.0, -58.0, -25.0, 48.0, 2.0, -55.0, -28.0, 123.0, ' 11.0]']","['[16.0', 30.0, ' -5.0', -31.0, -2.0, 31.0, 11.0, -26.0, 11.0, -17.0, -35.0, 20.0, -50.0, 0.0, -60.0, -25.0, 15.0, -14.0, -26.0, 18.0, 3.0, 6.0, 24.0, 2.0, -5.0, 65.0, -5.0, 27.0, 9.0, 1.0, 55.0, 25.0, 38.0, 54.0, -21.0, -4.0, 51.0, 8.0, 115.0, 30.0, -30.0, 5.0, -30.0, -42.0, 14.0, -57.0, -2.0, -62.0, -23.0, 24.0, -31.0, -19.0, 17.0, -2.0, 4.0, 13.0, -2.0, -10.0, 54.0, -15.0, 31.0, -2.0, 1.0, 47.0, 22.0, 45.0, 56.0, -30.0, 2.0, 25.0, 5.0, 116.0, 31.0, -31.0, 0.0, -50.0, -48.0, 5.0, -61.0, -3.0, -62.0, ' -16.0]']","['[27.0', ' -10.0', ' -31.0', 2.0, 31.0, 6.0, -29.0, -15.0, -20.0, -81.0, -35.0, -31.0, -37.0, -8.0, -22.0, 17.0, 39.0, -75.0, 33.0, -11.0, -23.0, -6.0, -53.0, -16.0, -26.0, -28.0, -45.0, 15.0, -64.0, 0.0, -30.0, -11.0, 35.0, 12.0, -43.0, 31.0, -108.0, -10.0, 10.0, 2.0, -11.0, -20.0, -77.0, -27.0, -33.0, -26.0, -7.0, -7.0, 22.0, 35.0, -68.0, 37.0, -15.0, -23.0, -7.0, -57.0, -16.0, -25.0, -42.0, -42.0, 7.0, -64.0, -1.0, -42.0, -17.0, 26.0, 0.0, -38.0, 31.0, -117.0, -13.0, -10.0, -4.0, -4.0, -21.0, -67.0, -18.0, -36.0, -14.0, -5.0, 7.0, ' 23.0]']","['[0.0', ' -32.0', ' -18.0', 21.0, 29.0, -7.0, -33.0, -9.0, 28.0, -26.0, 17.0, -43.0, 31.0, -16.0, 66.0, -6.0, -68.0, -32.0, -52.0, 6.0, -87.0, 31.0, -5.0, 47.0, 20.0, -25.0, 23.0, -13.0, 21.0, 69.0, -40.0, 120.0, -14.0, 53.0, 29.0, 75.0, 47.0, 54.0, 55.0, -4.0, -19.0, 31.0, 12.0, 55.0, 29.0, 53.0, -1.0, -26.0, -38.0, 57.0, 15.0, 26.0, -13.0, 68.0, -64.0, 59.0, -98.0, -40.0, -17.0, -17.0, -16.0, -46.0, -40.0, 4.0, -57.0, -2.0, -54.0, -27.0, -37.0, -47.0, 7.0, -34.0, 67.0, 33.0, -67.0, 11.0, -85.0, 5.0, -98.0, 16.0, -35.0, ' 54.0]']","['[-33.0', ' -10.0', ' 27.0', 24.0, -15.0, -33.0, -2.0, 31.0, -63.0, 5.0, -83.0, -2.0, -93.0, 14.0, -19.0, 53.0, -16.0, 4.0, 8.0, 10.0, -16.0, 57.0, -71.0, 90.0, 35.0, 43.0, 5.0, 32.0, 43.0, -2.0, 25.0, -22.0, 15.0, 27.0, 12.0, -11.0, 23.0, -52.0, 0.0, -86.0, -29.0, 61.0, -23.0, 63.0, -31.0, 82.0, -21.0, 64.0, -37.0, -42.0, -29.0, -46.0, 0.0, -57.0, -10.0, 41.0, -21.0, -5.0, -47.0, 14.0, -30.0, -10.0, 57.0, -47.0, 109.0, -21.0, 25.0, 15.0, 66.0, 22.0, 75.0, 42.0, 51.0, 4.0, -13.0, 23.0, 1.0, 42.0, -7.0, 11.0, -60.0, ' -9.0]']","['[-29.0', ' -93.0', -37.0, 64.0, 85.0, -2.0, -87.0, -59.0, 85.0, -24.0, 31.0, 20.0, -58.0, 12.0, -19.0, 19.0, -61.0, -33.0, 73.0, -23.0, 76.0, -10.0, -36.0, -61.0, -34.0, 34.0, -79.0, -33.0, 9.0, -1.0, 37.0, 8.0, 80.0, -12.0, 77.0, 23.0, -74.0, 35.0, -92.0, 21.0, -19.0, -58.0, 84.0, -95.0, 2.0, -7.0, 8.0, 47.0, 22.0, 67.0, 0.0, 1.0, 37.0, -98.0, 17.0, -2.0, 18.0, -39.0, -59.0, 71.0, 3.0, 46.0, -2.0, 0.0, -40.0, 3.0, 30.0, -124.0, -15.0, -6.0, -25.0, 98.0, -18.0, 83.0, -14.0, -80.0, 91.0, -25.0, 72.0, -23.0, -40.0, ' -43.0]']","['[-88.0', -5.0, 85.0, 67.0, -36.0, -93.0, -30.0, 72.0, 4.0, -86.0, 97.0, -21.0, 61.0, -21.0, -44.0, -46.0, -35.0, 27.0, -63.0, -27.0, 64.0, -14.0, 32.0, 27.0, 78.0, 48.0, -28.0, 22.0, -69.0, 5.0, -30.0, 47.0, -68.0, -28.0, 96.0, 1.0, 69.0, 4.0, -47.0, 5.0, -91.0, 65.0, 36.0, -40.0, 29.0, -85.0, 23.0, 12.0, 44.0, -22.0, -43.0, 97.0, 0.0, 20.0, 0.0, -50.0, -64.0, -75.0, -3.0, -43.0, -39.0, 52.0, -4.0, 48.0, -25.0, 105.0, 9.0, -1.0, 17.0, -101.0, 23.0, -38.0, 13.0, 44.0, -85.0, 43.0, -50.0, -16.0, 46.0, -7.0, 28.0, ' -12.0]']",,,,,,
1740060572.73082,ble-pd-B43A31EF7B26,9b601f16-e952-3112-4a3d-1c5d81941d95,6245,33,-70.0,-78.0,-87.0,-61.0,-59.0,-49.0,-60.0,2.760803760918121,-1.4217117700239337,0.4403587462506731,-1.588085035959473,-0.8278946393189315,-2.609811747830552,-1.7136869051484558,0.1333733044990675,0.3714284473617749,0.2277401207495851,0.1804285646416231,0.2163449729320459,0.5266027432239677,0.9349764856542194,-3.5657224655151367,7.001861572265625,1.89642870426178,-3.54,6.84,1.96,"['[17.0', 36.0, 7.0, -32.0, -28.0, 13.0, 38.0, 12.0, -53.0, 4.0, 29.0, 21.0, -57.0, -11.0, 91.0, 15.0, -50.0, 0.0, 43.0, -15.0, -6.0, -16.0, 56.0, -37.0, -6.0, -1.0, 48.0, -34.0, 4.0, -17.0, 24.0, -26.0, -43.0, -37.0, 74.0, -35.0, -22.0, -38.0, 60.0, -40.0, 18.0, -50.0, 17.0, 9.0, 22.0, -61.0, -6.0, 74.0, 22.0, -43.0, 13.0, 32.0, -13.0, -12.0, -9.0, 46.0, -37.0, 1.0, 8.0, 37.0, -36.0, 0.0, -8.0, 15.0, -29.0, -24.0, -35.0, 64.0, -36.0, -22.0, -32.0, 54.0, -37.0, 26.0, -43.0, 32.0, -13.0, 23.0, -62.0, -4.0, 51.0, ' 24.0]']","['[33.0', -4.0, -36.0, -18.0, 24.0, 34.0, -1.0, -36.0, -15.0, -63.0, 91.0, -9.0, 21.0, -15.0, 73.0, -25.0, -29.0, -48.0, 32.0, -3.0, 27.0, -28.0, 36.0, -5.0, -33.0, -39.0, 39.0, 16.0, 15.0, -41.0, 27.0, 14.0, -61.0, -8.0, 27.0, 8.0, 8.0, -21.0, 23.0, -6.0, -31.0, -25.0, -62.0, 95.0, -5.0, 8.0, -17.0, 91.0, -21.0, -39.0, -47.0, 45.0, -7.0, 24.0, -32.0, 49.0, -12.0, -34.0, -39.0, 50.0, 8.0, 15.0, -44.0, 31.0, 8.0, -71.0, -17.0, 44.0, 2.0, 4.0, -30.0, 36.0, -13.0, -26.0, -36.0, -55.0, 95.0, -1.0, -3.0, -18.0, 105.0, ' -13.0]']","['[-12.0', -14.0, ' 9.0', 14.0, -4.0, -17.0, 0.0, 15.0, -24.0, 50.0, 24.0, -6.0, 49.0, -4.0, 12.0, 2.0, -9.0, 23.0, -3.0, -6.0, 22.0, -3.0, 51.0, -3.0, 2.0, -15.0, 4.0, -32.0, 51.0, -3.0, 35.0, -8.0, -30.0, -4.0, 48.0, -25.0, 119.0, -17.0, 0.0, -42.0, 16.0, -21.0, 53.0, 20.0, -1.0, 45.0, -4.0, 9.0, 2.0, -11.0, 21.0, -7.0, -3.0, 17.0, -2.0, 49.0, 1.0, 5.0, -10.0, 1.0, -32.0, 48.0, -4.0, 42.0, -5.0, -25.0, -2.0, 42.0, -29.0, 122.0, -18.0, 13.0, -42.0, 14.0, -16.0, 53.0, 11.0, 2.0, 37.0, -4.0, 5.0, ' 2.0]']","['[-12.0', ' 10.0', ' 14.0', -7.0, -16.0, 1.0, 17.0, 2.0, 20.0, 9.0, -33.0, 27.0, -24.0, -1.0, -22.0, -1.0, -11.0, -9.0, -25.0, 4.0, -23.0, 4.0, -10.0, 21.0, 14.0, 24.0, -9.0, -2.0, -7.0, -6.0, 47.0, 15.0, 32.0, 12.0, -44.0, -21.0, 26.0, -7.0, 94.0, -7.0, 0.0, 25.0, 3.0, -38.0, 28.0, -31.0, -1.0, -25.0, -3.0, -9.0, -13.0, -26.0, 6.0, -28.0, 6.0, -19.0, 22.0, 12.0, 27.0, -10.0, 1.0, -14.0, -6.0, 41.0, 16.0, 36.0, 13.0, -51.0, -15.0, 8.0, -3.0, 92.0, 0.0, -3.0, 27.0, -5.0, -41.0, 28.0, -40.0, 0.0, -26.0, ' -2.0]']","['[-5.0', ' 2.0', ' 5.0', 0.0, -6.0, -3.0, 3.0, 1.0, -67.0, 70.0, -41.0, 21.0, -38.0, -16.0, -17.0, -62.0, 42.0, -17.0, 29.0, -42.0, 63.0, -72.0, -20.0, -65.0, 52.0, -18.0, 14.0, 11.0, 14.0, -59.0, 31.0, -71.0, -28.0, -45.0, -2.0, -58.0, 4.0, -26.0, 21.0, -12.0, 2.0, -18.0, -18.0, 6.0, -6.0, 4.0, 43.0, 48.0, 85.0, -87.0, 42.0, -43.0, 35.0, -71.0, 81.0, -19.0, 50.0, -4.0, 29.0, 3.0, -15.0, 12.0, 8.0, -31.0, 31.0, 67.0, 26.0, 56.0, 38.0, 28.0, -3.0, -3.0, -46.0, -4.0, 96.0, -43.0, 31.0, -12.0, 34.0, -46.0, -55.0, ' -66.0]']","['[5.0', ' 6.0', ' -2.0', -6.0, -2.0, 6.0, 5.0, -3.0, 100.0, -50.0, 32.0, -12.0, 37.0, -44.0, -54.0, -58.0, 83.0, -42.0, 32.0, -5.0, 35.0, -40.0, 50.0, -6.0, -48.0, -22.0, -21.0, 9.0, -32.0, 51.0, 11.0, 29.0, -64.0, 8.0, -82.0, 4.0, -45.0, 31.0, -17.0, 83.0, 5.0, -120.0, 84.0, -53.0, 24.0, -55.0, 21.0, 27.0, 2.0, -34.0, 19.0, -4.0, -25.0, 15.0, -18.0, -49.0, -41.0, 71.0, 3.0, 25.0, 3.0, 34.0, -77.0, 15.0, -72.0, 28.0, -38.0, 58.0, -45.0, 36.0, -41.0, 27.0, -70.0, 0.0, 74.0, -73.0, 42.0, -21.0, 43.0, 11.0, 13.0, ' 57.0]']","['[32.0', ' -63.0', -76.0, 5.0, 80.0, 52.0, -43.0, -84.0, 31.0, 63.0, -57.0, 41.0, -69.0, 18.0, -3.0, 45.0, 8.0, -19.0, 83.0, 16.0, 25.0, 10.0, -57.0, -17.0, -31.0, -13.0, -37.0, -40.0, 36.0, -4.0, 40.0, -15.0, 53.0, 19.0, -34.0, 10.0, -120.0, 19.0, -40.0, -12.0, 57.0, -58.0, -6.0, 14.0, -43.0, 63.0, -18.0, 30.0, -35.0, 26.0, 30.0, -60.0, -1.0, -64.0, 1.0, 43.0, 30.0, 17.0, -12.0, 68.0, 32.0, 8.0, 12.0, -30.0, 22.0, -33.0, 2.0, -41.0, -17.0, 92.0, -23.0, 80.0, 5.0, -5.0, 56.0, -53.0, 38.0, 26.0, -32.0, 11.0, -42.0, ' 13.0]']","['[-78.0', -57.0, 37.0, 84.0, 26.0, -65.0, -73.0, 10.0, 50.0, -70.0, 49.0, 17.0, -14.0, 7.0, -42.0, 0.0, -51.0, -24.0, -10.0, -18.0, 69.0, -16.0, -1.0, -25.0, 11.0, 37.0, -62.0, -2.0, -59.0, -15.0, -2.0, -16.0, -14.0, -28.0, 115.0, 14.0, 6.0, 13.0, -78.0, 7.0, -63.0, -18.0, 95.0, -75.0, 12.0, -32.0, 5.0, 29.0, 27.0, 45.0, 6.0, 58.0, 25.0, -38.0, 20.0, -36.0, 9.0, -27.0, -38.0, 24.0, -24.0, 69.0, 9.0, 26.0, 2.0, 44.0, 35.0, -113.0, -4.0, -79.0, 2.0, 38.0, -14.0, 84.0, -22.0, -79.0, 67.0, -37.0, 64.0, -16.0, -5.0, ' -39.0]']",,,,,,
1740060573.730814,ble-pd-B43A31EF7B26,040d7dd3-55dc-e4d5-7282-784d81b717e7,6246,8,-63.0,-70.0,-67.0,-61.0,-50.0,-57.0,-63.0,2.720179369017835,-1.4911896481224658,0.4748059360025211,-1.5031610898545902,-0.7678765533541423,-1.4988862698979544,-2.0793652751048675,0.0898474152358963,0.3990635040717955,0.2345969449634553,0.3534074687659675,0.437044954028746,0.940593953664617,0.9823656607772768,-3.5728137493133545,6.960445880889893,1.8857065439224243,-3.54,6.84,1.96,"['[72.0', 51.0, -40.0, -77.0, -12.0, 71.0, 55.0, -33.0, -14.0, -102.0, 101.0, 29.0, -2.0, -53.0, 66.0, 26.0, -3.0, -69.0, 71.0, 51.0, -35.0, 18.0, 4.0, 55.0, 7.0, -50.0, 64.0, -8.0, 3.0, 29.0, -1.0, 103.0, -34.0, -42.0, 52.0, 27.0, 44.0, -58.0, 22.0, 45.0, -42.0, -22.0, -97.0, 90.0, 26.0, 0.0, -40.0, 53.0, 27.0, -7.0, -58.0, 67.0, 51.0, -25.0, 37.0, -7.0, 70.0, 7.0, -39.0, 61.0, -8.0, 16.0, 33.0, 1.0, 109.0, -25.0, -27.0, 37.0, 37.0, 53.0, -46.0, 16.0, 40.0, -56.0, -29.0, -89.0, 76.0, 23.0, 0.0, -26.0, 37.0, ' 25.0]']","['[30.0', -59.0, -68.0, 15.0, 78.0, 35.0, -56.0, -71.0, -38.0, 12.0, -56.0, -17.0, 2.0, 74.0, -70.0, 3.0, -19.0, 63.0, -17.0, 0.0, 46.0, 124.0, -68.0, 94.0, 0.0, 49.0, -7.0, 0.0, 76.0, 21.0, 13.0, 46.0, 41.0, 73.0, -77.0, 55.0, 47.0, 68.0, -35.0, -22.0, -65.0, -36.0, 34.0, -74.0, -20.0, 3.0, 83.0, -80.0, -2.0, -17.0, 73.0, -29.0, -9.0, 51.0, 121.0, -68.0, 84.0, 0.0, 57.0, -19.0, 2.0, 74.0, 14.0, 13.0, 26.0, 47.0, 82.0, -85.0, 49.0, 39.0, 77.0, -38.0, -30.0, -55.0, -31.0, 52.0, -88.0, -24.0, 2.0, 88.0, -89.0, ' -3.0]']","['[26.0', -19.0, ' -32.0', 11.0, 35.0, -1.0, -35.0, -8.0, 1.0, -89.0, -6.0, -30.0, 6.0, -1.0, 16.0, 24.0, 4.0, -82.0, 26.0, -19.0, -44.0, 9.0, -47.0, 28.0, -4.0, -18.0, -43.0, 0.0, -56.0, -42.0, 4.0, -10.0, 37.0, -7.0, -85.0, 24.0, -91.0, 13.0, 14.0, -2.0, 0.0, 7.0, -83.0, 2.0, -34.0, 13.0, 0.0, 23.0, 31.0, -3.0, -77.0, 30.0, -25.0, -43.0, 13.0, -53.0, 32.0, -4.0, -37.0, -33.0, -6.0, -58.0, -41.0, -4.0, -12.0, 33.0, -21.0, -76.0, 15.0, -107.0, 4.0, -3.0, 12.0, 11.0, 10.0, -71.0, 11.0, -37.0, 22.0, 0.0, 28.0, ' 35.0]']","['[-24.0', ' -30.0', ' 14.0', 33.0, -5.0, -35.0, -1.0, 34.0, 10.0, 11.0, 31.0, -22.0, 32.0, 0.0, 26.0, 31.0, -29.0, 13.0, 14.0, -23.0, -1.0, 11.0, -29.0, 14.0, 1.0, -74.0, 28.0, -17.0, -15.0, -2.0, -29.0, -15.0, -9.0, -46.0, 19.0, -31.0, -74.0, -30.0, -72.0, 38.0, 36.0, 13.0, 36.0, 34.0, -13.0, 30.0, 1.0, 19.0, 24.0, -29.0, 35.0, 6.0, -17.0, 12.0, 10.0, -16.0, 5.0, 3.0, -67.0, 40.0, -17.0, 2.0, 8.0, -30.0, -12.0, -19.0, -42.0, 41.0, -37.0, -46.0, -32.0, -74.0, 38.0, 35.0, 8.0, 57.0, 33.0, -3.0, 24.0, 2.0, 12.0, ' 16.0]']","['[-42.0', ' -16.0', ' 33.0', 34.0, -13.0, -42.0, -8.0, 39.0, 42.0, -118.0, -10.0, -47.0, -70.0, 11.0, -74.0, 21.0, 19.0, -11.0, 32.0, 28.0, -11.0, 40.0, -1.0, 87.0, -30.0, 37.0, -16.0, 26.0, 9.0, 30.0, -2.0, 18.0, 7.0, 63.0, 33.0, 85.0, 35.0, 66.0, 38.0, -13.0, -38.0, 35.0, 65.0, 3.0, 45.0, 38.0, -32.0, 44.0, -47.0, 14.0, -37.0, -42.0, -47.0, -43.0, -41.0, -45.0, -25.0, 31.0, -88.0, 45.0, -45.0, 4.0, -20.0, 2.0, 14.0, -28.0, 45.0, -51.0, 29.0, -50.0, 8.0, -17.0, 87.0, -2.0, -79.0, 57.0, 6.0, 3.0, 31.0, 19.0, 30.0, ' 26.0]']","['[-6.0', ' 38.0', ' 25.0', -24.0, -40.0, 3.0, 41.0, 20.0, -66.0, -8.0, 0.0, -24.0, -6.0, 30.0, -8.0, 42.0, -27.0, 49.0, 30.0, 39.0, 56.0, 24.0, 53.0, -17.0, -19.0, 80.0, -41.0, 36.0, -11.0, 8.0, -2.0, -26.0, 29.0, -86.0, 40.0, -81.0, 37.0, -47.0, 0.0, -91.0, 22.0, 71.0, -99.0, -9.0, -28.0, -59.0, -4.0, -59.0, -4.0, 31.0, -34.0, 13.0, 5.0, -37.0, 23.0, -28.0, 85.0, -17.0, -6.0, 6.0, 6.0, 14.0, 23.0, 0.0, 28.0, -7.0, 98.0, 10.0, 114.0, 14.0, 80.0, 34.0, 32.0, -45.0, -2.0, 104.0, 6.0, 52.0, 63.0, -25.0, 67.0, ' -36.0]']","['[65.0', ' 37.0', -39.0, -64.0, -5.0, 60.0, 47.0, -26.0, -3.0, 31.0, -114.0, -28.0, -21.0, 36.0, 49.0, 55.0, 86.0, -48.0, 73.0, -27.0, -26.0, -29.0, -68.0, -12.0, -54.0, -12.0, 35.0, 2.0, 109.0, -20.0, 1.0, -40.0, 22.0, 41.0, -91.0, 59.0, -76.0, 49.0, 0.0, 67.0, 66.0, -95.0, 7.0, 45.0, 21.0, 83.0, 1.0, -14.0, -91.0, -1.0, 13.0, -95.0, 0.0, -66.0, 35.0, 47.0, 56.0, 74.0, -28.0, 85.0, -17.0, -27.0, -16.0, -39.0, -4.0, -26.0, 27.0, 9.0, -39.0, 104.0, -32.0, 64.0, -60.0, -30.0, 90.0, -39.0, 75.0, 9.0, -49.0, -39.0, -36.0, ' 27.0]']","['[13.0', -55.0, -53.0, 16.0, 66.0, 27.0, -46.0, -60.0, 108.0, -23.0, 5.0, -11.0, -81.0, -20.0, -6.0, 73.0, -41.0, 7.0, 70.0, 12.0, 83.0, -24.0, -19.0, -56.0, -57.0, 38.0, -115.0, 17.0, -19.0, 30.0, 44.0, 24.0, 17.0, -50.0, 34.0, 15.0, -79.0, 11.0, -72.0, 34.0, 3.0, -52.0, 40.0, -105.0, -21.0, 14.0, 41.0, 47.0, 16.0, 96.0, -45.0, 37.0, -29.0, -58.0, -15.0, -53.0, 14.0, -23.0, -29.0, 84.0, -4.0, 107.0, -32.0, -20.0, -48.0, 12.0, 59.0, -97.0, 47.0, -35.0, 40.0, 33.0, 45.0, 59.0, -62.0, -10.0, 86.0, 28.0, 69.0, -16.0, -34.0, ' -82.0]']",,,,,,
1740060574.728571,ble-pd-B43A31EF7B26,290a9399-7c79-3588-c268-3e023072f12d,6247,31,-69.0,-81.0,-70.0,-64.0,-61.0,-47.0,-63.0,2.7033364730197373,-1.4245602871258822,0.4091808530530065,-1.5067301251894596,-0.916783521431274,-2.149138557149768,-2.244478818096023,0.0974535115000819,0.3299930563305317,0.1293980122622846,0.312934111389002,0.2645192550537568,0.6450229693019455,0.9509624398033,-3.568317413330078,6.923516750335693,1.8932534456253047,-3.54,6.84,1.96,"['[-38.0', -31.0, 18.0, 43.0, 11.0, -36.0, -35.0, 15.0, 33.0, 10.0, -58.0, -35.0, -15.0, 44.0, -76.0, -11.0, 28.0, 94.0, -6.0, -22.0, 10.0, 66.0, -36.0, 22.0, -11.0, 93.0, 15.0, 7.0, 3.0, 88.0, -52.0, 13.0, 24.0, 121.0, -15.0, -3.0, 49.0, 94.0, -17.0, -2.0, 7.0, 52.0, -1.0, -48.0, -42.0, -1.0, 30.0, -71.0, -22.0, 42.0, 92.0, 2.0, -36.0, 16.0, 53.0, -30.0, 9.0, -1.0, 98.0, 21.0, -7.0, 0.0, 75.0, -44.0, 0.0, 14.0, 126.0, -12.0, -13.0, 46.0, 95.0, -20.0, -9.0, -1.0, 73.0, -13.0, -37.0, -45.0, 15.0, 16.0, -62.0, ' -30.0]']","['[-20.0', 29.0, 39.0, -3.0, -41.0, -24.0, 27.0, 41.0, -96.0, 49.0, -33.0, 33.0, -68.0, 53.0, -14.0, 46.0, -65.0, 1.0, -35.0, 64.0, -22.0, 55.0, -28.0, 60.0, -39.0, -31.0, -28.0, 61.0, 22.0, 48.0, -26.0, 59.0, 38.0, -34.0, -18.0, 48.0, 0.0, -15.0, 24.0, 35.0, 45.0, -89.0, 49.0, -44.0, 24.0, -70.0, 59.0, -34.0, 42.0, -57.0, 29.0, -37.0, 57.0, -20.0, 67.0, -34.0, 62.0, -42.0, -12.0, -25.0, 63.0, 21.0, 68.0, -37.0, 61.0, 42.0, -7.0, -21.0, 48.0, 9.0, 6.0, 21.0, 32.0, 44.0, -74.0, 47.0, -54.0, 15.0, -67.0, 66.0, -48.0, ' 36.0]']","['[13.0', 3.0, ' -12.0', -7.0, 8.0, 10.0, -6.0, -10.0, 0.0, 33.0, 54.0, 3.0, 53.0, 6.0, 36.0, -1.0, 11.0, 42.0, 18.0, 15.0, 31.0, -6.0, 35.0, -34.0, -10.0, 0.0, 14.0, -6.0, 41.0, 2.0, 4.0, -12.0, -50.0, -17.0, 51.0, -20.0, 68.0, -14.0, -47.0, -16.0, -10.0, -2.0, 36.0, 55.0, 5.0, 54.0, 7.0, 34.0, 1.0, 11.0, 44.0, 18.0, 16.0, 33.0, -5.0, 37.0, -35.0, -5.0, 4.0, 15.0, -4.0, 46.0, 4.0, 11.0, -10.0, -51.0, -14.0, 55.0, -24.0, 81.0, -15.0, -36.0, -20.0, -9.0, -1.0, 38.0, 54.0, 5.0, 53.0, 10.0, 29.0, ' 4.0]']","['[0.0', ' -12.0', ' -4.0', 11.0, 8.0, -7.0, -10.0, 5.0, 1.0, 21.0, 4.0, 12.0, 1.0, 13.0, -26.0, 17.0, 3.0, 7.0, -2.0, 10.0, 14.0, 5.0, 34.0, -2.0, 29.0, 21.0, 20.0, 14.0, 42.0, 7.0, 60.0, -3.0, 0.0, 26.0, 19.0, -16.0, 105.0, -6.0, 75.0, -33.0, 6.0, 0.0, 18.0, -4.0, 12.0, -6.0, 12.0, -30.0, 17.0, 2.0, 2.0, -5.0, 6.0, 10.0, 5.0, 30.0, 1.0, 30.0, 21.0, 18.0, 14.0, 36.0, 6.0, 60.0, 0.0, 4.0, 29.0, 10.0, -15.0, 98.0, -6.0, 79.0, -30.0, 6.0, 0.0, 12.0, -10.0, 11.0, -15.0, 11.0, -34.0, ' 16.0]']","['[33.0', ' 16.0', ' -24.0', -29.0, 8.0, 34.0, 8.0, -28.0, -3.0, -47.0, 13.0, 0.0, 3.0, 3.0, 38.0, 76.0, 14.0, -58.0, 28.0, -20.0, 16.0, 28.0, 30.0, 67.0, -23.0, 16.0, -23.0, 30.0, 0.0, 39.0, -28.0, 34.0, 44.0, 84.0, -22.0, 68.0, -13.0, -4.0, -35.0, -65.0, 32.0, 12.0, 70.0, -3.0, 2.0, 0.0, -16.0, -16.0, -79.0, -4.0, 13.0, -6.0, 3.0, 0.0, -36.0, 15.0, -35.0, 21.0, -54.0, 46.0, -48.0, 29.0, -6.0, 45.0, 54.0, -24.0, -46.0, 21.0, -34.0, 35.0, 21.0, 40.0, 57.0, -20.0, -15.0, -59.0, -9.0, -3.0, -2.0, 20.0, -13.0, ' 40.0]']","['[7.0', ' -30.0', ' -24.0', 16.0, 33.0, 0.0, -32.0, -19.0, -14.0, -54.0, -10.0, -3.0, -3.0, 21.0, -16.0, 32.0, -7.0, 39.0, -19.0, 15.0, -19.0, 23.0, -54.0, -20.0, -6.0, 62.0, -43.0, 38.0, -41.0, -35.0, -35.0, -114.0, -8.0, -21.0, -8.0, -23.0, -39.0, -26.0, -21.0, -17.0, -4.0, 7.0, 8.0, 17.0, 1.0, 3.0, -12.0, 37.0, 25.0, 14.0, -69.0, 34.0, -25.0, 24.0, 0.0, 60.0, 60.0, -10.0, -34.0, 15.0, -9.0, 28.0, 53.0, 8.0, 107.0, 38.0, 74.0, -9.0, 64.0, 20.0, 14.0, -8.0, -33.0, 22.0, 1.0, 39.0, -15.0, 0.0, -3.0, -2.0, -39.0, ' -73.0]']","['[79.0', ' 30.0', -59.0, -72.0, 7.0, 76.0, 45.0, -40.0, -8.0, 57.0, -33.0, 15.0, 9.0, -43.0, 50.0, -18.0, 56.0, 40.0, 13.0, 45.0, -50.0, 37.0, -2.0, 1.0, -25.0, -24.0, 33.0, -18.0, 46.0, 39.0, 11.0, 1.0, -33.0, -30.0, -123.0, -39.0, -63.0, -37.0, 47.0, -14.0, 74.0, -14.0, -70.0, 35.0, -56.0, 31.0, -4.0, -50.0, -1.0, -53.0, -16.0, -51.0, -33.0, 20.0, -50.0, 20.0, 9.0, 36.0, 59.0, 7.0, 51.0, -39.0, -5.0, -35.0, 10.0, -22.0, 31.0, 94.0, 25.0, 94.0, 45.0, 5.0, 11.0, -75.0, 32.0, 53.0, -22.0, 71.0, -57.0, 51.0, 26.0, ' 16.0]']","['[-1.0', -74.0, -52.0, 36.0, 78.0, 21.0, -65.0, -66.0, 34.0, 38.0, -12.0, 67.0, -58.0, 63.0, 15.0, 25.0, 16.0, -27.0, 63.0, -3.0, 30.0, 33.0, -31.0, -15.0, -24.0, -63.0, -53.0, -60.0, 5.0, -40.0, 42.0, -16.0, 77.0, -11.0, 0.0, 7.0, -72.0, -27.0, -73.0, 0.0, 27.0, -34.0, 7.0, -8.0, -44.0, 52.0, -76.0, 18.0, -30.0, 22.0, 47.0, -42.0, 31.0, -55.0, -5.0, 24.0, 12.0, 2.0, 33.0, 62.0, 36.0, 24.0, 56.0, -25.0, 14.0, -82.0, -11.0, -79.0, -31.0, 17.0, 0.0, 87.0, -9.0, 25.0, 17.0, -47.0, 30.0, -3.0, -21.0, 57.0, -48.0, ' 26.0]']",,,,,,
1740060575.729673,ble-pd-B43A31EF7B26,452dc4ff-9be5-5bfa-626d-315df9a0b76f,6248,16,-70.0,-79.0,-68.0,-72.0,,,,2.7816078427216024,-1.4451485197230125,0.4106378684853889,-1.4790405735456331,,,,0.1243888226336842,0.3236605918905413,0.065831115910535,0.1949845209878851,,,,-3.551432609558105,6.889919757843018,1.9151499271392824,-3.54,6.84,1.96,"['[28.0', 8.0, -21.0, -22.0, 6.0, 27.0, 12.0, -20.0, 27.0, -108.0, 29.0, 40.0, 29.0, -60.0, 84.0, -52.0, 32.0, -55.0, -11.0, 25.0, 20.0, -33.0, 46.0, -30.0, 31.0, -102.0, 12.0, -18.0, -5.0, -35.0, 15.0, 23.0, 26.0, -15.0, -5.0, -22.0, 49.0, 0.0, -5.0, 6.0, -20.0, 27.0, -108.0, 28.0, 39.0, 29.0, -57.0, 84.0, -52.0, 36.0, -55.0, -12.0, 24.0, 20.0, -30.0, 46.0, -26.0, 30.0, -100.0, 13.0, -19.0, -5.0, -32.0, 14.0, 27.0, 27.0, -9.0, -3.0, -23.0, 50.0, 3.0, -2.0, 5.0, -20.0, 27.0, -109.0, 26.0, 38.0, 28.0, -54.0, 80.0, ' -51.0]']","['[0.0', -27.0, -18.0, 16.0, 27.0, 3.0, -24.0, -18.0, 17.0, -12.0, -28.0, -40.0, -10.0, 75.0, -48.0, 3.0, 52.0, -9.0, -12.0, -32.0, -1.0, 100.0, -31.0, 80.0, 9.0, 38.0, 12.0, -34.0, 34.0, 76.0, -3.0, 48.0, 22.0, 121.0, 11.0, -15.0, 24.0, 96.0, 39.0, -20.0, -18.0, 14.0, -8.0, -30.0, -42.0, -11.0, 77.0, -48.0, 3.0, 50.0, -7.0, -12.0, -34.0, -1.0, 101.0, -30.0, 81.0, 8.0, 43.0, 12.0, -33.0, 35.0, 78.0, -3.0, 46.0, 22.0, 122.0, 11.0, -14.0, 24.0, 96.0, 40.0, -21.0, -17.0, 14.0, -7.0, -32.0, -42.0, -13.0, 80.0, -53.0, ' 4.0]']","['[18.0', 3.0, ' -16.0', -8.0, 14.0, 13.0, -11.0, -14.0, 13.0, 3.0, -23.0, -2.0, -38.0, -19.0, -44.0, 2.0, 4.0, 15.0, -18.0, 14.0, 10.0, 5.0, 37.0, -19.0, 11.0, 18.0, 1.0, 10.0, 44.0, 8.0, 67.0, 4.0, 8.0, 28.0, 24.0, -11.0, 108.0, 25.0, 74.0, 31.0, -12.0, 9.0, -17.0, -36.0, -5.0, -47.0, -20.0, -47.0, 9.0, 8.0, 4.0, -16.0, 6.0, 4.0, -1.0, 24.0, -18.0, 9.0, 19.0, -7.0, 14.0, 29.0, 7.0, 68.0, 7.0, 13.0, 26.0, 5.0, -7.0, 94.0, 27.0, 89.0, 40.0, -7.0, 5.0, -37.0, -43.0, -8.0, -56.0, -18.0, -53.0, ' 17.0]']","['[0.0', ' -18.0', ' -5.0', 15.0, 8.0, -13.0, -12.0, 8.0, -19.0, -89.0, -45.0, -16.0, -51.0, 1.0, -26.0, 34.0, 19.0, -50.0, 10.0, -30.0, -26.0, -34.0, -54.0, -2.0, -6.0, 10.0, -45.0, 15.0, -61.0, -5.0, 9.0, 5.0, 29.0, -13.0, -72.0, 16.0, -52.0, 12.0, 69.0, 32.0, 9.0, -20.0, -89.0, -39.0, -15.0, -42.0, 5.0, -16.0, 33.0, 19.0, -53.0, 16.0, -33.0, -28.0, -34.0, -61.0, 0.0, -10.0, 7.0, -43.0, 12.0, -69.0, -7.0, -9.0, 3.0, 27.0, -18.0, -76.0, 20.0, -74.0, 6.0, 49.0, 21.0, 13.0, -21.0, -83.0, -28.0, -14.0, -29.0, 11.0, -2.0, ' 29.0]']","['[-29.0', ' -11.0', ' 24.0', 22.0, -11.0, -29.0, -4.0, 26.0, 21.0, -81.0, -28.0, -18.0, -22.0, -13.0, -29.0, 16.0, 35.0, 7.0, 16.0, 38.0, 9.0, 69.0, -6.0, 114.0, -4.0, 31.0, 2.0, 61.0, -3.0, 61.0, -20.0, 1.0, 43.0, 22.0, -1.0, -21.0, -1.0, -28.0, -17.0, -60.0, -27.0, -11.0, 60.0, 19.0, -5.0, 17.0, -48.0, 39.0, -59.0, -29.0, -50.0, -16.0, -55.0, -2.0, -57.0, 9.0, -38.0, 14.0, -36.0, 3.0, -13.0, 9.0, 4.0, 9.0, 74.0, -9.0, 32.0, 26.0, 68.0, 28.0, 96.0, 19.0, 92.0, 5.0, -7.0, 11.0, 6.0, 27.0, 2.0, 67.0, -16.0, ' 50.0]']","['[-4.0', ' 27.0', ' 18.0', -18.0, -27.0, 4.0, 29.0, 14.0, -2.0, -16.0, -5.0, 21.0, -5.0, 66.0, -27.0, 61.0, 9.0, 56.0, 7.0, 41.0, -3.0, 19.0, -6.0, -34.0, -14.0, 22.0, -6.0, -31.0, -8.0, -49.0, 4.0, -93.0, -20.0, -53.0, -31.0, -70.0, -33.0, -98.0, -11.0, -69.0, 14.0, 18.0, -58.0, -20.0, -28.0, -15.0, -47.0, -7.0, -22.0, 22.0, -24.0, 9.0, 7.0, 10.0, 44.0, -3.0, 114.0, 3.0, 12.0, 6.0, 68.0, 2.0, 78.0, -19.0, 57.0, 47.0, 47.0, 18.0, 24.0, 18.0, 35.0, -6.0, -10.0, -30.0, -19.0, 82.0, 29.0, 11.0, 24.0, -10.0, 36.0, ' -34.0]']","['[-25.0', ' -15.0', 14.0, 26.0, 4.0, -23.0, -21.0, 7.0, -11.0, 30.0, 54.0, 10.0, 21.0, -34.0, -49.0, 4.0, -24.0, 64.0, -47.0, 53.0, 33.0, 32.0, 65.0, -8.0, 62.0, 0.0, 5.0, 2.0, -66.0, 58.0, -26.0, 35.0, -84.0, -33.0, 58.0, -46.0, 80.0, -42.0, -31.0, -21.0, -26.0, 59.0, -60.0, -2.0, -46.0, -36.0, 7.0, 22.0, 53.0, -2.0, -21.0, 75.0, -37.0, 45.0, -60.0, -34.0, -25.0, -19.0, 37.0, -46.0, 29.0, 23.0, -10.0, 55.0, -26.0, 80.0, 25.0, 13.0, 41.0, -102.0, 64.0, -78.0, 40.0, 19.0, -56.0, 37.0, -51.0, 44.0, 18.0, 25.0, 25.0, ' -66.0]']","['[-7.0', 21.0, 22.0, -6.0, -26.0, -13.0, 16.0, 24.0, -63.0, 51.0, -34.0, 50.0, 27.0, 13.0, 5.0, -67.0, 20.0, -18.0, -58.0, 10.0, -83.0, 51.0, -6.0, 36.0, -19.0, -47.0, 51.0, -37.0, 17.0, -23.0, -48.0, 6.0, -36.0, -7.0, -58.0, -17.0, 67.0, -49.0, 116.0, -33.0, -6.0, 28.0, -3.0, 63.0, -21.0, 1.0, -36.0, -44.0, 43.0, -32.0, 62.0, -4.0, 38.0, 77.0, -5.0, 57.0, -27.0, 62.0, 28.0, -23.0, 23.0, -64.0, 63.0, 6.0, 25.0, -47.0, -24.0, 82.0, -29.0, 25.0, -5.0, -92.0, 0.0, -18.0, 31.0, -47.0, -39.0, -26.0, -31.0, 27.0, 42.0, ' 15.0]']",,,,,,
1740060576.730036,ble-pd-B43A31EF7B26,b1dd93ac-7f0e-7ccb-5a6c-3fa39f022f04,6249,8,-67.0,,,,,,,2.6503949610778346,,,,,,,0.1098646244834213,,,,,,,,,,-3.54,6.84,1.96,"['[-23.0', -23.0, 17.0, 43.0, 5.0, -18.0, -37.0, 10.0, -11.0, 99.0, -25.0, -28.0, 6.0, 70.0, -76.0, 6.0, 16.0, 73.0, -4.0, -55.0, 5.0, 75.0, -52.0, 51.0, -18.0, 61.0, -39.0, -7.0, 5.0, 52.0, -23.0, 30.0, 41.0, 65.0, -13.0, 14.0, -44.0, 60.0, 0.0, -6.0, 21.0, -22.0, 120.0, -12.0, -26.0, -10.0, 95.0, -80.0, 10.0, 5.0, 92.0, -3.0, -48.0, 0.0, 59.0, -56.0, 30.0, -10.0, 88.0, -30.0, -6.0, -9.0, 62.0, -20.0, 38.0, 38.0, 35.0, 4.0, 2.0, -47.0, 47.0, -6.0, -2.0, 18.0, -7.0, 107.0, -31.0, -43.0, -9.0, 98.0, -57.0, ' 24.0]']","['[-26.0', 14.0, 30.0, 5.0, -28.0, -26.0, 16.0, 35.0, 16.0, 54.0, -27.0, 9.0, 22.0, 8.0, -15.0, 12.0, -41.0, 46.0, 9.0, 35.0, 2.0, -50.0, 0.0, -44.0, -12.0, 6.0, 2.0, 46.0, -22.0, -38.0, -15.0, 2.0, -9.0, -37.0, 50.0, -31.0, -30.0, -52.0, -30.0, -7.0, 31.0, 0.0, 31.0, -28.0, 16.0, 27.0, 6.0, 3.0, 6.0, -42.0, 31.0, 0.0, 44.0, 10.0, -41.0, 15.0, -17.0, 0.0, -32.0, -4.0, 38.0, -18.0, -21.0, -2.0, -14.0, -13.0, -68.0, 56.0, -7.0, -11.0, -60.0, -17.0, 37.0, 24.0, 10.0, 39.0, 1.0, 26.0, 18.0, -17.0, 18.0, ' -2.0]']","[nan, nan, nan, nan, nan, nan, nan, nan, nan, nan, nan, nan, nan, nan, nan, nan, nan, nan, nan, nan, nan, nan, nan, nan, nan, nan, nan, nan, nan, nan, nan, nan, nan, nan, nan, nan, nan, nan, nan, nan, nan, nan, nan, nan, nan, nan, nan, nan, nan, nan, nan, nan, nan, nan, nan, nan, nan, nan, nan, nan, nan, nan, nan, nan, nan, nan, nan, nan, nan, nan, nan, nan, nan, nan, nan, nan, nan, nan, nan, nan, nan, nan]","[nan, nan, nan, nan, nan, nan, nan, nan, nan, nan, nan, nan, nan, nan, nan, nan, nan, nan, nan, nan, nan, nan, nan, nan, nan, nan, nan, nan, nan, nan, nan, nan, nan, nan, nan, nan, nan, nan, nan, nan, nan, nan, nan, nan, nan, nan, nan, nan, nan, nan, nan, nan, nan, nan, nan, nan, nan, nan, nan, nan, nan, nan, nan, nan, nan, nan, nan, nan, nan, nan, nan, nan, nan, nan, nan, nan, nan, nan, nan, nan, nan, nan]",,,"[nan, nan, nan, nan, nan, nan, nan, nan, nan, nan, nan, nan, nan, nan, nan, nan, nan, nan, nan, nan, nan, nan, nan, nan, nan, nan, nan, nan, nan, nan, nan, nan, nan, nan, nan, nan, nan, nan, nan, nan, nan, nan, nan, nan, nan, nan, nan, nan, nan, nan, nan, nan, nan, nan, nan, nan, nan, nan, nan, nan, nan, nan, nan, nan, nan, nan, nan, nan, nan, nan, nan, nan, nan, nan, nan, nan, nan, nan, nan, nan, nan, nan]","[nan, nan, nan, nan, nan, nan, nan, nan, nan, nan, nan, nan, nan, nan, nan, nan, nan, nan, nan, nan, nan, nan, nan, nan, nan, nan, nan, nan, nan, nan, nan, nan, nan, nan, nan, nan, nan, nan, nan, nan, nan, nan, nan, nan, nan, nan, nan, nan, nan, nan, nan, nan, nan, nan, nan, nan, nan, nan, nan, nan, nan, nan, nan, nan, nan, nan, nan, nan, nan, nan, nan, nan, nan, nan, nan, nan, nan, nan, nan, nan, nan, nan]",,,,,,
1740060577.728994,ble-pd-B43A31EF7B26,772811f8-7601-2a1c-3228-6f66a28d0a25,6250,34,-68.0,,-73.0,-63.0,-62.0,-48.0,-64.0,2.732433638457725,,0.3978746689611841,-1.5194633641514013,-0.8866176677552078,-2.308977879802006,-2.299214074395572,0.1126728529515042,,0.0591502184537997,0.1526283919440175,0.3369809635090729,0.440343653203359,0.8365391221563045,-3.5271999835968018,6.873137950897217,1.9440726041793823,-3.54,6.84,1.96,"['[46.0', 38.0, -22.0, -53.0, -13.0, 42.0, 42.0, -16.0, -107.0, 23.0, 13.0, 62.0, -31.0, 8.0, 54.0, 60.0, -82.0, -55.0, -2.0, 70.0, -42.0, 21.0, 10.0, 19.0, -37.0, -66.0, -1.0, 28.0, 2.0, 17.0, -6.0, 9.0, 4.0, -87.0, -22.0, 35.0, -28.0, -47.0, 2.0, 32.0, -4.0, -120.0, 21.0, 0.0, 60.0, -46.0, 17.0, 37.0, 71.0, -87.0, -46.0, -7.0, 87.0, -46.0, 34.0, 6.0, 41.0, -44.0, -60.0, -2.0, 51.0, -1.0, 37.0, -15.0, 20.0, 10.0, -68.0, -21.0, 46.0, -24.0, -31.0, 2.0, 33.0, 11.0, -122.0, 17.0, -11.0, 55.0, -57.0, 26.0, 20.0, ' 73.0]']","['[25.0', -36.0, -47.0, 3.0, 50.0, 29.0, -32.0, -52.0, 56.0, 4.0, 52.0, -5.0, 65.0, -42.0, 50.0, -44.0, 20.0, -26.0, 21.0, -65.0, 24.0, -55.0, 19.0, -88.0, 32.0, -10.0, -1.0, -86.0, 19.0, -83.0, 37.0, -41.0, -22.0, -56.0, 0.0, -47.0, -10.0, -60.0, 4.0, -11.0, -55.0, 27.0, 12.0, 52.0, 13.0, 53.0, -39.0, 63.0, -25.0, -3.0, -40.0, 21.0, -44.0, 14.0, -47.0, 21.0, -81.0, 22.0, -27.0, -2.0, -75.0, 19.0, -77.0, 33.0, -37.0, -20.0, -78.0, -6.0, -35.0, -15.0, -71.0, 5.0, -2.0, -54.0, -8.0, 17.0, 51.0, 27.0, 41.0, -33.0, 71.0, ' -3.0]']","[nan, nan, nan, nan, nan, nan, nan, nan, nan, nan, nan, nan, nan, nan, nan, nan, nan, nan, nan, nan, nan, nan, nan, nan, nan, nan, nan, nan, nan, nan, nan, nan, nan, nan, nan, nan, nan, nan, nan, nan, nan, nan, nan, nan, nan, nan, nan, nan, nan, nan, nan, nan, nan, nan, nan, nan, nan, nan, nan, nan, nan, nan, nan, nan, nan, nan, nan, nan, nan, nan, nan, nan, nan, nan, nan, nan, nan, nan, nan, nan, nan, nan]","[nan, nan, nan, nan, nan, nan, nan, nan, nan, nan, nan, nan, nan, nan, nan, nan, nan, nan, nan, nan, nan, nan, nan, nan, nan, nan, nan, nan, nan, nan, nan, nan, nan, nan, nan, nan, nan, nan, nan, nan, nan, nan, nan, nan, nan, nan, nan, nan, nan, nan, nan, nan, nan, nan, nan, nan, nan, nan, nan, nan, nan, nan, nan, nan, nan, nan, nan, nan, nan, nan, nan, nan, nan, nan, nan, nan, nan, nan, nan, nan, nan, nan]","['[-1.0', -24.0, -11.0, 18.0, 21.0, -6.0, -25.0, -8.0, -15.0, -18.0, 0.0, 1.0, 6.0, 12.0, -20.0, 0.0, -14.0, 51.0, -27.0, 18.0, -23.0, 6.0, -56.0, -47.0, 14.0, 36.0, -27.0, 13.0, -27.0, -41.0, -16.0, -110.0, -26.0, -61.0, 13.0, -52.0, -16.0, -23.0, 9.0, 25.0, -7.0, 2.0, -16.0, 6.0, -4.0, -6.0, -3.0, 37.0, 46.0, 11.0, -54.0, 33.0, -15.0, 18.0, 15.0, 45.0, 68.0, -27.0, 0.0, -4.0, 17.0, 4.0, 37.0, -16.0, 61.0, 45.0, 80.0, -25.0, 62.0, -9.0, 9.0, -33.0, -58.0, 20.0, 12.0, 46.0, -11.0, 5.0, 2.0, ' -6.0', ' -37.0', ' -72.0]']","['[-25.0', -3.0, 22.0, 17.0, -14.0, -24.0, 0.0, 23.0, 15.0, 48.0, -10.0, 5.0, 1.0, -8.0, -34.0, -73.0, 0.0, 22.0, -20.0, 4.0, -2.0, -30.0, -5.0, -50.0, 26.0, -43.0, 39.0, -41.0, 21.0, -10.0, 39.0, 31.0, -37.0, -53.0, 23.0, -33.0, 32.0, 13.0, 42.0, 58.0, -22.0, -21.0, -49.0, 9.0, -3.0, 2.0, 14.0, 13.0, 56.0, -10.0, 17.0, -2.0, 9.0, -12.0, 27.0, -33.0, 7.0, -13.0, 57.0, -47.0, 39.0, -33.0, -19.0, -39.0, -98.0, 9.0, 2.0, -8.0, -8.0, -34.0, -24.0, -27.0, -27.0, 10.0, 19.0, 24.0, -1.0, 0.0, -5.0, ' -13.0', ' 14.0', ' -14.0]']","['[86.0', 71.0, -34.0, -96.0, -36.0, 67.0, 88.0, -4.0, -45.0, 34.0, -54.0, -9.0, 36.0, -28.0, 38.0, 5.0, 62.0, 22.0, -21.0, 49.0, -80.0, 9.0, -14.0, 49.0, 0.0, -11.0, 65.0, 36.0, 49.0, 28.0, -47.0, 0.0, -72.0, -9.0, -104.0, -32.0, -28.0, -12.0, 105.0, -13.0, 62.0, 17.0, -58.0, 78.0, -25.0, 9.0, 15.0, -47.0, -30.0, -69.0, -3.0, -28.0, -54.0, 58.0, -17.0, 44.0, -23.0, 32.0, 45.0, -35.0, 3.0, -68.0, -18.0, 8.0, 22.0, 38.0, 13.0, 116.0, 36.0, 91.0, 27.0, -82.0, 13.0, -91.0, 15.0, 58.0, -72.0, 51.0, -56.0, ' 2.0', ' 37.0', ' 41.0]']","['[43.0', -63.0, -90.0, -3.0, 89.0, 67.0, -39.0, -96.0, 33.0, 48.0, -56.0, 56.0, -71.0, 11.0, 26.0, 46.0, 31.0, -25.0, 78.0, 21.0, 11.0, 16.0, -56.0, -30.0, -58.0, -62.0, -28.0, -57.0, 47.0, -7.0, 52.0, -36.0, 35.0, -9.0, -54.0, -20.0, -113.0, -31.0, -6.0, -4.0, 74.0, -54.0, -19.0, 14.0, -53.0, 81.0, -26.0, 1.0, -33.0, 11.0, 34.0, -77.0, 10.0, -57.0, -8.0, 37.0, 53.0, 47.0, 45.0, 61.0, 67.0, -7.0, 23.0, -70.0, 29.0, -68.0, 3.0, -14.0, -1.0, 73.0, 16.0, 66.0, -5.0, -24.0, 54.0, -17.0, 35.0, 26.0, -58.0, ' 31.0', ' -29.0', ' 10.0]']",,,,,,
1740060578.72955,ble-pd-B43A31EF7B26,92af2dba-9b10-05c6-7b95-cae2a65f95bb,6251,8,-64.0,-77.0,-68.0,-62.0,-51.0,,-58.0,2.8295793634372,-1.4873712077515104,0.3706182804686591,-1.520311980432755,-0.867436535271119,,-1.8368400705399983,0.1764677949551595,0.3582616457743687,0.0782339855780628,0.1537918438004891,0.3840834318604684,,0.93416324181135,-3.504388332366944,6.869575023651123,1.9618927240371704,-3.54,6.84,1.96,"['[-37.0', 6.0, 41.0, 19.0, -28.0, -38.0, 2.0, 39.0, -2.0, 106.0, -23.0, -10.0, 26.0, 34.0, -24.0, 4.0, -22.0, 54.0, -4.0, -7.0, 9.0, -18.0, -12.0, -18.0, -7.0, 44.0, -19.0, 35.0, -28.0, -4.0, -22.0, -20.0, 8.0, -27.0, 39.0, -14.0, -43.0, -38.0, -23.0, 0.0, 39.0, 2.0, 92.0, -17.0, -3.0, 27.0, 24.0, -14.0, 4.0, -25.0, 45.0, -1.0, 5.0, 9.0, -29.0, -5.0, -25.0, -5.0, 29.0, -13.0, 37.0, -30.0, -15.0, -17.0, -22.0, 0.0, -41.0, 45.0, -14.0, -36.0, -48.0, -22.0, 1.0, 40.0, 6.0, 78.0, -15.0, 5.0, 27.0, 10.0, 1.0, ' 3.0]']","['[19.0', 41.0, 7.0, -37.0, -30.0, 17.0, 41.0, 12.0, 24.0, -56.0, 17.0, 43.0, 7.0, -62.0, 70.0, -4.0, -20.0, -58.0, 14.0, 60.0, -4.0, -72.0, 53.0, -30.0, 11.0, -77.0, 37.0, 15.0, -10.0, -62.0, 21.0, -14.0, -45.0, -81.0, 43.0, -6.0, 27.0, -78.0, -3.0, 12.0, 5.0, 25.0, -75.0, 22.0, 43.0, 2.0, -67.0, 73.0, -5.0, -17.0, -66.0, 14.0, 60.0, -6.0, -68.0, 54.0, -26.0, 13.0, -83.0, 40.0, 9.0, -6.0, -59.0, 25.0, -10.0, -46.0, -75.0, 36.0, -4.0, 35.0, -72.0, 0.0, 12.0, -1.0, 24.0, -90.0, 24.0, 44.0, -2.0, -71.0, 75.0, ' -6.0]']","['[-18.0', -2.0, ' 19.0', 6.0, -17.0, -11.0, 13.0, 15.0, 31.0, -42.0, -5.0, -7.0, 5.0, 8.0, 16.0, 11.0, -50.0, -15.0, -17.0, -12.0, -41.0, 7.0, -60.0, 20.0, -43.0, -37.0, -34.0, 0.0, -48.0, -25.0, -24.0, -21.0, -4.0, -30.0, -56.0, -13.0, -125.0, -31.0, -54.0, 12.0, 9.0, 43.0, -32.0, 10.0, -9.0, 5.0, 10.0, 22.0, 10.0, -46.0, 1.0, -17.0, -7.0, -33.0, 15.0, -57.0, 22.0, -43.0, -39.0, -28.0, 2.0, -43.0, -19.0, -29.0, -30.0, -20.0, -35.0, -43.0, -16.0, -121.0, -34.0, -77.0, 12.0, 6.0, 52.0, -20.0, 22.0, -11.0, 5.0, 8.0, 24.0, ' 10.0]']","['[1.0', ' 18.0', ' 4.0', -19.0, -7.0, 15.0, 13.0, -11.0, 43.0, 27.0, 47.0, -7.0, 3.0, 0.0, 18.0, -5.0, 1.0, 55.0, -1.0, 11.0, 20.0, 26.0, 3.0, 10.0, -4.0, -10.0, 17.0, 6.0, 16.0, 16.0, -22.0, -37.0, -54.0, -22.0, 32.0, -12.0, -10.0, -16.0, -85.0, 5.0, -13.0, 33.0, 37.0, 48.0, -6.0, 1.0, -1.0, 11.0, -6.0, 15.0, 57.0, 1.0, 14.0, 30.0, 23.0, 22.0, 3.0, 8.0, 1.0, 27.0, 3.0, 29.0, 22.0, -13.0, -29.0, -50.0, -12.0, 47.0, -9.0, 27.0, -4.0, -67.0, 3.0, -15.0, 20.0, 44.0, 44.0, -3.0, 0.0, -4.0, 4.0, ' -8.0]']","['[28.0', ' 31.0', ' -11.0', -37.0, -7.0, 34.0, 26.0, -16.0, 57.0, 23.0, 44.0, -4.0, 54.0, 54.0, -4.0, 96.0, -60.0, 7.0, -41.0, 57.0, -18.0, 18.0, -41.0, 8.0, 15.0, 37.0, -26.0, -35.0, -31.0, -88.0, 14.0, -107.0, -51.0, -89.0, -30.0, -94.0, -29.0, -54.0, -34.0, -37.0, 36.0, 6.0, -48.0, 5.0, -25.0, -17.0, 23.0, 1.0, -40.0, 73.0, 3.0, 85.0, 18.0, 47.0, 58.0, 43.0, 87.0, -12.0, 22.0, -17.0, 76.0, 10.0, 108.0, -31.0, 97.0, 29.0, 59.0, 8.0, 61.0, -6.0, -4.0, 2.0, -79.0, -19.0, -65.0, 22.0, -49.0, 28.0, -37.0, -80.0, 2.0, ' -53.0]']","['[24.0', ' -21.0', ' -36.0', 2.0, 37.0, 17.0, -27.0, -31.0, -40.0, 41.0, -28.0, 30.0, -10.0, -59.0, -1.0, -7.0, -47.0, -9.0, -74.0, -52.0, -45.0, -77.0, -24.0, -106.0, 6.0, -46.0, 35.0, -67.0, 5.0, -77.0, 27.0, -49.0, -4.0, -17.0, 7.0, -13.0, 22.0, 37.0, 15.0, 112.0, 2.0, 70.0, 0.0, 54.0, -18.0, 52.0, 77.0, -3.0, 87.0, -27.0, 11.0, 2.0, 74.0, 6.0, 54.0, -23.0, 60.0, 9.0, 55.0, -39.0, -1.0, -29.0, -43.0, -1.0, -69.0, -42.0, -69.0, -31.0, -73.0, -35.0, -66.0, -37.0, -88.0, 30.0, -25.0, -42.0, -23.0, -11.0, -41.0, -15.0, 3.0, ' -79.0]']","['[16.0', ' 67.0', 28.0, -46.0, -63.0, 0.0, 62.0, 44.0, -64.0, -39.0, -60.0, -15.0, 49.0, -18.0, 26.0, -94.0, 83.0, -67.0, -24.0, -27.0, -91.0, 10.0, -20.0, 57.0, 3.0, 0.0, 93.0, 1.0, 45.0, -37.0, -35.0, 21.0, -19.0, 62.0, -68.0, 49.0, 38.0, 14.0, 59.0, -22.0, 26.0, 5.0, 15.0, 86.0, 26.0, 37.0, -28.0, -50.0, -26.0, -64.0, 10.0, -75.0, 11.0, 35.0, 0.0, 46.0, -45.0, 68.0, -33.0, -27.0, -42.0, -93.0, 26.0, -12.0, 35.0, -24.0, -20.0, 82.0, -54.0, 53.0, -62.0, 1.0, -24.0, -66.0, 61.0, 25.0, -16.0, -7.0, -81.0, 43.0, 17.0, ' 116.0]']","['[66.0', 4.0, -61.0, -50.0, 25.0, 67.0, 24.0, -50.0, 27.0, 1.0, -65.0, -22.0, -64.0, 42.0, 42.0, 78.0, 28.0, 19.0, 93.0, 0.0, 3.0, -6.0, -42.0, 23.0, -77.0, 38.0, -19.0, 45.0, 82.0, -11.0, 32.0, -47.0, 36.0, -7.0, -57.0, 35.0, -75.0, 61.0, -28.0, 40.0, 62.0, -69.0, -37.0, -27.0, -3.0, 71.0, -35.0, 4.0, -120.0, 59.0, -69.0, -60.0, -25.0, -84.0, 13.0, 2.0, 42.0, 35.0, -18.0, 91.0, -17.0, 6.0, -29.0, -46.0, 38.0, -33.0, 59.0, -35.0, 28.0, 65.0, -13.0, 66.0, -39.0, -2.0, 34.0, 32.0, 88.0, 27.0, 3.0, -10.0, -46.0, ' 29.0]']",,,,,,
1740060579.728748,ble-pd-B43A31EF7B26,087c8996-0461-0ee2-c7f2-f5dc08ed2d22,6252,17,-66.0,-77.0,-71.0,-67.0,-56.0,-55.0,-68.0,2.8600880042529293,-1.5385767381368454,0.3938285283170267,-1.527298783552578,-0.872916463755288,-2.341943239906031,-1.2488924923740952,0.2059892518890673,0.4593505802218688,0.0902899244181482,0.0967496297015955,0.3953356326761137,0.3142291208242894,0.9403922680471142,-3.472635507583618,6.870087146759033,1.9628294706344604,-3.54,6.84,1.96,"['[-40.0', -30.0, 19.0, 45.0, 9.0, -38.0, -33.0, 15.0, -9.0, 49.0, -53.0, -42.0, -29.0, 115.0, -83.0, 27.0, 32.0, 34.0, -38.0, -36.0, 3.0, 111.0, -61.0, 87.0, 10.0, 46.0, -10.0, -21.0, 39.0, 80.0, -24.0, 42.0, 44.0, 87.0, -5.0, -18.0, 22.0, 51.0, 28.0, -2.0, 15.0, -7.0, 45.0, -53.0, -43.0, -30.0, 115.0, -83.0, 29.0, 31.0, 33.0, -37.0, -36.0, 4.0, 110.0, -61.0, 87.0, 10.0, 46.0, -10.0, -20.0, 39.0, 79.0, -22.0, 42.0, 44.0, 87.0, -5.0, -17.0, 20.0, 46.0, 27.0, -2.0, 17.0, -9.0, 47.0, -53.0, -43.0, -30.0, 115.0, -83.0, ' 28.0]']","['[-18.0', 32.0, 39.0, -5.0, -42.0, -22.0, 28.0, 41.0, -28.0, 64.0, 8.0, -12.0, 9.0, -7.0, -10.0, 68.0, -40.0, -12.0, 16.0, 2.0, 0.0, -50.0, 7.0, 5.0, -22.0, 15.0, -3.0, 32.0, 0.0, -52.0, 17.0, -21.0, -46.0, -53.0, 2.0, 38.0, -54.0, -86.0, 1.0, 14.0, 41.0, -28.0, 66.0, 7.0, -13.0, 9.0, -4.0, -7.0, 66.0, -40.0, -11.0, 16.0, 4.0, 0.0, -54.0, 10.0, 5.0, -22.0, 14.0, -4.0, 33.0, -2.0, -54.0, 17.0, -22.0, -46.0, -54.0, 2.0, 39.0, -55.0, -88.0, 1.0, 14.0, 41.0, -29.0, 65.0, 11.0, -11.0, 9.0, -7.0, -5.0, ' 66.0]']","['[10.0', -18.0, ' -16.0', 14.0, 19.0, -8.0, -21.0, 2.0, -11.0, -96.0, -56.0, -30.0, -59.0, 12.0, -26.0, 50.0, 18.0, -73.0, -2.0, -15.0, -27.0, -30.0, -27.0, -10.0, -22.0, -1.0, -52.0, 7.0, -46.0, -17.0, 18.0, 11.0, 26.0, -3.0, -73.0, 19.0, -42.0, 34.0, 67.0, 49.0, 3.0, -14.0, -94.0, -51.0, -31.0, -54.0, 20.0, -17.0, 57.0, 20.0, -76.0, 4.0, -22.0, -34.0, -31.0, -43.0, -10.0, -26.0, -5.0, -56.0, 8.0, -59.0, -19.0, 8.0, 14.0, 21.0, -13.0, -81.0, 20.0, -66.0, 28.0, 54.0, 47.0, 11.0, -18.0, -90.0, -41.0, -32.0, -46.0, 25.0, -9.0, ' 59.0]']","['[-18.0', ' -13.0', ' 16.0', 17.0, -10.0, -20.0, 6.0, 22.0, -20.0, 0.0, 23.0, -8.0, 22.0, 28.0, 33.0, 31.0, 11.0, -19.0, 23.0, -29.0, -24.0, -5.0, -53.0, 0.0, -18.0, -28.0, -26.0, -3.0, -53.0, -7.0, -47.0, 12.0, -17.0, -48.0, -49.0, 5.0, -108.0, -28.0, -52.0, -6.0, 20.0, -15.0, 19.0, 37.0, -1.0, 34.0, 26.0, 39.0, 17.0, 5.0, -2.0, 23.0, -27.0, -18.0, 1.0, -45.0, 2.0, -14.0, -27.0, -11.0, -4.0, -40.0, -2.0, -52.0, 11.0, -22.0, -48.0, -32.0, 2.0, -98.0, -35.0, -65.0, -16.0, 18.0, -12.0, 39.0, 47.0, 4.0, 46.0, 20.0, 41.0, ' 4.0]']","['[27.0', ' 4.0', ' -24.0', -18.0, 14.0, 26.0, -1.0, -27.0, -32.0, 116.0, 38.0, 19.0, 32.0, 11.0, 40.0, -9.0, -40.0, -2.0, -28.0, -40.0, -8.0, -57.0, -11.0, -96.0, 1.0, -11.0, -7.0, -53.0, 7.0, -64.0, 33.0, 3.0, -26.0, -28.0, 14.0, 12.0, 18.0, 30.0, 5.0, 62.0, 25.0, 14.0, -81.0, 4.0, 1.0, -16.0, 51.0, -27.0, 45.0, 17.0, 38.0, 20.0, 52.0, -4.0, 46.0, 8.0, 19.0, -5.0, 36.0, -3.0, 3.0, -9.0, 13.0, -22.0, -64.0, -23.0, -18.0, -30.0, -56.0, -33.0, -90.0, -3.0, -100.0, 0.0, 15.0, -19.0, -44.0, -20.0, -14.0, -72.0, -9.0, ' -42.0]']","['[-2.0', ' -27.0', ' -10.0', 22.0, 23.0, -9.0, -28.0, -6.0, 6.0, 12.0, -33.0, -14.0, -6.0, -70.0, 3.0, -48.0, 9.0, -46.0, -5.0, -35.0, 11.0, -16.0, -2.0, 48.0, 4.0, -37.0, 9.0, 37.0, 6.0, 27.0, 3.0, 76.0, 49.0, 45.0, 25.0, 60.0, 28.0, 92.0, 0.0, 79.0, -18.0, -31.0, 86.0, 49.0, 23.0, 30.0, 51.0, 29.0, 20.0, -38.0, 26.0, -19.0, -11.0, -14.0, -38.0, -7.0, -107.0, -1.0, 14.0, -11.0, -65.0, 1.0, -68.0, 23.0, -42.0, -51.0, -50.0, -2.0, -25.0, -1.0, -31.0, 4.0, 5.0, 30.0, 29.0, -117.0, -25.0, -12.0, -30.0, 9.0, -39.0, ' 20.0]']","['[26.0', ' 44.0', 5.0, -39.0, -34.0, 16.0, 46.0, 17.0, -11.0, -10.0, -52.0, -14.0, -4.0, 45.0, 51.0, -34.0, 38.0, -50.0, 29.0, -65.0, -58.0, -16.0, -65.0, 24.0, -49.0, 13.0, 16.0, -11.0, 80.0, -72.0, -11.0, -37.0, 50.0, 59.0, -108.0, 47.0, -37.0, 21.0, 48.0, 17.0, 27.0, -49.0, 51.0, 26.0, 58.0, 25.0, -30.0, -29.0, -47.0, -24.0, 32.0, -79.0, 32.0, -22.0, 53.0, 56.0, 9.0, 38.0, -43.0, 38.0, -47.0, -60.0, 39.0, -36.0, 47.0, -68.0, -35.0, 46.0, -62.0, 114.0, -52.0, 23.0, -41.0, -42.0, 66.0, -50.0, 23.0, -53.0, -25.0, -8.0, -16.0, ' 86.0]']","['[36.0', -13.0, -46.0, -21.0, 31.0, 42.0, 0.0, -41.0, 66.0, -56.0, 3.0, -60.0, -28.0, 2.0, 0.0, 80.0, 1.0, -4.0, 78.0, 4.0, 72.0, -52.0, -26.0, -29.0, -11.0, 43.0, -57.0, 68.0, 17.0, 5.0, 50.0, -30.0, 47.0, -1.0, 17.0, 43.0, -114.0, 50.0, -66.0, 40.0, 35.0, -46.0, 22.0, -47.0, 24.0, 13.0, 34.0, 41.0, -74.0, 30.0, -38.0, -26.0, -54.0, -91.0, 17.0, -39.0, 37.0, -31.0, -16.0, 46.0, -49.0, 54.0, -61.0, -38.0, -12.0, 13.0, 48.0, -99.0, 13.0, 36.0, -13.0, 79.0, -10.0, 0.0, -9.0, 27.0, 47.0, 31.0, 12.0, -45.0, -48.0, ' 10.0]']",,,,,,
1740060580.726456,ble-pd-B43A31EF7B26,78c260fe-038f-11f7-8acf-766e52cf8185,6253,12,-67.0,-82.0,-69.0,-63.0,-58.0,,-62.0,2.7680006874479512,-1.581719947796129,0.3860217378975685,-1.3875500711409423,-0.9171056033156972,,-1.0475776600203233,0.2093240122717941,0.5373769391034464,0.1711530575257429,0.1748848120032164,0.4718326736800662,,0.890842593141886,-3.433220148086548,6.868135452270508,1.963182091712952,-3.54,6.84,1.96,"['[16.0', 45.0, 12.0, -38.0, -36.0, 13.0, 45.0, 16.0, -11.0, -28.0, 40.0, 55.0, 52.0, -99.0, 102.0, 1.0, -37.0, -17.0, 24.0, 47.0, 3.0, -108.0, 70.0, -83.0, 2.0, -55.0, 14.0, 27.0, -56.0, -77.0, 16.0, -48.0, -20.0, -105.0, 35.0, 1.0, -21.0, -79.0, -34.0, -4.0, 10.0, -7.0, -36.0, 40.0, 58.0, 51.0, -100.0, 109.0, -4.0, -33.0, -21.0, 22.0, 50.0, 4.0, -105.0, 73.0, -82.0, 6.0, -59.0, 18.0, 24.0, -53.0, -73.0, 16.0, -42.0, -20.0, -103.0, 39.0, -1.0, -13.0, -74.0, -33.0, -2.0, 6.0, -3.0, -49.0, 40.0, 60.0, 51.0, -102.0, 113.0, ' -9.0]']","['[42.0', -1.0, -44.0, -26.0, 27.0, 43.0, 2.0, -40.0, 39.0, -102.0, 1.0, 32.0, -6.0, -20.0, 62.0, -50.0, 43.0, -37.0, -1.0, 23.0, 0.0, 34.0, 26.0, 5.0, 31.0, -62.0, 43.0, -27.0, 22.0, 25.0, 9.0, 40.0, 12.0, 24.0, 22.0, -20.0, 82.0, 60.0, 9.0, 19.0, -42.0, 40.0, -100.0, -3.0, 26.0, -10.0, -12.0, 53.0, -50.0, 48.0, -35.0, -4.0, 17.0, 0.0, 47.0, 19.0, 17.0, 32.0, -57.0, 41.0, -31.0, 28.0, 34.0, 7.0, 47.0, 14.0, 35.0, 17.0, -20.0, 84.0, 66.0, 14.0, 19.0, -42.0, 41.0, -95.0, -7.0, 20.0, -17.0, 0.0, 38.0, ' -49.0]']","['[4.0', 10.0, ' -2.0', -12.0, -1.0, 10.0, 3.0, -9.0, 13.0, 48.0, 43.0, 9.0, 61.0, 3.0, 28.0, -18.0, -30.0, 44.0, 8.0, 32.0, 6.0, 22.0, -10.0, -21.0, -1.0, -26.0, 26.0, 4.0, -5.0, 4.0, -55.0, -14.0, -39.0, -12.0, 25.0, -29.0, -48.0, -37.0, -104.0, 0.0, -12.0, 23.0, 54.0, 44.0, 8.0, 59.0, 0.0, 24.0, -18.0, -31.0, 53.0, 4.0, 37.0, 17.0, 23.0, 7.0, -27.0, 4.0, -21.0, 39.0, 8.0, 13.0, 11.0, -44.0, -23.0, -42.0, -7.0, 44.0, -26.0, -25.0, -29.0, -102.0, 0.0, -10.0, 30.0, 59.0, 41.0, 7.0, 54.0, 0.0, 20.0, ' -17.0]']","['[9.0', ' -1.0', ' -11.0', 0.0, 10.0, 2.0, -10.0, -5.0, 32.0, 34.0, 6.0, -3.0, 0.0, -9.0, -7.0, -4.0, -4.0, 39.0, -14.0, 19.0, 46.0, 10.0, 63.0, -26.0, 26.0, 16.0, 51.0, 24.0, 77.0, 23.0, 33.0, -35.0, -14.0, 21.0, 72.0, 6.0, 108.0, 22.0, -6.0, 1.0, 0.0, 27.0, 22.0, -5.0, -5.0, -14.0, -10.0, -15.0, 0.0, 2.0, 29.0, -17.0, 11.0, 46.0, 2.0, 65.0, -18.0, 26.0, 22.0, 43.0, 22.0, 76.0, 21.0, 46.0, -30.0, -1.0, 24.0, 62.0, 13.0, 116.0, 32.0, 26.0, 2.0, 2.0, 19.0, 4.0, -15.0, -9.0, -30.0, -10.0, -21.0, ' 6.0]']","['[-31.0', ' -21.0', ' 19.0', 32.0, -2.0, -33.0, -15.0, 23.0, -34.0, -70.0, -26.0, -19.0, -38.0, -29.0, -4.0, -35.0, 53.0, -18.0, 41.0, -4.0, 13.0, 30.0, 27.0, 59.0, -13.0, 11.0, 14.0, 52.0, 25.0, 107.0, -23.0, 65.0, 38.0, 76.0, 3.0, 66.0, 6.0, -4.0, 6.0, -42.0, -33.0, -22.0, 56.0, -23.0, 15.0, -4.0, -48.0, 3.0, -37.0, -45.0, -15.0, -54.0, -43.0, -25.0, -70.0, -17.0, -45.0, 6.0, -66.0, 20.0, -48.0, -8.0, -53.0, 17.0, -8.0, -6.0, 3.0, 1.0, 2.0, 13.0, 69.0, 2.0, 119.0, 12.0, 56.0, 12.0, 51.0, 3.0, 44.0, 83.0, 0.0, ' 70.0]']","['[-14.0', ' 27.0', ' 27.0', -11.0, -33.0, -6.0, 30.0, 22.0, 47.0, -20.0, 42.0, -5.0, 29.0, 77.0, -1.0, 62.0, 19.0, 29.0, 37.0, 56.0, 21.0, 63.0, 3.0, 17.0, 0.0, 73.0, -35.0, 23.0, -5.0, -4.0, -5.0, -25.0, -17.0, -47.0, -3.0, -42.0, -21.0, -78.0, -7.0, -113.0, 7.0, -53.0, -48.0, -46.0, -13.0, -49.0, -67.0, -2.0, -61.0, 33.0, -31.0, 14.0, -34.0, 0.0, -7.0, 21.0, 42.0, -11.0, -32.0, 30.0, 31.0, 24.0, 92.0, -15.0, 69.0, 42.0, 90.0, 4.0, 78.0, 18.0, 39.0, 8.0, 23.0, -31.0, 9.0, 73.0, 3.0, 20.0, 22.0, -8.0, 5.0, ' 6.0]']","['[68.0', ' 14.0', -58.0, -56.0, 18.0, 69.0, 29.0, -48.0, 17.0, -32.0, -85.0, -23.0, -35.0, 34.0, 38.0, 82.0, 56.0, 4.0, 88.0, 0.0, 0.0, -11.0, -45.0, 17.0, -47.0, 72.0, 17.0, 61.0, 66.0, 15.0, 50.0, -49.0, 44.0, 17.0, -34.0, 43.0, -107.0, 87.0, -24.0, 18.0, 67.0, -76.0, -5.0, 34.0, 4.0, 84.0, -25.0, 21.0, -120.0, 13.0, -88.0, -68.0, -34.0, -79.0, -2.0, 12.0, 38.0, 33.0, -49.0, 54.0, -40.0, -8.0, -70.0, -49.0, 21.0, -26.0, 49.0, -40.0, 28.0, 58.0, -49.0, 117.0, -27.0, -18.0, 59.0, 38.0, 52.0, 19.0, -48.0, -8.0, -59.0, ' 40.0]']","['[-10.0', -68.0, -37.0, 41.0, 67.0, 4.0, -63.0, -49.0, 79.0, 25.0, 11.0, 7.0, -76.0, 9.0, -46.0, 92.0, -51.0, 97.0, 24.0, 40.0, 89.0, 9.0, 12.0, -54.0, -10.0, 14.0, -73.0, 9.0, -26.0, 72.0, 29.0, 1.0, 5.0, -67.0, 64.0, -57.0, -7.0, 6.0, -120.0, 20.0, -16.0, -25.0, -40.0, -79.0, -24.0, 6.0, 25.0, 56.0, 27.0, 76.0, -44.0, 62.0, -21.0, -46.0, -14.0, -45.0, 43.0, -35.0, 53.0, 51.0, 48.0, 71.0, -21.0, 29.0, -43.0, 35.0, 49.0, -61.0, 66.0, -90.0, 72.0, 33.0, 4.0, 65.0, -55.0, 16.0, 68.0, 15.0, 69.0, -35.0, -9.0, ' -114.0]']",,,,,,
1740060581.72931,ble-pd-B43A31EF7B26,21beffff-cc64-1ef7-18b5-1a392d489da5,6254,22,-65.0,-82.0,-71.0,-70.0,,,,2.7830028065005856,-1.6146255667509846,0.3836722971839005,-1.419152472216368,,,,0.2180780058672095,0.4614754498766159,0.1277442724491295,0.2408362986338339,,,,,,,-3.54,6.84,1.96,"['[55.0', 2.0, -54.0, -37.0, 28.0, 57.0, 8.0, -50.0, 40.0, -50.0, 37.0, 19.0, 72.0, -101.0, 45.0, -39.0, 0.0, 2.0, 53.0, 1.0, 22.0, -79.0, 47.0, -72.0, -6.0, 11.0, 39.0, -16.0, -12.0, -64.0, 23.0, -38.0, -71.0, 14.0, 15.0, 0.0, 2.0, 11.0, -22.0, -7.0, -47.0, 36.0, -51.0, 40.0, 18.0, 73.0, -107.0, 49.0, -35.0, 0.0, -3.0, 55.0, 3.0, 22.0, -84.0, 49.0, -72.0, -6.0, 11.0, 41.0, -15.0, -13.0, -75.0, 25.0, -38.0, -75.0, 6.0, 15.0, 1.0, -1.0, 0.0, -22.0, -6.0, -46.0, 34.0, -51.0, 48.0, 20.0, 74.0, -111.0, 53.0, ' -29.0]']","['[-16.0', -58.0, -21.0, 44.0, 50.0, -9.0, -57.0, -26.0, 39.0, 8.0, -61.0, -4.0, -21.0, 56.0, -41.0, -83.0, 36.0, 73.0, -32.0, -19.0, 13.0, 86.0, -39.0, -6.0, 0.0, 48.0, -24.0, -11.0, 21.0, 97.0, -33.0, 11.0, 38.0, 97.0, -19.0, -23.0, 62.0, 123.0, 5.0, -3.0, -30.0, 42.0, 5.0, -59.0, -2.0, -17.0, 50.0, -36.0, -86.0, 37.0, 71.0, -28.0, -18.0, 15.0, 81.0, -36.0, -9.0, 0.0, 50.0, -21.0, -11.0, 20.0, 89.0, -30.0, 8.0, 30.0, 100.0, -19.0, -23.0, 63.0, 124.0, 3.0, -3.0, -33.0, 45.0, 2.0, -54.0, -1.0, -14.0, 39.0, -32.0, ' -87.0]']","['[-8.0', 9.0, ' 12.0', -7.0, -15.0, 3.0, 12.0, 1.0, 22.0, 34.0, -20.0, 25.0, -2.0, -45.0, -4.0, -58.0, -24.0, 29.0, -46.0, 4.0, -1.0, 28.0, 45.0, 9.0, 19.0, 30.0, 45.0, -4.0, 88.0, 1.0, 69.0, -26.0, 19.0, 41.0, 57.0, 1.0, 116.0, 1.0, 67.0, -31.0, 0.0, 24.0, 18.0, -33.0, 21.0, -21.0, -50.0, -15.0, -55.0, -17.0, 18.0, -46.0, 1.0, -6.0, 23.0, 33.0, 23.0, 13.0, 30.0, 33.0, -2.0, 78.0, -7.0, 69.0, -30.0, 22.0, 43.0, 53.0, 2.0, 106.0, 10.0, 77.0, -18.0, -5.0, 20.0, -8.0, -44.0, 19.0, -36.0, -54.0, -23.0, ' -46.0]']","['[11.0', ' 12.0', ' -8.0', -11.0, 3.0, 14.0, -1.0, -13.0, 2.0, -110.0, -66.0, -8.0, -81.0, -22.0, -39.0, 8.0, 6.0, -56.0, -12.0, -10.0, -40.0, -15.0, -32.0, 37.0, -13.0, 0.0, -67.0, -3.0, -53.0, -22.0, 21.0, -29.0, 27.0, 14.0, -54.0, 0.0, -47.0, 26.0, 62.0, 36.0, -14.0, 3.0, -115.0, -60.0, -10.0, -80.0, -8.0, -41.0, 17.0, 14.0, -61.0, -6.0, -14.0, -41.0, -17.0, -39.0, 29.0, -17.0, -9.0, -70.0, -1.0, -71.0, -23.0, 0.0, -16.0, 18.0, 2.0, -69.0, 4.0, -67.0, 27.0, 54.0, 48.0, -13.0, 0.0, -115.0, -54.0, -19.0, -74.0, -6.0, -33.0, ' 26.0]']","['[17.0', ' -23.0', ' -27.0', 9.0, 32.0, 10.0, -27.0, -25.0, -17.0, -22.0, -24.0, -22.0, -24.0, -61.0, 5.0, 3.0, 16.0, -54.0, 14.0, -50.0, 20.0, 25.0, 3.0, 90.0, -28.0, 13.0, 10.0, 80.0, 6.0, 80.0, -18.0, 107.0, 85.0, 100.0, -4.0, 98.0, 21.0, 81.0, -29.0, 49.0, 1.0, -2.0, 99.0, 52.0, 22.0, 32.0, 16.0, 39.0, -44.0, -33.0, -9.0, -15.0, -13.0, -16.0, -75.0, 5.0, -108.0, 14.0, -38.0, 4.0, -115.0, -1.0, -73.0, 45.0, -36.0, -63.0, -56.0, 33.0, -22.0, 26.0, 2.0, 25.0, 42.0, 25.0, 22.0, -109.0, -43.0, -7.0, -17.0, 38.0, -56.0, ' 47.0]']","['[-28.0', ' -23.0', ' 16.0', 31.0, 1.0, -29.0, -17.0, 19.0, 18.0, -113.0, -48.0, -10.0, -21.0, 27.0, -55.0, 51.0, 29.0, 55.0, 6.0, 63.0, 2.0, 78.0, -9.0, 67.0, 5.0, 38.0, -14.0, 85.0, -5.0, 28.0, -44.0, -43.0, 9.0, -8.0, -39.0, -51.0, -53.0, -76.0, -9.0, -101.0, -35.0, -25.0, 60.0, 10.0, -11.0, -4.0, -66.0, 41.0, -31.0, -4.0, -78.0, 5.0, -78.0, 13.0, -32.0, 8.0, 26.0, -23.0, -13.0, 17.0, 12.0, 8.0, 45.0, 15.0, 109.0, 59.0, 83.0, 22.0, 108.0, 50.0, 112.0, -16.0, 105.0, 21.0, 14.0, 37.0, 33.0, 23.0, 28.0, 57.0, 1.0, ' -15.0]']","['[-9.0', ' 28.0', 30.0, -7.0, -36.0, -18.0, 23.0, 32.0, -117.0, 68.0, -22.0, 76.0, 12.0, 11.0, 37.0, -93.0, 16.0, -51.0, -69.0, -1.0, -92.0, 48.0, 31.0, 40.0, 19.0, -84.0, 74.0, -51.0, -2.0, -40.0, -29.0, 25.0, -18.0, -6.0, -20.0, 0.0, 100.0, -56.0, 87.0, -27.0, -11.0, 86.0, -23.0, 62.0, -51.0, 19.0, -49.0, -69.0, 49.0, -33.0, 85.0, 2.0, 51.0, 97.0, 4.0, 25.0, -39.0, 31.0, 43.0, -63.0, 31.0, -55.0, 88.0, 8.0, 14.0, -27.0, -30.0, 78.0, -37.0, -21.0, 4.0, -71.0, -13.0, -20.0, 2.0, -37.0, -60.0, -7.0, -38.0, 52.0, 55.0, ' 26.0]']","['[34.0', 22.0, -20.0, -35.0, -7.0, 31.0, 27.0, -13.0, -6.0, -31.0, -63.0, 5.0, -35.0, 54.0, 58.0, 17.0, 28.0, -65.0, 55.0, -65.0, -47.0, -53.0, -63.0, 15.0, -57.0, 12.0, 19.0, -1.0, 77.0, -78.0, 11.0, -46.0, 53.0, 42.0, -86.0, 47.0, -57.0, 41.0, 19.0, 35.0, 34.0, -80.0, 70.0, 24.0, 55.0, 34.0, -28.0, -12.0, -82.0, -7.0, 2.0, -87.0, 42.0, -36.0, 69.0, 67.0, 21.0, 50.0, -71.0, 41.0, -39.0, -52.0, 16.0, -30.0, 50.0, -49.0, -32.0, 43.0, -31.0, 110.0, -68.0, 55.0, -45.0, -30.0, 120.0, -66.0, 30.0, -78.0, -6.0, -18.0, -44.0, ' 90.0]']",,,,,,
1740060582.72918,ble-pd-B43A31EF7B26,7ef31ef7-93da-12ad-de6a-1182b8a258cf,6255,14,-68.0,-78.0,-72.0,-64.0,,-54.0,-61.0,2.729004019605921,-1.661199327368454,0.3437368650576173,-1.4420880149982938,,-2.360028199092241,-0.9146599969714784,0.3022727451761149,0.4554533102826469,0.1145627818638358,0.228124464829154,,0.2528224714989068,0.8129383278151904,-3.4063913822174072,6.86388111114502,1.95119833946228,-3.54,6.84,1.96,"['[-2.0', 35.0, 25.0, -20.0, -38.0, -5.0, 34.0, 27.0, -26.0, 15.0, 45.0, 21.0, 26.0, -85.0, 30.0, 23.0, -61.0, -15.0, 25.0, 22.0, -9.0, -118.0, 38.0, -66.0, -28.0, -21.0, -10.0, 35.0, -56.0, -87.0, 14.0, -49.0, -46.0, -108.0, 4.0, 23.0, -59.0, -97.0, -26.0, -8.0, 25.0, -24.0, 7.0, 47.0, 25.0, 29.0, -89.0, 38.0, 21.0, -61.0, -19.0, 25.0, 25.0, -7.0, -120.0, 42.0, -70.0, -26.0, -25.0, -8.0, 34.0, -57.0, -89.0, 14.0, -50.0, -45.0, -108.0, 5.0, 22.0, -57.0, -96.0, -27.0, -9.0, 23.0, -23.0, -3.0, 48.0, 27.0, 30.0, -95.0, 47.0, ' 17.0]']","['[38.0', 14.0, -29.0, -33.0, 7.0, 38.0, 17.0, -26.0, 13.0, -96.0, 27.0, 46.0, 32.0, -70.0, 90.0, -47.0, 15.0, -22.0, 8.0, 34.0, 3.0, -25.0, 50.0, -49.0, 25.0, -61.0, 26.0, -8.0, -21.0, -15.0, 8.0, -5.0, 21.0, -10.0, 14.0, -21.0, 44.0, 23.0, -14.0, -13.0, -27.0, 14.0, -95.0, 24.0, 44.0, 28.0, -65.0, 88.0, -48.0, 19.0, -20.0, 6.0, 31.0, 4.0, -15.0, 47.0, -43.0, 27.0, -58.0, 27.0, -11.0, -15.0, -5.0, 7.0, -1.0, 25.0, -7.0, 14.0, -23.0, 47.0, 27.0, -13.0, -12.0, -30.0, 16.0, -96.0, 20.0, 42.0, 27.0, -58.0, 83.0, ' -49.0]']","['[-13.0', -14.0, ' 9.0', 16.0, -4.0, -18.0, 0.0, 17.0, -23.0, -67.0, -31.0, -14.0, -49.0, 5.0, -6.0, 33.0, 28.0, -63.0, 5.0, -46.0, -34.0, -25.0, -42.0, 24.0, -17.0, 2.0, -53.0, -5.0, -52.0, -13.0, 11.0, 24.0, 31.0, -14.0, -77.0, 22.0, -60.0, 9.0, 64.0, 8.0, 17.0, -24.0, -61.0, -22.0, -9.0, -36.0, 8.0, 0.0, 28.0, 24.0, -58.0, 10.0, -45.0, -39.0, -24.0, -53.0, 26.0, -18.0, -5.0, -54.0, -11.0, -63.0, -17.0, -3.0, 26.0, 25.0, -19.0, -81.0, 17.0, -82.0, -1.0, 45.0, 4.0, 15.0, -24.0, -47.0, -10.0, -2.0, -21.0, 11.0, 8.0, ' 19.0]']","['[-13.0', ' 11.0', ' 16.0', -6.0, -17.0, 2.0, 17.0, 3.0, -10.0, 24.0, 41.0, 17.0, 39.0, 14.0, 27.0, -14.0, -9.0, 9.0, 21.0, -3.0, -22.0, 5.0, -42.0, 16.0, -9.0, -27.0, -10.0, -21.0, -48.0, -10.0, -59.0, 11.0, -16.0, -22.0, -18.0, -16.0, -98.0, -43.0, -73.0, -18.0, -3.0, -5.0, 40.0, 46.0, 20.0, 51.0, 11.0, 28.0, -22.0, -16.0, 27.0, 18.0, 10.0, -12.0, 11.0, -30.0, 9.0, -3.0, -26.0, 7.0, -19.0, -31.0, -5.0, -60.0, 4.0, -24.0, -18.0, 3.0, -21.0, -81.0, -46.0, -87.0, -18.0, -8.0, 1.0, 55.0, 51.0, 20.0, 58.0, 9.0, 27.0, ' -28.0]']","['[-23.0', ' 7.0', ' 27.0', 6.0, -24.0, -20.0, 12.0, 26.0, 5.0, -50.0, 37.0, -9.0, 10.0, 69.0, -1.0, 62.0, 23.0, 41.0, 29.0, 54.0, 0.0, 60.0, 0.0, 7.0, -7.0, 78.0, -17.0, 18.0, 9.0, 14.0, -9.0, -48.0, -29.0, -18.0, -22.0, -28.0, -37.0, -101.0, -19.0, -116.0, -10.0, -20.0, -49.0, -56.0, -11.0, -46.0, -84.0, -11.0, -61.0, 22.0, -48.0, 0.0, -40.0, 1.0, -11.0, 18.0, 74.0, -4.0, -56.0, 33.0, 34.0, 10.0, 79.0, -14.0, 69.0, 52.0, 88.0, -4.0, 57.0, 9.0, 65.0, 0.0, 50.0, -15.0, 17.0, 108.0, 24.0, 23.0, 39.0, 20.0, 14.0, ' 6.0]']","['[14.0', ' 25.0', ' 0.0', -26.0, -13.0, 18.0, 24.0, -4.0, 22.0, 94.0, 42.0, 21.0, 46.0, 55.0, 14.0, 33.0, -41.0, 30.0, -18.0, 14.0, -1.0, -27.0, -22.0, -96.0, 12.0, 18.0, -28.0, -52.0, -18.0, -105.0, 23.0, -51.0, -44.0, -92.0, 20.0, -49.0, 14.0, -9.0, 12.0, 18.0, 27.0, -8.0, -96.0, 7.0, -20.0, -15.0, 29.0, -8.0, 33.0, 42.0, 20.0, 34.0, 37.0, 1.0, 65.0, 12.0, 60.0, -13.0, 57.0, 1.0, 44.0, 19.0, 70.0, -20.0, -14.0, -1.0, 36.0, -29.0, 4.0, -38.0, -78.0, -22.0, -106.0, -25.0, -14.0, 9.0, -51.0, 1.0, -28.0, -87.0, -4.0, ' -66.0]']","['[45.0', ' 54.0', -6.0, -60.0, -34.0, 33.0, 59.0, 9.0, -35.0, -30.0, -40.0, -25.0, 25.0, 12.0, 56.0, -25.0, 54.0, -90.0, 36.0, -39.0, -59.0, -36.0, -45.0, 37.0, -28.0, 7.0, 33.0, 21.0, 66.0, -74.0, 0.0, -30.0, 41.0, 54.0, -80.0, 72.0, -69.0, 33.0, 77.0, 10.0, 47.0, -25.0, 51.0, 48.0, 31.0, 24.0, -13.0, -34.0, -79.0, -37.0, 19.0, -89.0, 1.0, -24.0, 39.0, 39.0, -9.0, 32.0, -56.0, 10.0, -61.0, -47.0, 0.0, -53.0, 40.0, -53.0, -10.0, 7.0, -46.0, 124.0, -75.0, 21.0, -24.0, -57.0, 63.0, -22.0, -10.0, -6.0, -50.0, 1.0, -21.0, ' 108.0]']","['[41.0', -28.0, -61.0, -15.0, 50.0, 51.0, -14.0, -59.0, 51.0, -41.0, -32.0, -21.0, -44.0, 7.0, 5.0, 111.0, 7.0, 30.0, 81.0, 23.0, 63.0, -23.0, -15.0, -13.0, -21.0, 61.0, -33.0, 58.0, 17.0, 46.0, 61.0, -27.0, 37.0, -22.0, 43.0, 11.0, -103.0, 69.0, -73.0, 23.0, 37.0, -58.0, -4.0, -18.0, -12.0, 44.0, 6.0, 45.0, -80.0, 41.0, -93.0, -11.0, -46.0, -83.0, -17.0, -29.0, 38.0, -12.0, -25.0, 45.0, -9.0, 49.0, -87.0, -30.0, -12.0, 16.0, 58.0, -90.0, 54.0, -2.0, -12.0, 106.0, -3.0, 20.0, 8.0, 46.0, 50.0, 32.0, -1.0, -15.0, -53.0, ' -23.0]']",,,,,,
1740060583.72932,ble-pd-B43A31EF7B26,6bca1213-de20-07d4-ca04-0e00e9035dd2,6256,1,-70.0,-71.0,-70.0,-63.0,,-57.0,-64.0,2.935333490324246,-1.662360332445674,0.3605842884295676,-1.489798679085118,,-1.534672561038,-0.7930522798737234,0.2651282226484507,0.4125497185424431,0.0900106253988261,0.2573719324211631,,0.802220844684865,1.324599409947913,-3.34604263305664,6.851859092712402,1.9357739686965945,-3.54,6.84,1.96,"['[26.0', 9.0, -20.0, -22.0, 6.0, 26.0, 10.0, -17.0, -2.0, -107.0, 64.0, 27.0, -43.0, -84.0, 43.0, 19.0, 21.0, -87.0, 17.0, 4.0, -14.0, -18.0, 20.0, 41.0, 11.0, -50.0, -9.0, -11.0, 4.0, -32.0, 5.0, 69.0, 43.0, -5.0, -52.0, 83.0, 26.0, 25.0, 10.0, 24.0, -22.0, -13.0, -90.0, 64.0, 22.0, -34.0, -60.0, 24.0, 13.0, 31.0, -67.0, 10.0, -3.0, -6.0, 6.0, 3.0, 53.0, 17.0, -20.0, -14.0, 9.0, 11.0, -6.0, -3.0, 75.0, 65.0, 17.0, -45.0, 83.0, 18.0, 65.0, 7.0, 16.0, -24.0, -22.0, -65.0, 57.0, 17.0, -23.0, -29.0, 0.0, ' 7.0]']","['[1.0', -24.0, -16.0, 13.0, 25.0, 2.0, -24.0, -19.0, -31.0, 33.0, 9.0, -6.0, 17.0, 70.0, -54.0, -9.0, 31.0, 57.0, -16.0, -24.0, 21.0, 81.0, -45.0, 44.0, 21.0, 82.0, -18.0, 56.0, 19.0, 77.0, -24.0, 30.0, 75.0, 65.0, 12.0, 13.0, -19.0, 119.0, -5.0, -25.0, -13.0, -29.0, 66.0, -12.0, -14.0, 29.0, 91.0, -65.0, -15.0, 21.0, 80.0, -21.0, -24.0, 24.0, 84.0, -50.0, 28.0, 17.0, 95.0, -14.0, 56.0, 16.0, 84.0, -25.0, 9.0, 59.0, 64.0, 28.0, -11.0, -26.0, 104.0, -8.0, -32.0, -5.0, -23.0, 92.0, -32.0, -20.0, 39.0, 106.0, -69.0, ' -20.0]']","['[-30.0', 16.0, ' 34.0', -7.0, -37.0, -1.0, 36.0, 13.0, 18.0, -100.0, 0.0, -2.0, -26.0, 29.0, -1.0, 18.0, -32.0, -46.0, -37.0, -23.0, -59.0, 1.0, -72.0, 66.0, -62.0, -20.0, -59.0, -20.0, -52.0, -57.0, -9.0, -48.0, 4.0, -18.0, -50.0, -25.0, -116.0, -31.0, -18.0, -1.0, -1.0, 24.0, -76.0, 18.0, -5.0, -20.0, 39.0, -7.0, 24.0, -21.0, -41.0, -30.0, -11.0, -52.0, 13.0, -66.0, 66.0, -52.0, -33.0, -52.0, -20.0, -57.0, -46.0, -32.0, -40.0, -16.0, -18.0, -45.0, -29.0, -122.0, -38.0, -43.0, 6.0, -12.0, 26.0, -48.0, 34.0, -6.0, -9.0, 45.0, -9.0, ' 31.0]']","['[21.0', ' 33.0', ' -13.0', -36.0, 4.0, 37.0, 7.0, -34.0, 16.0, 46.0, 53.0, -9.0, 18.0, 35.0, -11.0, 21.0, 22.0, 8.0, 14.0, 29.0, 5.0, 36.0, 1.0, 7.0, 17.0, -42.0, 5.0, -8.0, -18.0, 23.0, -67.0, 17.0, -60.0, 0.0, 8.0, -18.0, -35.0, -21.0, -73.0, 20.0, -36.0, 8.0, 79.0, 51.0, -7.0, 26.0, 24.0, -11.0, 13.0, 33.0, 24.0, 26.0, 35.0, 27.0, 33.0, 25.0, -18.0, 38.0, -33.0, 26.0, 0.0, 1.0, 42.0, -61.0, 33.0, -59.0, 6.0, 26.0, -9.0, 5.0, -6.0, -62.0, 20.0, -32.0, 0.0, 100.0, 41.0, -5.0, 32.0, 8.0, -8.0, ' 3.0]']","['[-22.0', ' 9.0', ' 28.0', 5.0, -25.0, -18.0, 15.0, 24.0, -46.0, 38.0, -15.0, 9.0, -17.0, -23.0, 43.0, -80.0, 75.0, -36.0, 68.0, -7.0, 62.0, 9.0, 63.0, 93.0, -12.0, -47.0, -3.0, 39.0, 18.0, 102.0, 20.0, 77.0, 61.0, 59.0, 26.0, 78.0, 5.0, 27.0, 0.0, 2.0, -4.0, -54.0, 73.0, -41.0, 14.0, -18.0, -26.0, -27.0, -50.0, -39.0, 66.0, -41.0, -40.0, -33.0, -58.0, -25.0, -99.0, -11.0, -25.0, 10.0, -31.0, 22.0, -60.0, 22.0, -6.0, 11.0, -5.0, 34.0, -29.0, 36.0, 37.0, 48.0, 93.0, -21.0, 86.0, -92.0, 44.0, -21.0, 31.0, 44.0, -23.0, ' 118.0]']","['[17.0', ' 26.0', ' -2.0', -27.0, -12.0, 22.0, 24.0, -7.0, 75.0, -90.0, 47.0, -20.0, 26.0, 38.0, 10.0, 90.0, 13.0, -57.0, 18.0, 45.0, 9.0, 60.0, 2.0, 69.0, 16.0, 46.0, -8.0, 17.0, -32.0, 21.0, -32.0, -27.0, -38.0, -17.0, -47.0, -2.0, -41.0, -49.0, -51.0, -102.0, 23.0, -70.0, 66.0, -30.0, 16.0, -26.0, -35.0, 36.0, -109.0, 66.0, -13.0, 57.0, -23.0, 54.0, -14.0, 57.0, 63.0, -18.0, -62.0, 0.0, 30.0, 30.0, 86.0, 30.0, 81.0, 71.0, 62.0, 41.0, 73.0, 20.0, 42.0, 17.0, 42.0, -10.0, -22.0, 37.0, -25.0, 7.0, -7.0, -12.0, -38.0, ' -9.0]']","['[54.0', ' 25.0', -37.0, -51.0, 0.0, 51.0, 36.0, -24.0, -15.0, 34.0, -66.0, 10.0, -31.0, 53.0, 39.0, 10.0, 41.0, 6.0, 65.0, -5.0, -55.0, 42.0, -63.0, 76.0, -75.0, 46.0, 33.0, 19.0, 90.0, -27.0, 9.0, -41.0, 18.0, -8.0, -71.0, 37.0, -28.0, 54.0, 55.0, 9.0, 54.0, -36.0, 0.0, 13.0, -26.0, 72.0, -67.0, -1.0, -119.0, 43.0, -30.0, -77.0, 0.0, -61.0, 28.0, 32.0, 10.0, 58.0, -29.0, 63.0, -19.0, -32.0, 18.0, -61.0, 60.0, -56.0, 53.0, 3.0, 31.0, 90.0, -22.0, 53.0, -49.0, -3.0, 36.0, -34.0, 59.0, 3.0, -8.0, -15.0, -40.0, ' 56.0]']","['[7.0', -48.0, -39.0, 18.0, 54.0, 19.0, -41.0, -48.0, 41.0, -9.0, 6.0, 22.0, -65.0, 54.0, -10.0, 120.0, -57.0, 30.0, 59.0, 1.0, 81.0, -42.0, -12.0, -31.0, -40.0, 17.0, -74.0, 14.0, 9.0, -9.0, 60.0, -51.0, 52.0, -52.0, 20.0, -42.0, -85.0, 7.0, -69.0, 49.0, -11.0, -27.0, 36.0, -66.0, 3.0, -12.0, 38.0, 41.0, -22.0, 55.0, -3.0, 42.0, -5.0, -76.0, 51.0, -57.0, 82.0, -63.0, 40.0, 52.0, 15.0, 85.0, -23.0, -9.0, -25.0, 3.0, 5.0, -75.0, 46.0, -1.0, 51.0, 70.0, -4.0, 55.0, -26.0, -10.0, 31.0, -26.0, 73.0, -75.0, -13.0, ' -109.0]']",,,,,,
1740060584.729304,ble-pd-B43A31EF7B26,644ccf94-9fe3-7c04-f24c-f861554e6e0b,6257,27,-69.0,-85.0,-79.0,-65.0,-61.0,-46.0,-55.0,2.95218544107005,-1.57716820601902,0.3983186179149003,-1.502560413870723,-0.9338807581561293,-2.0629706783059776,-0.3210435388718209,0.2443140541223411,0.3790884310261425,0.0867784216852026,0.2062372920550946,0.4628698298411501,0.6859014892378699,1.114039678495062,-3.293234348297119,6.839664459228516,1.91203773021698,-3.54,6.84,1.96,"['[12.0', -40.0, -39.0, 13.0, 47.0, 15.0, -35.0, -39.0, 91.0, -36.0, -6.0, -28.0, 44.0, -35.0, -43.0, -36.0, 49.0, 77.0, 28.0, -40.0, 9.0, 4.0, 0.0, -46.0, 4.0, 94.0, 32.0, -26.0, -21.0, 18.0, -10.0, -22.0, -35.0, 94.0, 18.0, -7.0, 22.0, 88.0, -18.0, -13.0, -44.0, 90.0, -41.0, 0.0, -28.0, 48.0, -46.0, -27.0, -42.0, 50.0, 62.0, 32.0, -43.0, 11.0, -8.0, 10.0, -49.0, 8.0, 88.0, 36.0, -30.0, -25.0, 6.0, -3.0, -26.0, -38.0, 87.0, 22.0, -7.0, 19.0, 71.0, -19.0, -16.0, -45.0, 92.0, -46.0, 9.0, -29.0, 50.0, -55.0, -14.0, ' -33.0]']","['[-48.0', -30.0, 27.0, 45.0, 3.0, -44.0, -31.0, 24.0, -8.0, 54.0, -87.0, 1.0, -50.0, 88.0, -104.0, -26.0, -8.0, 92.0, -49.0, 19.0, -6.0, 109.0, -75.0, 49.0, -39.0, 35.0, -26.0, 38.0, 19.0, 102.0, -68.0, 59.0, 31.0, 62.0, -15.0, 2.0, 46.0, 93.0, 2.0, 36.0, 20.0, 0.0, 47.0, -85.0, -3.0, -41.0, 84.0, -104.0, -31.0, -2.0, 103.0, -46.0, 13.0, -3.0, 107.0, -76.0, 45.0, -40.0, 46.0, -22.0, 33.0, 19.0, 102.0, -72.0, 59.0, 29.0, 73.0, -16.0, 4.0, 53.0, 97.0, -3.0, 28.0, 17.0, 12.0, 44.0, -84.0, -5.0, -37.0, 77.0, -106.0, ' -32.0]']","['[2.0', 9.0, ' 0.0', -6.0, -3.0, 5.0, 5.0, -4.0, -6.0, -43.0, -24.0, -20.0, -25.0, -13.0, -1.0, 0.0, 8.0, -46.0, -3.0, -10.0, -31.0, -2.0, -40.0, 5.0, -32.0, -34.0, -33.0, -17.0, -47.0, -2.0, -43.0, 7.0, 13.0, -13.0, -45.0, 21.0, -121.0, 12.0, -32.0, 30.0, -7.0, -3.0, -35.0, -15.0, -20.0, -17.0, -11.0, 5.0, 4.0, 11.0, -42.0, 1.0, -9.0, -31.0, -5.0, -41.0, 1.0, -38.0, -36.0, -32.0, -20.0, -44.0, -3.0, -48.0, 4.0, 4.0, -24.0, -37.0, 16.0, -121.0, 12.0, -49.0, 30.0, -8.0, 0.0, -29.0, -4.0, -21.0, -7.0, -10.0, 11.0, ' 5.0]']","['[7.0', ' -2.0', ' -7.0', -1.0, 6.0, 1.0, -5.0, -6.0, 8.0, 25.0, 45.0, -6.0, 46.0, 2.0, 37.0, 9.0, 9.0, 34.0, 22.0, 3.0, 11.0, -11.0, 0.0, -20.0, -9.0, -20.0, 0.0, -15.0, 6.0, -3.0, -26.0, -12.0, -42.0, -43.0, 47.0, -27.0, 9.0, -5.0, -82.0, 4.0, -4.0, 7.0, 35.0, 49.0, -2.0, 49.0, 8.0, 34.0, 10.0, 7.0, 38.0, 22.0, 2.0, 13.0, -12.0, 8.0, -24.0, 0.0, -15.0, 3.0, -7.0, 15.0, -3.0, -18.0, -14.0, -38.0, -42.0, 50.0, -32.0, 31.0, -6.0, -71.0, -1.0, -1.0, 9.0, 42.0, 52.0, 2.0, 51.0, 9.0, 32.0, ' 7.0]']","['[-2.0', ' -13.0', ' -4.0', 10.0, 9.0, -5.0, -12.0, -1.0, 31.0, -65.0, 1.0, -34.0, -21.0, -40.0, -14.0, 51.0, 8.0, -24.0, 17.0, 5.0, -6.0, 67.0, -20.0, 90.0, -32.0, 76.0, -9.0, 82.0, -4.0, 54.0, -28.0, 21.0, 40.0, 52.0, 3.0, 56.0, -4.0, 37.0, -27.0, -11.0, -9.0, -2.0, 86.0, 21.0, 3.0, 32.0, -12.0, 41.0, -60.0, 7.0, -44.0, -6.0, -37.0, 1.0, -77.0, 24.0, -49.0, 17.0, -79.0, 25.0, -81.0, 12.0, -17.0, 24.0, 51.0, -10.0, 37.0, 8.0, 41.0, 11.0, 36.0, 8.0, 42.0, 15.0, -29.0, -48.0, -33.0, 32.0, -21.0, 53.0, -40.0, ' 30.0]']","['[-13.0', ' 0.0', ' 12.0', 7.0, -7.0, -12.0, 0.0, 13.0, -26.0, -56.0, -32.0, 28.0, -25.0, 49.0, -42.0, 35.0, -17.0, 80.0, -5.0, 44.0, 4.0, 45.0, -12.0, -15.0, 5.0, 36.0, -24.0, 34.0, -13.0, -24.0, -8.0, -86.0, -24.0, -103.0, -12.0, -106.0, -10.0, -83.0, 10.0, -48.0, -10.0, 42.0, -11.0, 23.0, -43.0, 1.0, -63.0, 15.0, 16.0, 16.0, -72.0, 17.0, -26.0, -9.0, 20.0, -7.0, 77.0, -25.0, 30.0, 7.0, 38.0, 5.0, 57.0, -15.0, 74.0, 46.0, 109.0, 11.0, 113.0, 4.0, 85.0, -27.0, 23.0, -1.0, -29.0, 71.0, 0.0, 31.0, 23.0, 36.0, 19.0, ' -54.0]']","['[-62.0', ' 20.0', 76.0, 35.0, -51.0, -71.0, 0.0, 73.0, 23.0, -88.0, 82.0, -105.0, 50.0, -42.0, -58.0, 27.0, -77.0, 8.0, -47.0, -19.0, 50.0, -69.0, 44.0, 2.0, 28.0, 57.0, -19.0, 68.0, -64.0, 18.0, -28.0, 27.0, -76.0, 11.0, 73.0, 29.0, 72.0, 11.0, -27.0, 9.0, -73.0, 15.0, 38.0, -69.0, 80.0, -95.0, 107.0, 19.0, 3.0, 18.0, -39.0, 84.0, -39.0, 17.0, 33.0, -57.0, -32.0, -43.0, -43.0, -28.0, -63.0, 47.0, -54.0, 61.0, -44.0, 118.0, 11.0, -1.0, 3.0, -75.0, 16.0, -63.0, 38.0, 27.0, -46.0, 32.0, 4.0, -8.0, 81.0, -106.0, 29.0, ' -37.0]']","['[45.0', 74.0, 7.0, -68.0, -56.0, 28.0, 77.0, 29.0, -42.0, 28.0, 7.0, -11.0, 83.0, -106.0, 28.0, -35.0, 47.0, 46.0, -71.0, 72.0, -75.0, 22.0, 35.0, 44.0, 34.0, 6.0, 58.0, 20.0, -4.0, 59.0, -58.0, 35.0, -91.0, -31.0, -69.0, -32.0, 33.0, -34.0, 117.0, -62.0, 31.0, 48.0, -86.0, 52.0, -69.0, -23.0, 43.0, -62.0, 44.0, -89.0, -28.0, 14.0, -65.0, 88.0, -63.0, 6.0, -29.0, -2.0, 36.0, -55.0, 33.0, -43.0, -26.0, 18.0, -6.0, 6.0, 32.0, 100.0, 43.0, 31.0, 35.0, -104.0, 49.0, -74.0, -23.0, 89.0, -85.0, 106.0, -54.0, 43.0, 58.0, ' -31.0]']",,,,,,
1740060585.726671,ble-pd-B43A31EF7B26,3e1d3265-a72d-ba71-ff60-149e05c36d40,6258,19,-66.0,-81.0,-70.0,-83.0,-59.0,-54.0,-61.0,2.862342103799573,-1.520473101678705,0.3572580002280586,-1.446927378173131,-0.9472682037665442,-2.2683939389901364,-0.6810720703615795,0.2886192508994967,0.3342005179577207,0.1152422874159695,0.1586503650904183,0.3374267985230081,0.5092778562195126,0.800650061570036,-3.251939296722412,6.840946197509766,1.89229702949524,-3.54,6.84,1.96,"['[-43.0', -16.0, 32.0, 38.0, -5.0, -43.0, -22.0, 27.0, -45.0, 55.0, -27.0, -35.0, -41.0, 93.0, -73.0, 43.0, -15.0, 25.0, -26.0, -25.0, -5.0, 67.0, -54.0, 77.0, 1.0, 41.0, -20.0, -12.0, 30.0, 46.0, -21.0, 28.0, 40.0, 36.0, -13.0, -14.0, 0.0, -5.0, 27.0, -3.0, 25.0, -41.0, 55.0, -27.0, -35.0, -44.0, 97.0, -72.0, 42.0, -12.0, 27.0, -27.0, -25.0, -6.0, 73.0, -55.0, 78.0, 1.0, 43.0, -20.0, -13.0, 30.0, 47.0, -21.0, 28.0, 42.0, 42.0, -14.0, -15.0, 1.0, 1.0, 27.0, -4.0, 25.0, -40.0, 52.0, -30.0, -36.0, -44.0, 99.0, -75.0, ' 40.0]']","['[-3.0', 39.0, 28.0, -20.0, -43.0, -8.0, 37.0, 32.0, -31.0, 28.0, 38.0, 5.0, 44.0, -65.0, 42.0, 55.0, -28.0, -26.0, 19.0, 9.0, 19.0, -102.0, 39.0, -28.0, 2.0, -22.0, 7.0, 24.0, -8.0, -95.0, 41.0, -43.0, -39.0, -86.0, 14.0, 42.0, -47.0, -110.0, 2.0, 7.0, 33.0, -34.0, 29.0, 37.0, 3.0, 42.0, -62.0, 42.0, 57.0, -29.0, -24.0, 18.0, 7.0, 20.0, -99.0, 37.0, -25.0, 2.0, -19.0, 6.0, 23.0, -6.0, -95.0, 41.0, -43.0, -39.0, -84.0, 13.0, 41.0, -46.0, -111.0, 3.0, 7.0, 34.0, -36.0, 33.0, 35.0, 1.0, 41.0, -57.0, 38.0, ' 58.0]']","['[-14.0', -7.0, ' 10.0', 10.0, -8.0, -11.0, 3.0, 13.0, -7.0, 21.0, 51.0, -25.0, 43.0, 44.0, 33.0, 58.0, 16.0, -8.0, 18.0, -12.0, -16.0, -7.0, -31.0, -17.0, -9.0, -37.0, -2.0, -13.0, -28.0, -5.0, -48.0, 23.0, -36.0, -71.0, -21.0, -5.0, -79.0, -9.0, -83.0, 17.0, 14.0, -9.0, 39.0, 61.0, -20.0, 53.0, 42.0, 34.0, 49.0, 16.0, 7.0, 19.0, -11.0, -11.0, -1.0, -23.0, -20.0, -4.0, -31.0, 7.0, -14.0, -17.0, -2.0, -43.0, 24.0, -39.0, -69.0, -4.0, -10.0, -61.0, -12.0, -85.0, 8.0, 13.0, -7.0, 61.0, 67.0, -13.0, 64.0, 38.0, 34.0, ' 39.0]']","['[-4.0', ' 13.0', ' 8.0', -9.0, -11.0, 6.0, 13.0, -2.0, 2.0, 119.0, 47.0, 34.0, 60.0, -12.0, 12.0, -40.0, -4.0, 82.0, 5.0, 11.0, 31.0, 30.0, 41.0, -10.0, 28.0, 34.0, 54.0, 5.0, 72.0, 16.0, 16.0, 11.0, -20.0, 5.0, 79.0, -22.0, 90.0, -28.0, -18.0, -41.0, -5.0, 1.0, 116.0, 38.0, 38.0, 52.0, -22.0, 6.0, -51.0, -7.0, 83.0, 0.0, 15.0, 33.0, 31.0, 46.0, -8.0, 30.0, 39.0, 55.0, 8.0, 75.0, 17.0, 26.0, 5.0, -11.0, 19.0, 81.0, -21.0, 103.0, -26.0, -4.0, -45.0, -6.0, 3.0, 107.0, 26.0, 41.0, 40.0, -28.0, -1.0, ' -59.0]']","['[-14.0', ' 26.0', ' 28.0', -11.0, -35.0, -7.0, 31.0, 26.0, 10.0, -31.0, 32.0, 1.0, 4.0, 68.0, 2.0, 35.0, 6.0, 41.0, 20.0, 45.0, -4.0, 22.0, 11.0, -16.0, 10.0, 30.0, -7.0, -33.0, -9.0, -10.0, -5.0, -64.0, -43.0, -39.0, 0.0, -73.0, -2.0, -93.0, 16.0, -88.0, 2.0, 8.0, -70.0, -62.0, -14.0, -33.0, -63.0, -36.0, -43.0, 25.0, -30.0, 1.0, -10.0, 3.0, 19.0, 3.0, 74.0, -2.0, -20.0, 2.0, 71.0, -3.0, 57.0, -27.0, 47.0, 49.0, 36.0, 1.0, 36.0, -12.0, 46.0, -11.0, 13.0, -28.0, -22.0, 123.0, 44.0, 17.0, 38.0, 12.0, 42.0, ' 21.0]']","['[31.0', ' 23.0', ' -19.0', -33.0, 2.0, 34.0, 17.0, -23.0, -19.0, 117.0, 53.0, 17.0, 39.0, 27.0, 43.0, 27.0, -37.0, 5.0, -20.0, -24.0, 0.0, -44.0, -15.0, -82.0, -4.0, 0.0, 3.0, -64.0, 12.0, -65.0, 38.0, -7.0, -30.0, -15.0, -3.0, 13.0, 18.0, 19.0, 0.0, 51.0, 36.0, 22.0, -101.0, -9.0, -10.0, -21.0, 35.0, -23.0, 9.0, 28.0, 29.0, 29.0, 50.0, -3.0, 45.0, 18.0, 39.0, 10.0, 23.0, -7.0, 17.0, -15.0, 33.0, -28.0, -45.0, -16.0, -21.0, 2.0, -64.0, -13.0, -82.0, 13.0, -102.0, -21.0, -7.0, 7.0, -43.0, -3.0, -13.0, -72.0, -11.0, ' -38.0]']","['[9.0', ' 6.0', -3.0, -10.0, -3.0, 8.0, 9.0, 1.0, 115.0, -100.0, 19.0, -121.0, -5.0, 13.0, -14.0, 118.0, -6.0, 45.0, 49.0, -9.0, 99.0, -66.0, -40.0, -32.0, 18.0, 101.0, -94.0, 97.0, -9.0, 37.0, 13.0, -21.0, 16.0, 51.0, 31.0, 57.0, -102.0, 46.0, -97.0, 33.0, 3.0, -68.0, 31.0, -52.0, 88.0, -9.0, 62.0, 70.0, -74.0, 14.0, -72.0, 12.0, -90.0, -95.0, 12.0, -31.0, 41.0, -70.0, -36.0, 44.0, -95.0, 68.0, -92.0, -12.0, -23.0, 58.0, 40.0, -108.0, -18.0, 14.0, 6.0, 43.0, 15.0, -4.0, -31.0, 60.0, 42.0, 9.0, 16.0, -94.0, -73.0, ' -24.0]']","['[4.0', -5.0, -9.0, 0.0, 9.0, 6.0, -5.0, -6.0, -8.0, 39.0, 49.0, -12.0, 14.0, -91.0, -80.0, 0.0, -13.0, 53.0, -56.0, 123.0, 40.0, 37.0, 74.0, -27.0, 74.0, -38.0, 20.0, 45.0, -84.0, 89.0, 3.0, 50.0, -88.0, -91.0, 116.0, -25.0, 64.0, -48.0, 25.0, -47.0, 4.0, 95.0, -103.0, -12.0, -87.0, -13.0, 69.0, 38.0, 94.0, 4.0, 2.0, 74.0, -83.0, 51.0, -75.0, -78.0, -8.0, -32.0, 103.0, -86.0, 49.0, 48.0, -27.0, 9.0, -49.0, 69.0, 97.0, -53.0, 59.0, -121.0, 66.0, -89.0, 55.0, -2.0, -111.0, 91.0, -33.0, 124.0, 1.0, 5.0, 28.0, ' -117.0]']",,,,,,
1740060586.730586,ble-pd-B43A31EF7B26,07229fa3-a74e-fce5-bce9-f69f1af04ce2,6259,26,-68.0,-83.0,-80.0,-80.0,,,,2.877414530304985,-1.5288065322037263,0.3472751408818966,-1.4556893113175464,,,,0.2426176537974742,0.4059633549820273,0.0883181033022967,0.1464967964292464,,,,,,,-3.54,6.84,1.96,"['[1.0', -37.0, -24.0, 19.0, 38.0, 5.0, -35.0, -26.0, 45.0, -3.0, -26.0, -29.0, 13.0, 9.0, -63.0, -47.0, 31.0, 92.0, 13.0, -22.0, 11.0, 50.0, -16.0, -2.0, -15.0, 98.0, 26.0, -2.0, 0.0, 60.0, -22.0, 21.0, -22.0, 119.0, 29.0, -8.0, 29.0, 109.0, 1.0, -7.0, -29.0, 51.0, -13.0, -15.0, -29.0, 21.0, 0.0, -56.0, -45.0, 33.0, 85.0, 19.0, -26.0, 13.0, 36.0, -8.0, -9.0, -10.0, 94.0, 30.0, -6.0, -2.0, 48.0, -15.0, 17.0, -25.0, 114.0, 32.0, -9.0, 25.0, 104.0, 0.0, -9.0, -32.0, 55.0, -22.0, -4.0, -29.0, 27.0, -11.0, -47.0, ' -43.0]']","['[-40.0', -13.0, 30.0, 33.0, -8.0, -39.0, -17.0, 26.0, -44.0, 75.0, -74.0, 5.0, -54.0, 81.0, -56.0, -14.0, -26.0, 60.0, -50.0, 27.0, -14.0, 84.0, -54.0, 49.0, -27.0, 13.0, -31.0, 33.0, 20.0, 76.0, -41.0, 30.0, 35.0, 25.0, -27.0, 1.0, 22.0, 36.0, 1.0, 13.0, 23.0, -38.0, 73.0, -76.0, 0.0, -52.0, 82.0, -62.0, -20.0, -22.0, 72.0, -48.0, 23.0, -11.0, 91.0, -55.0, 48.0, -30.0, 34.0, -27.0, 32.0, 20.0, 83.0, -44.0, 33.0, 32.0, 42.0, -23.0, 0.0, 24.0, 53.0, 1.0, 12.0, 19.0, -32.0, 71.0, -78.0, -2.0, -49.0, 81.0, -69.0, ' -24.0]']","['[-5.0', 7.0, ' 6.0', -4.0, -8.0, 1.0, 10.0, 0.0, 4.0, -51.0, -60.0, -6.0, -54.0, -27.0, -25.0, -16.0, -5.0, -46.0, -28.0, -8.0, -39.0, 7.0, -31.0, 19.0, -22.0, -2.0, -16.0, -6.0, -21.0, -8.0, 9.0, -7.0, 41.0, 21.0, -57.0, 29.0, -68.0, 11.0, 58.0, 20.0, -3.0, 5.0, -57.0, -59.0, -9.0, -55.0, -27.0, -20.0, -12.0, -1.0, -50.0, -26.0, -9.0, -43.0, 5.0, -37.0, 20.0, -27.0, -8.0, -24.0, -10.0, -29.0, -9.0, 0.0, -10.0, 38.0, 16.0, -59.0, 29.0, -82.0, 11.0, 47.0, 26.0, -4.0, 5.0, -60.0, -55.0, -12.0, -54.0, -26.0, -15.0, ' -6.0]']","['[7.0', ' 7.0', ' -4.0', -7.0, 2.0, 9.0, 0.0, -9.0, 1.0, -34.0, 1.0, -20.0, -4.0, 0.0, 26.0, 26.0, 17.0, -18.0, 13.0, -3.0, -24.0, -11.0, -39.0, 1.0, -32.0, -30.0, -40.0, -18.0, -48.0, -11.0, -52.0, -21.0, -24.0, -39.0, -14.0, 0.0, -98.0, 7.0, -63.0, 29.0, -10.0, 2.0, -26.0, 12.0, -18.0, 3.0, 6.0, 29.0, 29.0, 18.0, -10.0, 18.0, -3.0, -18.0, -11.0, -35.0, 0.0, -29.0, -31.0, -37.0, -16.0, -44.0, -10.0, -54.0, -18.0, -29.0, -42.0, -5.0, -4.0, -86.0, 5.0, -72.0, 24.0, -9.0, 3.0, -17.0, 22.0, -16.0, 14.0, 10.0, 33.0, ' 31.0]']","['[2.0', ' -10.0', ' -7.0', 5.0, 10.0, 0.0, -10.0, -6.0, -14.0, -97.0, -22.0, -3.0, -30.0, 3.0, -37.0, 61.0, 14.0, 32.0, 16.0, 27.0, 5.0, 83.0, -30.0, 70.0, -24.0, 71.0, -23.0, 105.0, -12.0, 39.0, -43.0, -27.0, 26.0, 10.0, -33.0, -10.0, -27.0, -29.0, -36.0, -57.0, -3.0, 16.0, 74.0, 33.0, -18.0, 14.0, -45.0, 55.0, -24.0, 0.0, -84.0, 8.0, -50.0, 0.0, -56.0, 31.0, -1.0, 0.0, -38.0, 30.0, -51.0, 16.0, 13.0, 28.0, 95.0, 20.0, 63.0, 35.0, 97.0, 37.0, 95.0, 2.0, 83.0, 10.0, -7.0, -2.0, -24.0, 30.0, 9.0, 59.0, -40.0, ' -27.0]']","['[-11.0', ' -4.0', ' 10.0', 9.0, -4.0, -11.0, -2.0, 10.0, -7.0, -4.0, -25.0, 28.0, 7.0, 59.0, -43.0, -26.0, -14.0, 84.0, -28.0, 42.0, -4.0, -1.0, -13.0, -63.0, 24.0, -17.0, -17.0, -26.0, -10.0, -57.0, 2.0, -105.0, -54.0, -95.0, -16.0, -124.0, -25.0, -104.0, 32.0, -64.0, -10.0, -3.0, -63.0, 0.0, -22.0, -27.0, -36.0, 3.0, 62.0, 20.0, -36.0, 31.0, -11.0, 7.0, 62.0, -12.0, 94.0, -35.0, 62.0, -4.0, 94.0, -2.0, 68.0, -33.0, 52.0, 57.0, 71.0, -13.0, 78.0, -1.0, 54.0, -47.0, 1.0, 5.0, 15.0, 97.0, 23.0, 2.0, 28.0, -5.0, 38.0, ' -61.0]']","['[-16.0', ' -7.0', 12.0, 15.0, -1.0, -16.0, -9.0, 8.0, 67.0, -103.0, 48.0, -87.0, -30.0, 13.0, -16.0, 90.0, -53.0, -2.0, 37.0, -27.0, 70.0, -77.0, -19.0, -2.0, -7.0, 57.0, -64.0, 73.0, -16.0, -5.0, 13.0, 3.0, -13.0, 8.0, 31.0, 46.0, -32.0, 19.0, -84.0, 38.0, -19.0, -55.0, 87.0, -87.0, 89.0, -29.0, 60.0, 41.0, -72.0, 50.0, -43.0, 11.0, -38.0, -57.0, 55.0, -15.0, -12.0, -16.0, -48.0, 45.0, -81.0, 54.0, -38.0, 18.0, -20.0, 90.0, 27.0, -47.0, -14.0, 3.0, 12.0, 33.0, 27.0, 18.0, 11.0, -19.0, 73.0, -41.0, 72.0, -96.0, -42.0, ' 15.0]']","['[0.0', 14.0, 11.0, -7.0, -16.0, -4.0, 12.0, 16.0, 9.0, -19.0, 73.0, -38.0, 72.0, -96.0, -41.0, 9.0, -15.0, 63.0, -55.0, 82.0, 10.0, 0.0, 41.0, 18.0, 31.0, 8.0, -1.0, 41.0, -63.0, 60.0, -41.0, 26.0, -114.0, -48.0, 33.0, -24.0, 27.0, -38.0, 42.0, -75.0, -7.0, 40.0, -60.0, -16.0, -33.0, -72.0, 76.0, 17.0, 53.0, -24.0, -47.0, 66.0, -77.0, 41.0, -53.0, -43.0, -13.0, -28.0, 33.0, -44.0, 23.0, 36.0, -45.0, 39.0, -15.0, 70.0, 41.0, -3.0, 50.0, -42.0, 42.0, -88.0, 80.0, -7.0, -67.0, 104.0, -50.0, 85.0, 30.0, -13.0, 16.0, ' -89.0]']",,,,,,
1740060587.72922,ble-pd-B43A31EF7B26,9a08b39f-85fd-305e-c45c-267a3251596a,6260,33,-63.0,-79.0,-77.0,-72.0,-56.0,-49.0,-61.0,2.871608306496394,-1.474677649889811,0.3776476941659233,-1.4467004768482563,-0.9962833677205136,-2.267289349445013,0.132572688208257,0.2468241333840112,0.3750818383241728,0.0794004501355175,0.2093281068819701,0.2701219021113359,0.3547214659163803,0.8508447872931288,-3.227214336395264,6.85224485397339,1.864041328430176,-3.54,6.84,1.96,"['[79.0', 18.0, -67.0, -62.0, 23.0, 80.0, 29.0, -63.0, -31.0, 3.0, 48.0, 55.0, 5.0, -16.0, 33.0, 1.0, -46.0, -85.0, 26.0, 38.0, -32.0, -10.0, 4.0, -36.0, -12.0, -102.0, -2.0, -31.0, -2.0, -32.0, 9.0, -42.0, -12.0, -91.0, -24.0, -15.0, -30.0, -62.0, 9.0, 0.0, -50.0, -51.0, 13.0, 39.0, 63.0, -13.0, -12.0, 35.0, 8.0, -50.0, -79.0, 21.0, 62.0, -42.0, -3.0, 6.0, -22.0, -14.0, -109.0, -3.0, -5.0, -2.0, -19.0, 6.0, -32.0, -6.0, -98.0, -23.0, -1.0, -27.0, -62.0, 5.0, 2.0, -34.0, -64.0, 17.0, 30.0, 67.0, -32.0, -6.0, 35.0, ' 14.0]']","['[-6.0', -77.0, -44.0, 49.0, 76.0, -1.0, -74.0, -50.0, 86.0, -32.0, 29.0, -43.0, 82.0, -23.0, -10.0, -31.0, 22.0, -6.0, 21.0, -113.0, 43.0, -30.0, -6.0, -58.0, 18.0, 46.0, 3.0, -115.0, 3.0, -45.0, 15.0, -42.0, -25.0, 40.0, 3.0, -59.0, -7.0, 2.0, 12.0, -17.0, -62.0, 77.0, -30.0, 38.0, -29.0, 81.0, -26.0, -2.0, -31.0, 14.0, -27.0, 26.0, -102.0, 33.0, -32.0, -5.0, -66.0, 14.0, 27.0, 3.0, -119.0, 4.0, -51.0, 17.0, -51.0, -27.0, 17.0, -2.0, -60.0, -14.0, -13.0, 13.0, -17.0, -71.0, 67.0, -26.0, 46.0, -17.0, 76.0, -27.0, 5.0, ' -25.0]']","['[18.0', -9.0, ' -21.0', 3.0, 22.0, 2.0, -21.0, -11.0, -14.0, 49.0, 48.0, -1.0, 68.0, 12.0, 11.0, 26.0, 16.0, 32.0, 19.0, 16.0, 31.0, -2.0, 50.0, -38.0, 25.0, 21.0, 24.0, 6.0, 56.0, 24.0, 37.0, 18.0, -19.0, 5.0, 59.0, -31.0, 121.0, -6.0, 18.0, -30.0, -5.0, -11.0, 45.0, 42.0, -2.0, 66.0, 9.0, 4.0, 23.0, 12.0, 27.0, 14.0, 13.0, 28.0, -4.0, 48.0, -37.0, 30.0, 23.0, 26.0, 10.0, 58.0, 24.0, 44.0, 19.0, -9.0, 6.0, 57.0, -33.0, 125.0, -6.0, 26.0, -32.0, -2.0, -6.0, 40.0, 36.0, -1.0, 58.0, 6.0, -3.0, ' 17.0]']","['[-12.0', ' -20.0', ' 6.0', 21.0, 1.0, -21.0, -5.0, 19.0, 26.0, -37.0, -37.0, 0.0, -30.0, -22.0, -40.0, -18.0, -22.0, -37.0, -21.0, -20.0, -22.0, -6.0, -22.0, 23.0, 31.0, 8.0, 14.0, 11.0, 16.0, -5.0, 52.0, 3.0, 56.0, 23.0, -14.0, -8.0, 20.0, 0.0, 64.0, -14.0, 22.0, 26.0, -42.0, -47.0, 0.0, -37.0, -24.0, -42.0, -19.0, -26.0, -42.0, -23.0, -21.0, -25.0, -7.0, -29.0, 28.0, 27.0, 5.0, 11.0, 9.0, 5.0, -9.0, 46.0, 0.0, 59.0, 23.0, -22.0, -3.0, 5.0, 0.0, 61.0, -9.0, 22.0, 27.0, -47.0, -52.0, 2.0, -47.0, -25.0, -41.0, ' -24.0]']","['[10.0', ' -11.0', ' -16.0', 2.0, 17.0, 6.0, -13.0, -14.0, -7.0, -61.0, -9.0, -39.0, -7.0, 3.0, -4.0, 82.0, 14.0, -50.0, 22.0, 0.0, 18.0, 39.0, 45.0, 115.0, -39.0, 1.0, -39.0, 62.0, -12.0, 63.0, -32.0, 50.0, 73.0, 84.0, 3.0, 63.0, -20.0, 30.0, -7.0, -26.0, 3.0, 9.0, 97.0, 27.0, 29.0, 16.0, -22.0, 27.0, -113.0, -10.0, 9.0, 2.0, -38.0, 10.0, -54.0, -12.0, -67.0, 13.0, -42.0, 48.0, -61.0, 32.0, -29.0, 55.0, 31.0, -26.0, -43.0, 10.0, -7.0, 57.0, 11.0, 31.0, 68.0, 8.0, -4.0, -81.0, -30.0, -6.0, -16.0, 30.0, -35.0, ' 83.0]']","['[-13.0', ' -13.0', ' 7.0', 18.0, 3.0, -15.0, -11.0, 9.0, -3.0, -75.0, -30.0, -1.0, -15.0, 30.0, -35.0, 79.0, 0.0, 41.0, -24.0, 54.0, -37.0, 36.0, -35.0, -26.0, 22.0, 63.0, -27.0, 23.0, -33.0, -21.0, -47.0, -100.0, -38.0, -26.0, -18.0, -60.0, -62.0, -54.0, -37.0, -72.0, -19.0, -1.0, 13.0, 16.0, -24.0, 7.0, -19.0, 22.0, 0.0, 9.0, -66.0, 32.0, -39.0, 40.0, -1.0, 56.0, 98.0, -43.0, -48.0, -7.0, 26.0, 17.0, 58.0, 10.0, 107.0, 79.0, 78.0, 15.0, 89.0, 32.0, 62.0, 21.0, 35.0, 14.0, 7.0, 55.0, 8.0, 38.0, 5.0, 0.0, 1.0, ' -78.0]']","['[-33.0', ' -3.0', 29.0, 25.0, -11.0, -34.0, -14.0, 25.0, 42.0, -24.0, 54.0, -74.0, 40.0, -20.0, -71.0, 16.0, -29.0, 81.0, -25.0, 23.0, 48.0, 1.0, 6.0, 19.0, 7.0, 43.0, -30.0, 53.0, -41.0, 34.0, -8.0, 5.0, -111.0, -48.0, 33.0, -9.0, 16.0, 0.0, -13.0, -34.0, -36.0, -6.0, -15.0, -40.0, 46.0, -65.0, 40.0, 55.0, 14.0, 18.0, -57.0, 61.0, -44.0, -9.0, -18.0, -27.0, -23.0, 4.0, 22.0, 6.0, -32.0, 47.0, -32.0, 22.0, 7.0, 110.0, 54.0, -19.0, 28.0, -45.0, 25.0, -47.0, 49.0, 29.0, -35.0, 48.0, 8.0, 0.0, 61.0, -42.0, -16.0, ' -41.0]']","['[8.0', 34.0, 15.0, -22.0, -32.0, -1.0, 31.0, 25.0, -45.0, 56.0, -5.0, 16.0, 52.0, -40.0, -2.0, -46.0, 7.0, -11.0, -66.0, 40.0, -47.0, 28.0, 38.0, 9.0, -16.0, -83.0, 27.0, -16.0, -25.0, 8.0, -23.0, -19.0, -38.0, -24.0, -8.0, -33.0, 53.0, -38.0, 85.0, -37.0, -4.0, 62.0, -60.0, 36.0, -60.0, -14.0, 18.0, -44.0, 46.0, -24.0, 59.0, 34.0, -16.0, 67.0, -21.0, -28.0, 4.0, 16.0, 91.0, -40.0, 46.0, -5.0, 14.0, 13.0, 17.0, -43.0, -8.0, 28.0, 19.0, -33.0, 30.0, -73.0, 8.0, -20.0, -51.0, 36.0, -53.0, 77.0, -28.0, 10.0, 68.0, ' -27.0]']",,,,,,
1740060588.728319,ble-pd-B43A31EF7B26,ac9c3f45-9bbe-dfa0-20a4-b0b3bfa8171c,6261,14,-66.0,-77.0,-71.0,-63.0,,,,2.8833959901133026,-1.493323505945892,0.37710094719413,-1.4157032791305513,,,,0.2493803852010806,0.3369746329967154,0.1439112664849429,0.1931990046350415,,,,,,,-3.54,6.84,1.96,"['[-30.0', 4.0, 33.0, 17.0, -22.0, -31.0, 1.0, 32.0, 3.0, 64.0, -15.0, -6.0, -33.0, 39.0, -9.0, 54.0, -11.0, -6.0, -7.0, -11.0, -3.0, -15.0, 4.0, 28.0, -10.0, -8.0, -21.0, 7.0, 3.0, -45.0, 7.0, 6.0, -11.0, -48.0, -15.0, 19.0, -35.0, -74.0, -15.0, 26.0, 33.0, 4.0, 57.0, -8.0, -5.0, -31.0, 27.0, -7.0, 54.0, -14.0, -9.0, -3.0, -10.0, -4.0, -22.0, 7.0, 22.0, -12.0, -11.0, -21.0, 8.0, 1.0, -52.0, 8.0, 4.0, -15.0, -53.0, -14.0, 21.0, -37.0, -79.0, -17.0, 26.0, 33.0, 3.0, 52.0, -4.0, -3.0, -31.0, 23.0, -2.0, ' 54.0]']","['[16.0', 34.0, 6.0, -29.0, -26.0, 12.0, 34.0, 11.0, 3.0, -62.0, 67.0, 18.0, 20.0, -103.0, 45.0, 1.0, -36.0, -70.0, 31.0, 20.0, -12.0, -126.0, 49.0, -50.0, -15.0, -54.0, 2.0, 21.0, -47.0, -97.0, 18.0, -21.0, -48.0, -75.0, 5.0, 24.0, -25.0, -61.0, -15.0, 3.0, 7.0, 2.0, -67.0, 67.0, 18.0, 23.0, -106.0, 46.0, -2.0, -36.0, -69.0, 31.0, 21.0, -11.0, -123.0, 48.0, -53.0, -15.0, -53.0, 3.0, 20.0, -47.0, -93.0, 17.0, -21.0, -47.0, -70.0, 6.0, 22.0, -22.0, -54.0, -14.0, 1.0, 4.0, 2.0, -73.0, 68.0, 18.0, 25.0, -109.0, 46.0, ' -7.0]']","['[20.0', 1.0, ' -19.0', -7.0, 16.0, 12.0, -14.0, -16.0, 21.0, 31.0, 42.0, 0.0, 41.0, 0.0, -1.0, -2.0, 15.0, 45.0, 13.0, 28.0, 36.0, 12.0, 30.0, -13.0, 36.0, 23.0, 59.0, 24.0, 50.0, 25.0, 8.0, -16.0, -13.0, -2.0, 88.0, -8.0, 93.0, 7.0, -23.0, -15.0, -11.0, 15.0, 30.0, 31.0, 0.0, 35.0, 0.0, -7.0, -2.0, 18.0, 36.0, 12.0, 23.0, 41.0, 11.0, 42.0, -10.0, 39.0, 26.0, 57.0, 25.0, 53.0, 27.0, 14.0, -10.0, -3.0, 7.0, 88.0, 1.0, 106.0, 16.0, -3.0, -13.0, -5.0, 7.0, 24.0, 17.0, -1.0, 24.0, 3.0, -13.0, ' -3.0]']","['[-1.0', ' -20.0', ' -4.0', 17.0, 10.0, -14.0, -14.0, 12.0, -19.0, -5.0, -36.0, 1.0, -25.0, 1.0, -23.0, -2.0, 14.0, -32.0, -2.0, -14.0, 28.0, -7.0, 44.0, 9.0, 15.0, 22.0, 2.0, 4.0, 19.0, 11.0, 28.0, 27.0, 38.0, 39.0, 13.0, 29.0, 73.0, 42.0, 79.0, 5.0, 16.0, -26.0, -12.0, -46.0, 1.0, -36.0, 0.0, -21.0, -2.0, 11.0, -42.0, -5.0, -20.0, 16.0, -9.0, 35.0, 11.0, 6.0, 15.0, -12.0, -1.0, 7.0, 5.0, 27.0, 30.0, 41.0, 37.0, -10.0, 28.0, 50.0, 39.0, 82.0, 7.0, 18.0, -27.0, -20.0, -55.0, 2.0, -43.0, 0.0, -18.0, ' -2.0]']","['[25.0', ' -6.0', ' -29.0', -8.0, 24.0, 21.0, -14.0, -28.0, -50.0, 49.0, -55.0, 17.0, -60.0, -49.0, -12.0, -86.0, -12.0, -52.0, -12.0, -79.0, -9.0, -67.0, 4.0, -33.0, 0.0, -88.0, 35.0, -35.0, 12.0, -16.0, 11.0, 76.0, 26.0, 22.0, 18.0, 29.0, 56.0, 73.0, 60.0, 97.0, 14.0, 38.0, 49.0, 29.0, 35.0, 44.0, 77.0, 2.0, 75.0, -20.0, 69.0, -27.0, 61.0, -33.0, 25.0, -41.0, -81.0, -7.0, 54.0, -42.0, -25.0, -49.0, -71.0, -13.0, -98.0, -31.0, -92.0, 4.0, -79.0, -20.0, -73.0, -35.0, -26.0, 14.0, 8.0, -104.0, 26.0, -57.0, 12.0, -34.0, 8.0, ' 4.0]']","['[-14.0', ' -28.0', ' 0.0', 28.0, 15.0, -19.0, -25.0, 3.0, -13.0, -91.0, 2.0, -54.0, -13.0, -59.0, 4.0, -35.0, 32.0, -48.0, 40.0, -21.0, 46.0, 17.0, 47.0, 115.0, 7.0, -7.0, 27.0, 55.0, 51.0, 96.0, 8.0, 67.0, 19.0, 99.0, -16.0, 75.0, -11.0, 40.0, 3.0, -28.0, -27.0, -35.0, 92.0, -50.0, 44.0, -43.0, -10.0, -12.0, -55.0, -28.0, -16.0, -32.0, -54.0, -33.0, -66.0, -22.0, -90.0, -3.0, -68.0, 15.0, -61.0, -16.0, -66.0, 4.0, 28.0, 10.0, -41.0, 26.0, -17.0, 54.0, 39.0, 48.0, 99.0, 28.0, 52.0, -8.0, 51.0, 4.0, 62.0, 70.0, 9.0, ' 92.0]']","['[-71.0', ' -46.0', 39.0, 72.0, 12.0, -63.0, -57.0, 21.0, 19.0, 21.0, 8.0, 7.0, -34.0, -25.0, -49.0, -43.0, -59.0, 24.0, -50.0, -16.0, 32.0, 15.0, 19.0, -36.0, 31.0, -19.0, -30.0, -66.0, -60.0, 29.0, 1.0, 66.0, 3.0, -8.0, 93.0, -40.0, 74.0, -35.0, -68.0, -17.0, -71.0, 1.0, -5.0, -41.0, 10.0, -18.0, 37.0, 28.0, 100.0, 14.0, 21.0, 69.0, 49.0, 18.0, 1.0, -31.0, -13.0, -54.0, 8.0, -14.0, 60.0, 29.0, 41.0, 43.0, -34.0, 31.0, -29.0, -13.0, 5.0, -125.0, 38.0, -6.0, 40.0, 53.0, -21.0, -14.0, 32.0, -19.0, 56.0, -13.0, 20.0, ' -61.0]']","['[-20.0', 58.0, 63.0, -14.0, -73.0, -39.0, 46.0, 71.0, -14.0, -5.0, 41.0, -17.0, 45.0, -27.0, -1.0, -90.0, 21.0, -39.0, -50.0, -50.0, -39.0, -13.0, 23.0, 37.0, 44.0, 2.0, 36.0, -31.0, 2.0, -66.0, -53.0, 0.0, -38.0, 40.0, -44.0, 17.0, 100.0, -22.0, 46.0, -37.0, -22.0, 23.0, 20.0, -13.0, 15.0, -54.0, -7.0, -40.0, 8.0, -61.0, 41.0, -17.0, 12.0, 48.0, 21.0, 2.0, -51.0, 1.0, -18.0, -44.0, -41.0, -53.0, 61.0, 28.0, 57.0, 23.0, -30.0, 101.0, -44.0, 9.0, -16.0, -81.0, 3.0, -51.0, -9.0, -16.0, -27.0, 0.0, 12.0, 35.0, 45.0, ' 75.0]']",,,,,,
1740060589.731088,ble-pd-B43A31EF7B26,c24fab61-5c50-ce1e-0249-7db0b819eb35,6262,30,-67.0,-76.0,-81.0,-77.0,-56.0,,-55.0,2.856538010519853,-1.4970086551042892,0.3393114902742327,-1.3604761091830877,-1.0177711170071415,,-0.055432804215306,0.2239105616810784,0.348810486539841,0.1714925606304576,0.2247611087542225,0.3524379355478534,,0.8893660014792649,-3.1969826221466064,6.867092609405518,1.8360307216644287,-3.54,6.84,1.96,"['[44.0', 39.0, -11.0, -53.0, -19.0, 38.0, 47.0, -9.0, -82.0, 20.0, 17.0, 79.0, -32.0, 4.0, 21.0, 53.0, -59.0, -77.0, -12.0, 81.0, -31.0, -5.0, -6.0, 13.0, -14.0, -101.0, -25.0, 38.0, 1.0, -25.0, 12.0, -18.0, 13.0, -111.0, -39.0, 34.0, -30.0, -86.0, 5.0, 9.0, -3.0, -87.0, 30.0, 9.0, 80.0, -46.0, 11.0, 15.0, 51.0, -61.0, -64.0, -15.0, 91.0, -36.0, 1.0, -13.0, 27.0, -15.0, -95.0, -25.0, 52.0, 5.0, -9.0, 3.0, -7.0, 18.0, -105.0, -35.0, 40.0, -26.0, -77.0, 3.0, 11.0, 5.0, -92.0, 42.0, 0.0, 77.0, -59.0, 21.0, 7.0, ' 47.0]']","['[30.0', -29.0, -48.0, -3.0, 47.0, 33.0, -22.0, -52.0, 44.0, -68.0, 51.0, -3.0, 77.0, -60.0, 46.0, -1.0, 1.0, -66.0, 21.0, -65.0, 12.0, -67.0, 42.0, -80.0, 15.0, -28.0, 7.0, -87.0, -19.0, -82.0, 46.0, -61.0, -31.0, -41.0, -11.0, -45.0, -42.0, -52.0, -1.0, -20.0, -56.0, 31.0, -64.0, 54.0, 6.0, 67.0, -56.0, 49.0, 8.0, -8.0, -80.0, 18.0, -49.0, 9.0, -67.0, 38.0, -73.0, 11.0, -44.0, -2.0, -82.0, -19.0, -86.0, 46.0, -62.0, -27.0, -55.0, -18.0, -39.0, -42.0, -64.0, 1.0, -19.0, -54.0, 14.0, -56.0, 54.0, 22.0, 62.0, -53.0, 51.0, ' 17.0]']","['[-23.0', -12.0, ' 19.0', 18.0, -15.0, -24.0, 9.0, 24.0, 24.0, -27.0, -38.0, 6.0, -50.0, -19.0, -43.0, -29.0, -31.0, -29.0, -39.0, -17.0, -20.0, -2.0, -11.0, 34.0, 25.0, 8.0, 15.0, 1.0, 16.0, -18.0, 51.0, 4.0, 50.0, 27.0, -10.0, 0.0, 35.0, 1.0, 62.0, -4.0, 23.0, 24.0, -34.0, -47.0, 7.0, -61.0, -19.0, -44.0, -30.0, -29.0, -34.0, -42.0, -19.0, -28.0, 0.0, -17.0, 37.0, 19.0, 6.0, 9.0, -1.0, 5.0, -22.0, 43.0, 2.0, 51.0, 24.0, -25.0, 6.0, 11.0, 3.0, 59.0, 3.0, 21.0, 23.0, -41.0, -53.0, 6.0, -65.0, -21.0, -43.0, ' -30.0]']","['[-10.0', ' 20.0', ' 16.0', -18.0, -21.0, 11.0, 25.0, -2.0, -4.0, -44.0, -43.0, -1.0, -50.0, -3.0, -9.0, -2.0, 0.0, -30.0, -17.0, -5.0, -41.0, 11.0, -42.0, 26.0, -30.0, -12.0, -37.0, -7.0, -65.0, -23.0, -35.0, -15.0, 10.0, -6.0, -78.0, 26.0, -115.0, 5.0, 2.0, 44.0, -9.0, -5.0, -40.0, -33.0, -2.0, -42.0, 0.0, 0.0, 4.0, 2.0, -25.0, -9.0, -1.0, -38.0, 11.0, -40.0, 16.0, -35.0, -14.0, -40.0, -8.0, -66.0, -18.0, -44.0, -14.0, -1.0, -11.0, -73.0, 25.0, -122.0, 3.0, -7.0, 46.0, -11.0, -10.0, -32.0, -24.0, -3.0, -30.0, 5.0, 5.0, ' 11.0]']","['[-10.0', ' -6.0', ' 7.0', 10.0, -1.0, -10.0, -4.0, 7.0, 4.0, -104.0, -27.0, -33.0, -24.0, 0.0, -8.0, 111.0, 25.0, -28.0, 26.0, 27.0, -4.0, 67.0, 15.0, 92.0, -2.0, 74.0, -18.0, 66.0, -20.0, 52.0, -48.0, 11.0, 39.0, 50.0, -14.0, 30.0, -45.0, 1.0, -55.0, -49.0, -11.0, -13.0, 95.0, 4.0, 4.0, 7.0, -25.0, 14.0, -103.0, -12.0, -51.0, -6.0, -48.0, 20.0, -69.0, 33.0, -11.0, -19.0, -92.0, 11.0, -48.0, 23.0, 8.0, 47.0, 70.0, 25.0, 18.0, 30.0, 46.0, 51.0, 58.0, 55.0, 78.0, 8.0, 12.0, -25.0, 19.0, 27.0, 13.0, 34.0, -10.0, ' 33.0]']","['[-3.0', ' 9.0', ' 8.0', -5.0, -10.0, -1.0, 10.0, 7.0, 13.0, -33.0, 20.0, 26.0, 11.0, 35.0, -10.0, 33.0, -7.0, 95.0, -14.0, 43.0, -24.0, 31.0, -61.0, -71.0, 28.0, 57.0, 2.0, 3.0, -12.0, -59.0, -18.0, -109.0, -73.0, -74.0, -30.0, -91.0, -29.0, -82.0, -25.0, -62.0, 1.0, -5.0, -55.0, -32.0, -42.0, -27.0, -24.0, 0.0, 52.0, 22.0, -87.0, 28.0, -10.0, 12.0, 31.0, 53.0, 117.0, -21.0, 14.0, -15.0, 44.0, -5.0, 79.0, -25.0, 85.0, 78.0, 88.0, 11.0, 84.0, -12.0, 58.0, -22.0, 5.0, -10.0, -4.0, 106.0, 26.0, 33.0, 23.0, 0.0, 9.0, ' -110.0]']","['[-17.0', ' 8.0', 24.0, 9.0, -17.0, -23.0, 0.0, 23.0, -68.0, 40.0, 43.0, 66.0, 73.0, -67.0, -21.0, -59.0, -25.0, 6.0, -89.0, 67.0, -39.0, 41.0, 68.0, 31.0, 11.0, -92.0, 38.0, -38.0, -65.0, 18.0, -40.0, 7.0, -58.0, -39.0, 56.0, -66.0, 75.0, -66.0, 78.0, -59.0, -20.0, 102.0, -75.0, 16.0, -105.0, -48.0, 14.0, -34.0, 81.0, -25.0, 34.0, 69.0, -4.0, 88.0, -43.0, -47.0, -10.0, -18.0, 80.0, -76.0, 85.0, 11.0, 22.0, 32.0, 8.0, -26.0, -40.0, -2.0, 50.0, -78.0, 49.0, -90.0, 26.0, 5.0, -82.0, 68.0, -69.0, 88.0, -3.0, 45.0, 73.0, ' -60.0]']","['[16.0', 22.0, 0.0, -22.0, -17.0, 9.0, 22.0, 6.0, -76.0, 64.0, -73.0, 81.0, -9.0, 50.0, 76.0, -56.0, 62.0, -58.0, -8.0, -64.0, -86.0, 19.0, -6.0, -18.0, 15.0, -19.0, 72.0, -83.0, 58.0, -52.0, -4.0, -21.0, 101.0, 103.0, -57.0, -1.0, 36.0, -3.0, 48.0, 24.0, 16.0, 12.0, -18.0, 84.0, -14.0, 57.0, -85.0, -71.0, 2.0, -64.0, 49.0, -56.0, 94.0, 36.0, 16.0, 52.0, 34.0, -2.0, -48.0, -27.0, 35.0, -88.0, 51.0, -23.0, 20.0, -114.0, -103.0, 82.0, -45.0, 24.0, -44.0, 21.0, -56.0, -26.0, 61.0, -35.0, -52.0, -59.0, -76.0, 71.0, 31.0, ' 50.0]']",,,,,,
1740060590.730119,ble-pd-B43A31EF7B26,0d2e5bd0-d03f-be0e-c916-1811271cbde5,6263,21,-66.0,-85.0,-71.0,-63.0,,,,2.84000563910486,-1.5155325383824445,0.3232723362931214,-1.3950049248223466,,,,0.2367760099463854,0.3894890737683107,0.1319375111316217,0.3407722341321411,,,,,,,-3.54,6.84,1.96,"['[-34.0', 23.0, 49.0, 8.0, -42.0, -37.0, 19.0, 49.0, -53.0, 48.0, -16.0, -6.0, -56.0, 67.0, -24.0, 72.0, -17.0, -28.0, -34.0, 15.0, -29.0, 32.0, -19.0, 56.0, 6.0, -38.0, -23.0, 20.0, -4.0, 17.0, -3.0, 18.0, 43.0, -61.0, -6.0, 9.0, -30.0, -61.0, 13.0, 11.0, 49.0, -53.0, 47.0, -19.0, -7.0, -58.0, 69.0, -27.0, 70.0, -16.0, -26.0, -35.0, 14.0, -28.0, 39.0, -22.0, 56.0, 7.0, -37.0, -24.0, 21.0, -3.0, 20.0, -5.0, 19.0, 45.0, -57.0, -6.0, 8.0, -30.0, -58.0, 13.0, 12.0, 49.0, -52.0, 51.0, -20.0, -8.0, -59.0, 75.0, -28.0, ' 69.0]']","['[36.0', 43.0, -8.0, -49.0, -25.0, 32.0, 45.0, -2.0, -12.0, -50.0, 64.0, 19.0, 43.0, -91.0, 64.0, 57.0, -29.0, -80.0, 48.0, 11.0, -1.0, -110.0, 61.0, -25.0, -1.0, -53.0, 33.0, -3.0, -20.0, -115.0, 33.0, -15.0, -58.0, -81.0, 14.0, 16.0, -43.0, -106.0, -18.0, 4.0, 0.0, -15.0, -49.0, 63.0, 19.0, 40.0, -90.0, 64.0, 60.0, -29.0, -80.0, 47.0, 12.0, -4.0, -108.0, 61.0, -24.0, 0.0, -53.0, 32.0, -2.0, -21.0, -114.0, 33.0, -14.0, -57.0, -84.0, 15.0, 17.0, -44.0, -109.0, -17.0, 4.0, 1.0, -18.0, -45.0, 63.0, 18.0, 38.0, -86.0, 64.0, ' 60.0]']","['[3.0', 8.0, ' -1.0', -9.0, -3.0, 7.0, 4.0, -7.0, 0.0, -57.0, -60.0, -1.0, -56.0, -25.0, -44.0, 1.0, -4.0, -19.0, -25.0, -5.0, -20.0, -4.0, 1.0, 34.0, 1.0, 18.0, -33.0, -9.0, -17.0, -12.0, 45.0, -23.0, 25.0, 19.0, -15.0, 1.0, 39.0, 34.0, 80.0, 25.0, -7.0, -2.0, -65.0, -64.0, -3.0, -60.0, -17.0, -45.0, 11.0, -1.0, -30.0, -19.0, -6.0, -22.0, -9.0, -8.0, 34.0, -8.0, 16.0, -46.0, -7.0, -34.0, -13.0, 34.0, -17.0, 25.0, 16.0, -34.0, 3.0, 19.0, 37.0, 79.0, 30.0, -8.0, -5.0, -74.0, -63.0, -6.0, -60.0, -10.0, -45.0, ' 20.0]']","['[8.0', ' -2.0', ' -9.0', 0.0, 10.0, 3.0, -8.0, -5.0, -15.0, -55.0, -18.0, -10.0, -22.0, 33.0, -6.0, 41.0, 19.0, -50.0, 24.0, -7.0, -11.0, -28.0, -43.0, 1.0, -34.0, -2.0, -63.0, 3.0, -97.0, -3.0, -46.0, 29.0, 4.0, -12.0, -90.0, 11.0, -114.0, 12.0, -6.0, 31.0, -3.0, -14.0, -45.0, -5.0, -9.0, -8.0, 39.0, 3.0, 39.0, 20.0, -45.0, 28.0, -6.0, -6.0, -26.0, -42.0, -4.0, -34.0, -9.0, -56.0, 3.0, -94.0, -2.0, -54.0, 33.0, -2.0, -17.0, -84.0, 9.0, -118.0, 5.0, -20.0, 25.0, -2.0, -14.0, -30.0, 4.0, -8.0, 3.0, 41.0, 13.0, ' 35.0]']","['[3.0', ' -29.0', ' -19.0', 18.0, 29.0, -1.0, -31.0, -16.0, -31.0, -47.0, -67.0, -20.0, -39.0, -54.0, -17.0, 5.0, 32.0, -47.0, 17.0, -40.0, 23.0, 17.0, 21.0, 74.0, -30.0, 3.0, 6.0, 87.0, 3.0, 79.0, -29.0, 110.0, 83.0, 93.0, -8.0, 74.0, 11.0, 54.0, -5.0, 26.0, -11.0, -3.0, 117.0, 57.0, 25.0, 27.0, 9.0, 34.0, -37.0, -36.0, -13.0, -22.0, -30.0, -8.0, -64.0, -10.0, -88.0, 6.0, -33.0, 5.0, -103.0, -4.0, -70.0, 47.0, -37.0, -29.0, -48.0, 28.0, -12.0, 39.0, 24.0, 6.0, 75.0, 31.0, 34.0, -100.0, -7.0, -10.0, 5.0, 40.0, -24.0, ' 38.0]']","['[-31.0', ' -10.0', ' 24.0', 26.0, -10.0, -31.0, -4.0, 27.0, 29.0, -113.0, -20.0, -15.0, -5.0, 29.0, -29.0, 42.0, 19.0, 52.0, 14.0, 71.0, -7.0, 69.0, -3.0, 53.0, 16.0, 40.0, -13.0, 59.0, 2.0, 28.0, -36.0, -42.0, -29.0, -15.0, -29.0, -47.0, -59.0, -75.0, -4.0, -117.0, -31.0, -42.0, 33.0, -41.0, -6.0, -28.0, -61.0, 4.0, -23.0, 14.0, -69.0, 5.0, -75.0, 21.0, -30.0, 18.0, 21.0, -34.0, -22.0, 14.0, 30.0, 0.0, 45.0, -1.0, 112.0, 85.0, 81.0, 13.0, 87.0, 46.0, 91.0, -1.0, 91.0, 12.0, 23.0, 70.0, 70.0, 23.0, 41.0, 46.0, 23.0, ' -16.0]']","['[-67.0', ' -27.0', 46.0, 61.0, -1.0, -63.0, -42.0, 32.0, -33.0, 33.0, 57.0, 37.0, 33.0, -37.0, -40.0, -58.0, -46.0, 6.0, -83.0, 37.0, 14.0, 42.0, 60.0, -3.0, 65.0, -50.0, -5.0, -25.0, -89.0, 33.0, -17.0, 67.0, -42.0, -40.0, 111.0, -31.0, 79.0, -49.0, -2.0, -25.0, -64.0, 97.0, -30.0, -11.0, -51.0, -38.0, 18.0, -9.0, 105.0, 10.0, 38.0, 96.0, 11.0, 68.0, -33.0, -45.0, -38.0, -50.0, 54.0, -68.0, 45.0, 45.0, 17.0, 34.0, -56.0, 46.0, -1.0, -31.0, 11.0, -117.0, 43.0, -64.0, 26.0, 47.0, -91.0, 7.0, -45.0, 28.0, 14.0, 13.0, 52.0, ' -75.0]']","['[-4.0', 60.0, 48.0, -26.0, -67.0, -22.0, 51.0, 57.0, -98.0, 12.0, -36.0, 35.0, 21.0, 6.0, 44.0, -90.0, 27.0, -55.0, -57.0, -47.0, -103.0, 8.0, 8.0, 52.0, 11.0, -27.0, 91.0, -37.0, 14.0, -49.0, -30.0, 16.0, -25.0, 37.0, -49.0, 11.0, 86.0, -15.0, 85.0, -12.0, -12.0, 35.0, 16.0, 68.0, 6.0, 11.0, -32.0, -59.0, 12.0, -52.0, 40.0, -28.0, 58.0, 78.0, 27.0, 39.0, -35.0, 42.0, -20.0, -61.0, 3.0, -78.0, 56.0, 4.0, 41.0, -19.0, -55.0, 117.0, -32.0, 5.0, -28.0, -56.0, -10.0, -45.0, 52.0, -34.0, -52.0, -44.0, -37.0, 35.0, 29.0, ' 70.0]']",,,,,,
1740060591.73062,ble-pd-B43A31EF7B26,5f6f2cc7-590e-bf65-f1a1-d7073aedb8aa,6264,17,-68.0,-83.0,-72.0,-63.0,-63.0,-54.0,-57.0,2.916801084930603,-1.4959788107107557,0.2904297010980463,-1.428306822147406,-0.988489023263659,-2.3533277804323736,-0.4680262242566416,0.1586698561006464,0.3671770435765996,0.1595314552923142,0.3835344453079753,0.2510371996137674,0.2775184768123168,0.816205026101977,-3.174476861953736,6.890637397766113,1.811261415481568,-3.54,6.84,1.96,"['[-20.0', -29.0, 0.0, 30.0, 19.0, -17.0, -31.0, -3.0, -25.0, 68.0, -55.0, -20.0, -35.0, 102.0, -69.0, 9.0, 13.0, 58.0, -30.0, -13.0, -8.0, 119.0, -56.0, 47.0, 5.0, 57.0, -8.0, -11.0, 21.0, 111.0, -22.0, 10.0, 50.0, 55.0, 0.0, -26.0, 16.0, 48.0, 21.0, -9.0, -1.0, -25.0, 68.0, -55.0, -19.0, -34.0, 103.0, -69.0, 8.0, 14.0, 57.0, -30.0, -14.0, -7.0, 120.0, -56.0, 47.0, 5.0, 57.0, -9.0, -11.0, 21.0, 111.0, -22.0, 10.0, 50.0, 53.0, 0.0, -27.0, 16.0, 52.0, 20.0, -9.0, -1.0, -25.0, 68.0, -55.0, -20.0, -36.0, 103.0, -70.0, ' 9.0]']","['[-24.0', 11.0, 31.0, 9.0, -25.0, -27.0, 8.0, 30.0, -25.0, 30.0, -12.0, 4.0, -16.0, 22.0, 4.0, 62.0, -21.0, -16.0, -8.0, -3.0, -2.0, -21.0, 8.0, 7.0, 0.0, -29.0, -10.0, 6.0, 3.0, -53.0, 4.0, -1.0, -2.0, -67.0, -18.0, 17.0, -31.0, -105.0, -18.0, 20.0, 30.0, -24.0, 30.0, -11.0, 4.0, -17.0, 16.0, 5.0, 62.0, -21.0, -17.0, -7.0, -2.0, -2.0, -21.0, 8.0, 8.0, 0.0, -31.0, -10.0, 6.0, 3.0, -53.0, 3.0, -2.0, -2.0, -67.0, -17.0, 17.0, -31.0, -103.0, -19.0, 20.0, 30.0, -24.0, 32.0, -11.0, 3.0, -15.0, 18.0, 7.0, ' 63.0]']","['[0.0', -8.0, ' -1.0', 7.0, 4.0, -7.0, -6.0, 4.0, -9.0, -24.0, -28.0, 5.0, -11.0, 0.0, -27.0, 4.0, 2.0, -12.0, -7.0, -1.0, 21.0, -12.0, 25.0, 15.0, 10.0, 35.0, 8.0, 1.0, 5.0, 6.0, 26.0, 7.0, 36.0, 16.0, 18.0, 14.0, 75.0, 35.0, 70.0, 8.0, 6.0, -13.0, -29.0, -39.0, 5.0, -18.0, 2.0, -24.0, 5.0, 3.0, -22.0, -8.0, -3.0, 15.0, -14.0, 18.0, 17.0, 0.0, 35.0, -3.0, 0.0, -5.0, 4.0, 21.0, 12.0, 38.0, 17.0, 0.0, 15.0, 54.0, 35.0, 73.0, 10.0, 8.0, -16.0, -35.0, -44.0, 5.0, -24.0, 7.0, -22.0, ' 6.0]']","['[-8.0', ' -1.0', ' 8.0', 3.0, -7.0, -5.0, 6.0, 7.0, -19.0, -35.0, -44.0, -1.0, -33.0, 14.0, 5.0, 2.0, 1.0, -56.0, -8.0, -12.0, -21.0, -10.0, -18.0, 11.0, -41.0, 0.0, -50.0, -6.0, -47.0, -12.0, -22.0, 27.0, 13.0, 5.0, -79.0, 11.0, -90.0, 3.0, 21.0, 12.0, 6.0, -15.0, -31.0, -36.0, -2.0, -30.0, 14.0, 10.0, 2.0, 0.0, -53.0, -7.0, -11.0, -24.0, -7.0, -23.0, 9.0, -43.0, -8.0, -50.0, -7.0, -49.0, -14.0, -26.0, 26.0, 7.0, 1.0, -81.0, 7.0, -103.0, -3.0, 4.0, 9.0, 5.0, -13.0, -24.0, -27.0, -2.0, -26.0, 12.0, 16.0, ' 1.0]']","['[-22.0', ' 4.0', ' 24.0', 8.0, -20.0, -19.0, 10.0, 24.0, 44.0, -76.0, 65.0, -43.0, 42.0, 25.0, 12.0, 49.0, 7.0, 18.0, 29.0, 64.0, 25.0, 68.0, 11.0, 93.0, 29.0, 43.0, 0.0, 36.0, 18.0, 32.0, -11.0, -37.0, -38.0, 20.0, -41.0, -11.0, -62.0, -35.0, -44.0, -96.0, -16.0, -45.0, 6.0, -76.0, 1.0, -66.0, -57.0, -9.0, -73.0, 10.0, -52.0, 14.0, -69.0, 6.0, -37.0, 28.0, 5.0, -9.0, -47.0, 30.0, 23.0, 19.0, 43.0, 6.0, 109.0, 47.0, 41.0, 24.0, 59.0, 45.0, 62.0, 48.0, 67.0, -7.0, 10.0, 72.0, 24.0, 39.0, 38.0, 43.0, -2.0, ' 39.0]']","['[10.0', ' 24.0', ' 2.0', -23.0, -14.0, 15.0, 22.0, 0.0, 21.0, 54.0, 45.0, 31.0, 50.0, 52.0, 1.0, 55.0, -20.0, 51.0, -36.0, 39.0, -26.0, -6.0, -46.0, -77.0, -8.0, 27.0, -36.0, -55.0, -38.0, -77.0, 0.0, -106.0, -31.0, -67.0, 2.0, -68.0, -10.0, -50.0, -27.0, -13.0, 21.0, 22.0, -94.0, 26.0, -53.0, 2.0, -10.0, 8.0, 4.0, 18.0, -15.0, 45.0, 29.0, 37.0, 58.0, 36.0, 121.0, 28.0, 20.0, 21.0, 63.0, 39.0, 71.0, -9.0, 34.0, -12.0, 55.0, -35.0, 34.0, -44.0, 2.0, -18.0, -69.0, -24.0, -48.0, 61.0, -77.0, 34.0, -53.0, -41.0, -12.0, ' -60.0]']","['[-57.0', ' 18.0', 70.0, 31.0, -46.0, -66.0, -1.0, 62.0, -36.0, 3.0, 3.0, 14.0, 16.0, -32.0, -24.0, -103.0, -11.0, -19.0, -71.0, -45.0, -34.0, 30.0, 29.0, 35.0, 41.0, -1.0, 41.0, -63.0, -40.0, -7.0, -23.0, 49.0, -35.0, 28.0, 29.0, -4.0, 115.0, -26.0, -3.0, -51.0, -58.0, 29.0, 11.0, 11.0, 3.0, -27.0, -2.0, -11.0, 68.0, -40.0, 21.0, 30.0, 58.0, 60.0, -2.0, -9.0, -58.0, -8.0, -26.0, -55.0, 18.0, -25.0, 59.0, 43.0, 26.0, 34.0, -51.0, 75.0, -26.0, -79.0, 0.0, -30.0, 33.0, 7.0, 3.0, -16.0, -18.0, -18.0, 14.0, 35.0, 39.0, ' 20.0]']","['[39.0', 66.0, 6.0, -63.0, -52.0, 23.0, 69.0, 27.0, -7.0, -16.0, -17.0, -16.0, 21.0, 26.0, 33.0, -10.0, 58.0, -12.0, 15.0, -39.0, -49.0, -20.0, -11.0, 47.0, -19.0, 32.0, 38.0, 23.0, 59.0, -68.0, -36.0, -68.0, -16.0, 42.0, -117.0, 36.0, 20.0, 18.0, 41.0, -3.0, 35.0, -26.0, 11.0, 14.0, 21.0, 0.0, -42.0, -38.0, -76.0, -43.0, -8.0, -67.0, -12.0, 3.0, 36.0, 31.0, 1.0, 44.0, -19.0, 10.0, -66.0, -66.0, 34.0, 2.0, 79.0, -19.0, -1.0, 93.0, -25.0, 85.0, -31.0, -27.0, -38.0, -69.0, 38.0, 1.0, 0.0, -8.0, -23.0, 22.0, 13.0, ' 98.0]']",,,,,,
1740060592.729505,ble-pd-B43A31EF7B26,1cb97c24-f638-8751-f18f-6f65644a3746,6265,26,-72.0,-79.0,-81.0,-66.0,,-52.0,,2.913053484644643,-1.5246915488453905,0.364194735919388,-1.4157818423827089,,-2.3631183711609456,,0.1688442300186987,0.3149581138174622,0.124778426456406,0.414479411778801,,0.2404147567047194,,-3.15531063079834,6.909252166748047,1.7890609502792358,-3.54,6.84,1.96,"['[-20.0', 9.0, 25.0, 6.0, -18.0, -20.0, 5.0, 24.0, -57.0, 72.0, -53.0, 31.0, -62.0, 73.0, -39.0, 21.0, -30.0, 34.0, -41.0, 53.0, -15.0, 63.0, -40.0, 56.0, -18.0, -1.0, -34.0, 46.0, 22.0, 54.0, -15.0, 14.0, 43.0, 4.0, -39.0, 20.0, 5.0, -4.0, 7.0, 12.0, 24.0, -50.0, 74.0, -56.0, 26.0, -62.0, 77.0, -47.0, 15.0, -25.0, 50.0, -39.0, 50.0, -12.0, 73.0, -45.0, 61.0, -20.0, 12.0, -31.0, 47.0, 24.0, 63.0, -19.0, 19.0, 41.0, 15.0, -36.0, 18.0, 9.0, 6.0, 8.0, 10.0, 25.0, -45.0, 76.0, -61.0, 21.0, -59.0, 79.0, -55.0, ' 6.0]']","['[16.0', 23.0, -1.0, -24.0, -15.0, 13.0, 24.0, 1.0, -36.0, -28.0, 36.0, 30.0, 0.0, -31.0, 57.0, 52.0, -35.0, -99.0, -7.0, 13.0, -17.0, -61.0, 35.0, -35.0, 11.0, -106.0, -23.0, -9.0, -19.0, -77.0, 35.0, -39.0, 14.0, -124.0, -20.0, 10.0, -42.0, -107.0, -8.0, 4.0, 3.0, -45.0, -16.0, 28.0, 33.0, -10.0, -19.0, 51.0, 54.0, -38.0, -92.0, -14.0, 19.0, -19.0, -51.0, 28.0, -27.0, 9.0, -106.0, -26.0, -5.0, -15.0, -69.0, 32.0, -36.0, 20.0, -123.0, -26.0, 14.0, -42.0, -107.0, -7.0, 5.0, 7.0, -50.0, -6.0, 20.0, 37.0, -18.0, -7.0, 42.0, ' 57.0]']","['[10.0', -19.0, ' -15.0', 13.0, 19.0, -7.0, -22.0, 0.0, -7.0, 59.0, 65.0, 7.0, 63.0, 38.0, 17.0, 8.0, 6.0, 30.0, 43.0, 8.0, 56.0, -7.0, 34.0, -38.0, 29.0, -5.0, 32.0, 14.0, 20.0, 19.0, -21.0, 32.0, -26.0, -7.0, 63.0, -21.0, 50.0, -23.0, -76.0, -44.0, 2.0, -4.0, 66.0, 67.0, 9.0, 62.0, 33.0, 14.0, 1.0, 1.0, 30.0, 38.0, 8.0, 57.0, -5.0, 37.0, -37.0, 35.0, -6.0, 42.0, 12.0, 37.0, 19.0, -12.0, 34.0, -16.0, -1.0, 69.0, -20.0, 70.0, -28.0, -69.0, -48.0, 8.0, 0.0, 68.0, 64.0, 10.0, 61.0, 29.0, 10.0, ' -7.0]']","['[-19.0', ' -12.0', ' 16.0', 18.0, -10.0, -21.0, 4.0, 21.0, 20.0, 41.0, 0.0, 13.0, 6.0, -23.0, -22.0, -47.0, -31.0, 14.0, -35.0, -1.0, 8.0, 18.0, 26.0, 0.0, 39.0, 8.0, 68.0, 6.0, 83.0, 8.0, 64.0, 8.0, 43.0, 28.0, 49.0, 0.0, 117.0, -17.0, 45.0, -32.0, 23.0, 21.0, 29.0, -7.0, 11.0, -5.0, -29.0, -25.0, -49.0, -33.0, 10.0, -41.0, -4.0, -1.0, 17.0, 21.0, 6.0, 33.0, 9.0, 63.0, 3.0, 78.0, 5.0, 66.0, 0.0, 48.0, 29.0, 39.0, 1.0, 108.0, -10.0, 59.0, -26.0, 22.0, 22.0, 19.0, -20.0, 10.0, -14.0, -35.0, -26.0, ' -47.0]']","['[8.0', ' -3.0', ' -9.0', -1.0, 8.0, 6.0, -5.0, -9.0, -6.0, -47.0, -12.0, -29.0, -31.0, -42.0, 11.0, 38.0, 29.0, -73.0, 36.0, -37.0, 20.0, 25.0, 26.0, 99.0, -19.0, 23.0, 5.0, 62.0, 0.0, 76.0, -17.0, 104.0, 74.0, 83.0, 18.0, 93.0, 23.0, 72.0, -23.0, 17.0, 4.0, 3.0, 103.0, 13.0, 24.0, 25.0, 8.0, 14.0, -79.0, -31.0, 8.0, -29.0, -9.0, -16.0, -70.0, -1.0, -93.0, 16.0, -65.0, 3.0, -100.0, 8.0, -65.0, 39.0, -30.0, -51.0, -55.0, 12.0, -29.0, 11.0, 2.0, 42.0, 64.0, 4.0, 1.0, -94.0, -8.0, -7.0, -3.0, 28.0, -30.0, ' 70.0]']","['[-5.0', ' -8.0', ' 1.0', 9.0, 4.0, -7.0, -7.0, 2.0, 1.0, -97.0, -9.0, -7.0, -4.0, 26.0, -29.0, 73.0, 15.0, 60.0, 8.0, 48.0, 4.0, 72.0, -22.0, 35.0, -5.0, 66.0, -10.0, 79.0, -12.0, 16.0, -38.0, -55.0, 3.0, 0.0, -35.0, -55.0, -37.0, -69.0, -36.0, -105.0, -10.0, -6.0, 32.0, -3.0, -15.0, -20.0, -49.0, 28.0, -23.0, 10.0, -96.0, 21.0, -60.0, 11.0, -30.0, 34.0, 48.0, -10.0, -25.0, 11.0, -9.0, 8.0, 43.0, 16.0, 114.0, 54.0, 63.0, 37.0, 104.0, 44.0, 99.0, 5.0, 84.0, 10.0, 6.0, 52.0, 11.0, 28.0, 31.0, 41.0, -9.0, ' -41.0]']","['[-62.0', ' -48.0', 27.0, 69.0, 22.0, -52.0, -60.0, 10.0, 3.0, 26.0, 80.0, 29.0, 76.0, -59.0, -76.0, -41.0, -44.0, 52.0, -62.0, 50.0, 45.0, 43.0, 61.0, -17.0, 39.0, -21.0, -8.0, -33.0, -86.0, 49.0, -23.0, 25.0, -59.0, -42.0, 108.0, -66.0, 60.0, -42.0, -2.0, -57.0, -54.0, 65.0, -64.0, -21.0, -60.0, -78.0, 24.0, 20.0, 105.0, 3.0, -9.0, 101.0, -1.0, 31.0, -60.0, -63.0, -2.0, -55.0, 39.0, -45.0, 69.0, 54.0, -12.0, 38.0, -24.0, 32.0, -7.0, -49.0, 54.0, -117.0, 43.0, -50.0, 50.0, 65.0, -103.0, 65.0, -49.0, 55.0, 34.0, 25.0, 45.0, ' -107.0]']","['[-27.0', 48.0, 62.0, -5.0, -65.0, -44.0, 34.0, 66.0, -102.0, 65.0, -50.0, 55.0, 33.0, 26.0, 44.0, -107.0, 37.0, -39.0, -81.0, -49.0, -89.0, 42.0, 29.0, 18.0, 39.0, -35.0, 76.0, -62.0, 11.0, -33.0, -30.0, 10.0, 12.0, 52.0, -39.0, -8.0, 105.0, -21.0, 75.0, -11.0, -36.0, 80.0, -27.0, 92.0, -19.0, 27.0, -61.0, -85.0, 46.0, -58.0, 64.0, 12.0, 71.0, 95.0, -1.0, 21.0, -25.0, 0.0, 10.0, -63.0, 20.0, -66.0, 57.0, 5.0, 10.0, -50.0, -67.0, 103.0, -38.0, -28.0, -12.0, -56.0, -30.0, -11.0, -9.0, -25.0, -81.0, -29.0, -74.0, 60.0, 75.0, ' 31.0]']",,,,,,
1740060593.729672,ble-pd-B43A31EF7B26,0f8f09a3-9834-562d-3db8-8902037ca03d,6266,19,-67.0,-82.0,-70.0,-63.0,,,-60.0,2.878835060430433,-1.5759285045315885,0.3568790324049404,-1.4160208610905434,,,-0.735349696680258,0.1938436727111656,0.3061070979345838,0.1703951718137768,0.4477075728311787,,,0.795651383971402,,,,-3.54,6.84,1.96,"['[32.0', -10.0, -40.0, -14.0, 30.0, 34.0, -7.0, -38.0, 40.0, -55.0, 33.0, 6.0, 31.0, -65.0, 33.0, -77.0, 8.0, 4.0, 25.0, 0.0, 11.0, -40.0, 20.0, -54.0, -4.0, 2.0, 12.0, -4.0, -7.0, -13.0, 2.0, -13.0, -22.0, 24.0, 1.0, 1.0, 27.0, 56.0, -4.0, -6.0, -37.0, 39.0, -55.0, 35.0, 7.0, 34.0, -69.0, 36.0, -74.0, 6.0, 3.0, 26.0, 1.0, 12.0, -48.0, 23.0, -55.0, -6.0, -1.0, 13.0, -3.0, -8.0, -18.0, 4.0, -13.0, -25.0, 21.0, 1.0, 1.0, 27.0, 49.0, -5.0, -6.0, -37.0, 40.0, -59.0, 37.0, 8.0, 35.0, -75.0, 39.0, ' -74.0]']","['[-24.0', -38.0, 0.0, 36.0, 25.0, -20.0, -39.0, -7.0, -2.0, 38.0, -49.0, -23.0, -36.0, 84.0, -64.0, -37.0, 34.0, 57.0, -41.0, -12.0, -4.0, 112.0, -58.0, 39.0, 14.0, 48.0, -20.0, -9.0, 17.0, 117.0, -30.0, 19.0, 64.0, 80.0, -6.0, -29.0, 27.0, 102.0, 24.0, -19.0, -8.0, 0.0, 36.0, -48.0, -23.0, -34.0, 82.0, -63.0, -42.0, 34.0, 57.0, -39.0, -13.0, -2.0, 109.0, -58.0, 36.0, 13.0, 48.0, -20.0, -10.0, 18.0, 117.0, -30.0, 19.0, 62.0, 81.0, -5.0, -29.0, 28.0, 106.0, 23.0, -18.0, -10.0, 1.0, 32.0, -46.0, -23.0, -32.0, 76.0, -60.0, ' -44.0]']","['[9.0', 8.0, ' -6.0', -10.0, 4.0, 10.0, -1.0, -11.0, 17.0, 1.0, -14.0, 2.0, -13.0, -30.0, -34.0, -13.0, -5.0, 24.0, -17.0, 9.0, 17.0, 5.0, 37.0, 19.0, 29.0, 29.0, 21.0, -2.0, 43.0, 4.0, 53.0, -26.0, 14.0, 25.0, 56.0, -6.0, 117.0, 26.0, 56.0, -6.0, -10.0, 13.0, -12.0, -23.0, 3.0, -20.0, -26.0, -38.0, -9.0, -2.0, 13.0, -18.0, 7.0, 15.0, 0.0, 34.0, 22.0, 23.0, 31.0, 16.0, -2.0, 32.0, 2.0, 52.0, -21.0, 21.0, 26.0, 43.0, -3.0, 109.0, 33.0, 67.0, 0.0, -10.0, 12.0, -23.0, -31.0, 0.0, -28.0, -23.0, -42.0, ' -1.0]']","['[6.0', ' -7.0', ' -9.0', 6.0, 9.0, -2.0, -10.0, -1.0, -13.0, -73.0, -48.0, -8.0, -45.0, 17.0, -28.0, 33.0, 19.0, -61.0, 4.0, -9.0, -7.0, -28.0, -17.0, 11.0, -21.0, 14.0, -49.0, 0.0, -59.0, -10.0, 1.0, 31.0, 35.0, 11.0, -64.0, 11.0, -39.0, 32.0, 69.0, 37.0, 0.0, -16.0, -75.0, -47.0, -8.0, -44.0, 23.0, -22.0, 34.0, 21.0, -66.0, 7.0, -9.0, -11.0, -28.0, -24.0, 8.0, -28.0, 8.0, -53.0, 0.0, -66.0, -11.0, -9.0, 35.0, 31.0, 5.0, -73.0, 13.0, -58.0, 27.0, 59.0, 37.0, 3.0, -16.0, -70.0, -41.0, -8.0, -40.0, 26.0, -13.0, ' 36.0]']","['[28.0', ' 0.0', ' -29.0', -13.0, 21.0, 25.0, -7.0, -29.0, -31.0, 110.0, 8.0, 20.0, 4.0, -21.0, 15.0, -46.0, -25.0, -30.0, -25.0, -65.0, -6.0, -69.0, -7.0, -76.0, -16.0, -35.0, 0.0, -51.0, -7.0, -39.0, 23.0, 33.0, 12.0, -5.0, 30.0, 31.0, 44.0, 57.0, 11.0, 104.0, 22.0, 40.0, -40.0, 47.0, 0.0, 28.0, 56.0, 0.0, 40.0, -7.0, 56.0, 4.0, 69.0, -8.0, 41.0, -9.0, -2.0, 25.0, 35.0, -3.0, -23.0, 1.0, -29.0, -1.0, -108.0, -66.0, -50.0, -33.0, -68.0, -52.0, -81.0, -15.0, -85.0, 0.0, -19.0, -56.0, -72.0, -22.0, -41.0, -50.0, -14.0, ' -5.0]']","['[-8.0', ' -29.0', ' -6.0', 26.0, 20.0, -14.0, -28.0, -3.0, -26.0, -42.0, -71.0, -19.0, -41.0, -55.0, -12.0, -14.0, 29.0, -47.0, 16.0, -35.0, 17.0, 0.0, 18.0, 64.0, -20.0, -17.0, 4.0, 73.0, 4.0, 72.0, -15.0, 114.0, 74.0, 69.0, 18.0, 61.0, 30.0, 59.0, 9.0, 27.0, -20.0, -9.0, 112.0, 54.0, 28.0, 31.0, 17.0, 20.0, -26.0, -37.0, 6.0, -29.0, -26.0, -15.0, -54.0, -18.0, -100.0, 0.0, -16.0, -3.0, -86.0, -8.0, -76.0, 27.0, -50.0, -36.0, -47.0, 11.0, -14.0, 15.0, 6.0, 2.0, 63.0, 30.0, 37.0, -103.0, 2.0, -17.0, 2.0, 31.0, -13.0, ' 48.0]']","['[-10.0', ' -60.0', -34.0, 35.0, 60.0, 8.0, -55.0, -44.0, 59.0, -1.0, 51.0, -7.0, -2.0, -23.0, -35.0, 65.0, -41.0, 33.0, 22.0, 62.0, 93.0, -8.0, 17.0, -51.0, 17.0, -5.0, -75.0, 29.0, -51.0, 52.0, 30.0, 13.0, 8.0, -48.0, 90.0, -19.0, -66.0, -6.0, -73.0, 20.0, -2.0, 5.0, -14.0, -56.0, -35.0, -21.0, 41.0, 37.0, 13.0, 51.0, -10.0, 55.0, -50.0, -43.0, -24.0, -52.0, 25.0, -54.0, 39.0, 23.0, 17.0, 89.0, -49.0, 2.0, -65.0, 36.0, 49.0, -125.0, 36.0, -41.0, 42.0, 33.0, 15.0, 48.0, -65.0, 21.0, 21.0, 52.0, 32.0, -32.0, -12.0, ' -81.0]']","['[-61.0', -14.0, 51.0, 51.0, -14.0, -62.0, -27.0, 41.0, -53.0, 21.0, 29.0, 51.0, 31.0, -35.0, -20.0, -70.0, -30.0, -11.0, -89.0, 13.0, -22.0, 38.0, 52.0, 11.0, 57.0, -46.0, 35.0, -47.0, -76.0, 22.0, -24.0, 71.0, -54.0, -24.0, 89.0, -30.0, 105.0, -50.0, 15.0, -37.0, -60.0, 81.0, -14.0, 21.0, -38.0, -24.0, 6.0, -14.0, 96.0, -10.0, 33.0, 73.0, 37.0, 86.0, -30.0, -19.0, -46.0, -24.0, 24.0, -80.0, 53.0, 12.0, 26.0, 39.0, -33.0, 42.0, -22.0, 11.0, 4.0, -118.0, 28.0, -67.0, 40.0, 37.0, -48.0, -1.0, -56.0, -1.0, -2.0, 27.0, 38.0, ' -52.0]']",,,,,,
1740060594.730689,ble-pd-B43A31EF7B26,e337323e-acdf-c383-c1f8-1e1c4f974ac6,6267,31,-68.0,-77.0,-76.0,-74.0,-52.0,-50.0,-55.0,2.8866482424365074,-1.566110494856902,0.3664387154538888,-1.3872773634453182,-0.9754751955527486,-2.24194954724333,-0.2936590765425429,0.2299377279916049,0.3141558032495622,0.0686344508201149,0.3995610491424495,0.2669786576240512,0.2701160153663561,0.8510455641001591,-3.1209657192230225,6.907885551452637,1.78331995010376,-3.54,6.84,1.96,"['[55.0', 12.0, -51.0, -40.0, 18.0, 53.0, 14.0, -43.0, -23.0, -20.0, 55.0, 52.0, 30.0, -41.0, 62.0, 32.0, -52.0, -99.0, 12.0, 8.0, -12.0, -52.0, 25.0, -49.0, -3.0, -86.0, -14.0, -37.0, 0.0, -80.0, 40.0, -46.0, -9.0, -117.0, -27.0, -7.0, -48.0, -99.0, 8.0, -13.0, -33.0, -48.0, 2.0, 44.0, 70.0, 15.0, -15.0, 54.0, 43.0, -61.0, -93.0, 6.0, 34.0, -23.0, -42.0, 20.0, -34.0, -10.0, -105.0, -24.0, -12.0, -3.0, -68.0, 33.0, -38.0, -1.0, -121.0, -35.0, 11.0, -51.0, -94.0, 12.0, -11.0, -25.0, -72.0, 10.0, 22.0, 71.0, -4.0, -11.0, 47.0, ' 54.0]']","['[-7.0', -50.0, -28.0, 33.0, 46.0, -7.0, -45.0, -31.0, 104.0, -51.0, 40.0, -60.0, 78.0, -58.0, 19.0, -51.0, 52.0, 5.0, 24.0, -101.0, 33.0, -52.0, 30.0, -79.0, 28.0, 62.0, 24.0, -91.0, -8.0, -44.0, 31.0, -25.0, -40.0, 41.0, 30.0, -68.0, -8.0, 26.0, 1.0, -27.0, -41.0, 94.0, -56.0, 47.0, -45.0, 81.0, -60.0, 36.0, -37.0, 41.0, -16.0, 29.0, -98.0, 36.0, -75.0, 37.0, -68.0, 25.0, 30.0, 20.0, -94.0, -9.0, -60.0, 31.0, -36.0, -43.0, 9.0, 23.0, -75.0, -12.0, -1.0, 4.0, -27.0, -51.0, 85.0, -53.0, 57.0, -31.0, 80.0, -63.0, 46.0, ' -20.0]']","['[-15.0', -18.0, ' 5.0', 17.0, 0.0, -19.0, -9.0, 18.0, 22.0, -13.0, -24.0, 1.0, -24.0, -7.0, -37.0, -20.0, -20.0, -23.0, -23.0, -9.0, -7.0, -3.0, 2.0, 13.0, 32.0, 16.0, 20.0, 12.0, 29.0, -1.0, 55.0, 0.0, 46.0, 31.0, 5.0, -8.0, 68.0, 0.0, 57.0, -23.0, 27.0, 23.0, -22.0, -25.0, 6.0, -31.0, -16.0, -40.0, -15.0, -20.0, -18.0, -31.0, -13.0, -7.0, -7.0, -3.0, 16.0, 27.0, 12.0, 19.0, 11.0, 24.0, -9.0, 56.0, 0.0, 46.0, 37.0, 2.0, -1.0, 50.0, 0.0, 60.0, -25.0, 21.0, 21.0, -22.0, -32.0, 3.0, -39.0, -11.0, -43.0, ' -19.0]']","['[-15.0', ' 8.0', ' 18.0', 1.0, -23.0, -4.0, 20.0, 5.0, 6.0, -38.0, -45.0, 0.0, -64.0, -9.0, -28.0, -12.0, -11.0, -49.0, -27.0, -21.0, -40.0, 6.0, -45.0, 45.0, -15.0, -22.0, -25.0, -7.0, -48.0, -21.0, -19.0, -15.0, 26.0, 3.0, -72.0, 23.0, -97.0, 4.0, 18.0, 30.0, 3.0, 4.0, -46.0, -46.0, -1.0, -62.0, -4.0, -14.0, -11.0, -12.0, -42.0, -25.0, -17.0, -39.0, 6.0, -43.0, 25.0, -18.0, -13.0, -29.0, -7.0, -53.0, -22.0, -24.0, -10.0, 22.0, -3.0, -72.0, 24.0, -104.0, 8.0, 8.0, 33.0, 0.0, 4.0, -42.0, -42.0, -1.0, -56.0, -10.0, -7.0, ' -7.0]']","['[-17.0', ' 1.0', ' 17.0', 10.0, -14.0, -21.0, 3.0, 20.0, 26.0, -1.0, -11.0, 16.0, -2.0, 24.0, -13.0, 0.0, -29.0, 82.0, -30.0, 36.0, -30.0, 7.0, -68.0, -80.0, 41.0, 46.0, 12.0, -17.0, -9.0, -70.0, -11.0, -97.0, -66.0, -94.0, -12.0, -98.0, -14.0, -63.0, 5.0, -31.0, -18.0, -15.0, -73.0, -10.0, -35.0, -3.0, -1.0, 8.0, 74.0, 27.0, -61.0, 18.0, 0.0, 13.0, 24.0, 33.0, 111.0, -32.0, 12.0, -39.0, 50.0, -15.0, 65.0, -30.0, 40.0, 68.0, 90.0, -10.0, 80.0, -35.0, 37.0, -22.0, -15.0, 4.0, -6.0, 103.0, 14.0, 34.0, 19.0, -20.0, 11.0, ' -115.0]']","['[5.0', ' 19.0', ' 6.0', -15.0, -12.0, 4.0, 19.0, 3.0, -10.0, 98.0, 15.0, 37.0, 16.0, -15.0, 23.0, -100.0, -20.0, 4.0, -4.0, -46.0, 14.0, -58.0, 14.0, -72.0, 8.0, -67.0, 42.0, -60.0, 40.0, -22.0, 51.0, 36.0, -26.0, -24.0, 6.0, -14.0, 64.0, 14.0, 33.0, 55.0, 16.0, 15.0, -75.0, -14.0, 0.0, -11.0, 23.0, -56.0, 97.0, -3.0, 51.0, -21.0, 57.0, -45.0, 60.0, -39.0, -18.0, 19.0, 83.0, -24.0, 28.0, -28.0, -14.0, -53.0, -92.0, -11.0, -32.0, -17.0, -47.0, -48.0, -42.0, -45.0, -51.0, -16.0, -14.0, 13.0, 7.0, -22.0, 6.0, -15.0, 39.0, ' -6.0]']","['[-29.0', ' -6.0', 22.0, 24.0, -10.0, -32.0, -16.0, 18.0, 63.0, -73.0, 33.0, -105.0, -3.0, 6.0, -49.0, 44.0, -51.0, 51.0, 16.0, -11.0, 74.0, -43.0, -30.0, -16.0, 11.0, 83.0, -49.0, 79.0, -13.0, 30.0, 10.0, 18.0, -38.0, -13.0, 46.0, 24.0, -26.0, 51.0, -62.0, 27.0, -36.0, -42.0, 58.0, -53.0, 102.0, -33.0, 55.0, 66.0, -24.0, 54.0, -61.0, 30.0, -37.0, -58.0, 19.0, -8.0, -11.0, -11.0, -41.0, 31.0, -76.0, 38.0, -60.0, 9.0, -26.0, 91.0, 44.0, -44.0, 8.0, -15.0, -7.0, 24.0, 18.0, 26.0, -3.0, -17.0, 44.0, -47.0, 64.0, -82.0, -47.0, ' -6.0]']","['[7.0', 28.0, 11.0, -18.0, -30.0, -2.0, 30.0, 25.0, -24.0, 11.0, 45.0, -19.0, 63.0, -83.0, -30.0, -18.0, -27.0, 43.0, -70.0, 78.0, -4.0, 17.0, 46.0, 38.0, 8.0, -35.0, 7.0, 25.0, -51.0, 50.0, -26.0, 25.0, -114.0, -58.0, 16.0, -41.0, 36.0, -44.0, 43.0, -61.0, -6.0, 50.0, -44.0, -5.0, -45.0, -54.0, 70.0, -8.0, 40.0, -10.0, -5.0, 63.0, -69.0, 45.0, -45.0, -55.0, -41.0, 0.0, 75.0, -34.0, 26.0, 36.0, -19.0, 30.0, -2.0, 61.0, 36.0, 15.0, 48.0, -39.0, 65.0, -67.0, 63.0, -13.0, -55.0, 67.0, -19.0, 95.0, 24.0, -23.0, 48.0, ' -46.0]']",,,,,,
1740060595.728555,ble-pd-B43A31EF7B26,d269b08f-82c3-94b3-5b93-1f5fea108129,6268,33,-64.0,-79.0,-75.0,-69.0,-56.0,-49.0,-60.0,2.9999545615428005,-1.5281310213932275,0.4169492939527676,-1.3591908676410158,-1.0119141622666223,-2.235312584406352,0.0531779068269791,0.3161867298968566,0.424951626975265,0.1045168721788661,0.3275557978799185,0.2110404188341639,0.2324419413608409,0.8545108422287595,-3.0976240634918213,6.901584148406982,1.7768784761428833,-3.54,6.84,1.96,"['[-61.0', -61.0, 21.0, 74.0, 29.0, -56.0, -66.0, 12.0, 97.0, -20.0, -6.0, -77.0, 50.0, -13.0, -24.0, -41.0, 62.0, 66.0, -1.0, -105.0, 54.0, -22.0, -2.0, -25.0, 27.0, 110.0, 7.0, -55.0, 3.0, -12.0, 8.0, 3.0, -15.0, 95.0, 33.0, -42.0, 19.0, 52.0, 0.0, -21.0, -3.0, 106.0, -23.0, 6.0, -75.0, 66.0, -19.0, -15.0, -44.0, 57.0, 48.0, 7.0, -116.0, 55.0, -32.0, 0.0, -44.0, 29.0, 102.0, 7.0, -73.0, 5.0, -28.0, 12.0, -7.0, -20.0, 82.0, 29.0, -52.0, 12.0, 40.0, 4.0, -24.0, -19.0, 107.0, -23.0, 17.0, -69.0, 77.0, -25.0, -7.0, ' -39.0]']","['[-43.0', 43.0, 71.0, 1.0, -68.0, -50.0, 37.0, 76.0, -41.0, 13.0, -56.0, -1.0, -73.0, 30.0, -35.0, 11.0, 17.0, 59.0, -30.0, 63.0, -15.0, 40.0, -11.0, 77.0, -7.0, 27.0, 0.0, 102.0, -6.0, 65.0, -26.0, 57.0, 25.0, 51.0, 8.0, 47.0, 27.0, 52.0, -17.0, 12.0, 77.0, -17.0, 6.0, -55.0, -19.0, -60.0, 28.0, -40.0, 3.0, 30.0, 77.0, -31.0, 39.0, 0.0, 33.0, -11.0, 68.0, -1.0, 50.0, 2.0, 92.0, -5.0, 61.0, -24.0, 56.0, 20.0, 71.0, 16.0, 36.0, 32.0, 62.0, -17.0, 7.0, 75.0, 3.0, 1.0, -52.0, -36.0, -44.0, 22.0, -42.0, ' -9.0]']","['[-8.0', -17.0, ' 3.0', 17.0, 2.0, -17.0, -7.0, 14.0, 18.0, -37.0, -34.0, 0.0, -31.0, -15.0, -46.0, -11.0, -17.0, -36.0, -18.0, -14.0, -18.0, -7.0, -16.0, 11.0, 34.0, 8.0, 11.0, 16.0, 6.0, -3.0, 46.0, 1.0, 51.0, 31.0, -19.0, -1.0, 10.0, 0.0, 62.0, -10.0, 14.0, 19.0, -43.0, -42.0, 2.0, -40.0, -17.0, -46.0, -17.0, -17.0, -39.0, -18.0, -18.0, -22.0, -5.0, -22.0, 17.0, 27.0, 2.0, 8.0, 13.0, 0.0, -5.0, 42.0, 1.0, 53.0, 28.0, -28.0, 2.0, -2.0, 2.0, 60.0, -5.0, 15.0, 20.0, -49.0, -48.0, 0.0, -49.0, -18.0, -47.0, ' -18.0]']","['[-17.0', ' 5.0', ' 18.0', -1.0, -17.0, -4.0, 17.0, 9.0, 6.0, -45.0, -43.0, -6.0, -58.0, -12.0, -11.0, -15.0, -12.0, -34.0, -15.0, -15.0, -29.0, 1.0, -49.0, 33.0, -18.0, -27.0, -20.0, -9.0, -55.0, -18.0, -44.0, -15.0, 23.0, -9.0, -56.0, 30.0, -123.0, 5.0, -21.0, 28.0, 6.0, 4.0, -41.0, -35.0, -7.0, -54.0, -7.0, -6.0, -13.0, -10.0, -29.0, -12.0, -14.0, -28.0, 1.0, -48.0, 30.0, -24.0, -29.0, -20.0, -11.0, -54.0, -18.0, -49.0, -14.0, 16.0, -11.0, -53.0, 31.0, -125.0, 5.0, -27.0, 27.0, 6.0, 2.0, -35.0, -32.0, -6.0, -47.0, -6.0, 2.0, ' -9.0]']","['[-18.0', ' -16.0', ' 9.0', 22.0, 1.0, -21.0, -12.0, 13.0, 2.0, -32.0, -27.0, 8.0, -13.0, 21.0, -57.0, 19.0, -11.0, 69.0, -42.0, 49.0, -47.0, 13.0, -60.0, -76.0, 30.0, 43.0, -12.0, -11.0, -30.0, -47.0, -23.0, -108.0, -60.0, -70.0, -2.0, -83.0, -30.0, -46.0, -8.0, -23.0, -22.0, -3.0, -32.0, 16.0, -26.0, 8.0, -5.0, 35.0, 54.0, 15.0, -62.0, 36.0, -19.0, 32.0, 24.0, 49.0, 113.0, -41.0, -5.0, -31.0, 54.0, -1.0, 56.0, -19.0, 57.0, 69.0, 89.0, -5.0, 80.0, -12.0, 35.0, -13.0, -14.0, 18.0, 4.0, 82.0, -2.0, 29.0, 2.0, -14.0, 3.0, ' -98.0]']","['[-12.0', ' 14.0', ' 19.0', -4.0, -22.0, -6.0, 18.0, 18.0, 3.0, 85.0, 0.0, 30.0, 2.0, -16.0, 6.0, -100.0, -8.0, 15.0, -10.0, -24.0, 3.0, -47.0, -5.0, -83.0, 27.0, -40.0, 58.0, -66.0, 36.0, -32.0, 55.0, 34.0, -38.0, -53.0, 9.0, -27.0, 51.0, 0.0, 31.0, 46.0, -2.0, 0.0, -84.0, -16.0, -16.0, -12.0, 26.0, -41.0, 85.0, 0.0, 32.0, -23.0, 50.0, -32.0, 43.0, -33.0, 12.0, 0.0, 59.0, -50.0, 41.0, -47.0, -10.0, -56.0, -99.0, -16.0, -5.0, -9.0, -34.0, -59.0, -31.0, -28.0, -50.0, -13.0, -2.0, 39.0, 23.0, -5.0, 14.0, -22.0, 55.0, ' -23.0]']","['[-27.0', ' -43.0', -6.0, 40.0, 34.0, -16.0, -44.0, -18.0, 35.0, -52.0, 10.0, 11.0, -56.0, 48.0, 12.0, 27.0, -16.0, -19.0, 61.0, -56.0, 42.0, -30.0, -23.0, -33.0, 9.0, 56.0, -29.0, -10.0, 13.0, -26.0, 30.0, 11.0, 90.0, 32.0, 33.0, 36.0, -32.0, 42.0, -84.0, 56.0, -11.0, -46.0, 72.0, -41.0, 39.0, 19.0, -33.0, 28.0, -33.0, 35.0, -27.0, -30.0, 41.0, -61.0, 31.0, 16.0, 13.0, -28.0, -87.0, 36.0, -34.0, 8.0, 0.0, -11.0, -27.0, -16.0, -18.0, -54.0, -32.0, 11.0, -43.0, 82.0, -34.0, 36.0, 36.0, -61.0, 53.0, -76.0, 25.0, 3.0, -58.0, ' 27.0]']","['[-36.0', 11.0, 44.0, 20.0, -29.0, -41.0, -1.0, 42.0, 29.0, -51.0, 53.0, -81.0, 40.0, -9.0, -60.0, 17.0, -33.0, 72.0, -28.0, 6.0, 44.0, -13.0, 2.0, 22.0, 32.0, 71.0, -19.0, 68.0, -31.0, 35.0, -18.0, 30.0, -82.0, -12.0, 44.0, 4.0, 22.0, 18.0, -23.0, -14.0, -46.0, 0.0, 8.0, -34.0, 72.0, -66.0, 37.0, 57.0, 4.0, 17.0, -72.0, 58.0, -40.0, -9.0, -8.0, -17.0, -38.0, -18.0, -19.0, -4.0, -60.0, 33.0, -44.0, 32.0, -16.0, 121.0, 30.0, -14.0, 19.0, -38.0, 11.0, -32.0, 44.0, 27.0, -28.0, 41.0, 0.0, -30.0, 64.0, -50.0, -25.0, ' -23.0]']",,,,,,
1740060596.731193,ble-pd-B43A31EF7B26,54784674-52f6-e9c4-d456-4e53ac87ee39,6269,11,-66.0,-83.0,-69.0,-63.0,-55.0,-55.0,-65.0,2.8269982277086947,-1.5387992452459214,0.3167696958594749,-1.3827450627441669,-0.9408417230613358,-1.777568466487565,-0.4019664599519323,0.3055925086329533,0.5048512200780907,0.1324292388597696,0.2489053604863945,0.3653919067284055,0.7268496725069593,1.0105056483522297,-3.0796141624450684,6.91150951385498,1.7779086828231812,-3.54,6.84,1.96,"['[-23.0', -45.0, -5.0, 42.0, 32.0, -20.0, -46.0, -9.0, 13.0, 49.0, -46.0, -58.0, -51.0, 106.0, -107.0, 9.0, 39.0, 33.0, -24.0, -56.0, -2.0, 107.0, -63.0, 82.0, -10.0, 71.0, -29.0, -28.0, 50.0, 71.0, -9.0, 35.0, 31.0, 102.0, -44.0, -2.0, 8.0, 69.0, 29.0, -1.0, -5.0, 10.0, 56.0, -45.0, -59.0, -50.0, 106.0, -110.0, 17.0, 34.0, 35.0, -23.0, -58.0, -2.0, 101.0, -65.0, 79.0, -12.0, 75.0, -32.0, -25.0, 44.0, 66.0, -10.0, 28.0, 30.0, 98.0, -45.0, 0.0, -2.0, 60.0, 27.0, -2.0, 0.0, 7.0, 68.0, -44.0, -62.0, -47.0, 104.0, -114.0, ' 22.0]']","['[-40.0', 8.0, 46.0, 20.0, -34.0, -42.0, 7.0, 44.0, -37.0, 87.0, 2.0, -23.0, 12.0, 2.0, -39.0, 54.0, -51.0, 28.0, 3.0, -17.0, 0.0, -60.0, -9.0, -18.0, -27.0, 47.0, -41.0, 34.0, -38.0, -43.0, -8.0, -43.0, -5.0, -41.0, -7.0, 19.0, -79.0, -74.0, -20.0, -10.0, 44.0, -37.0, 81.0, 9.0, -17.0, 17.0, -9.0, -30.0, 53.0, -55.0, 25.0, 6.0, -12.0, -1.0, -71.0, 0.0, -30.0, -25.0, 39.0, -40.0, 37.0, -43.0, -51.0, -8.0, -48.0, -10.0, -51.0, -2.0, 19.0, -80.0, -82.0, -23.0, -10.0, 46.0, -39.0, 73.0, 13.0, -9.0, 24.0, -24.0, -16.0, ' 50.0]']","['[8.0', -3.0, ' -8.0', 1.0, 8.0, 0.0, -11.0, -2.0, 16.0, 20.0, 4.0, -1.0, -22.0, -2.0, -23.0, 0.0, 25.0, 16.0, 0.0, 0.0, 45.0, 1.0, 58.0, -3.0, 32.0, 25.0, 36.0, 11.0, 69.0, 17.0, 46.0, -19.0, 4.0, 24.0, 64.0, 24.0, 121.0, 33.0, 35.0, -10.0, 1.0, 6.0, 10.0, -8.0, -3.0, -32.0, -3.0, -27.0, 0.0, 30.0, 5.0, -1.0, -6.0, 38.0, -3.0, 54.0, 2.0, 30.0, 28.0, 26.0, 6.0, 60.0, 12.0, 51.0, -7.0, 14.0, 27.0, 54.0, 27.0, 121.0, 36.0, 60.0, -12.0, 3.0, -6.0, -1.0, -19.0, -3.0, -38.0, -2.0, -30.0, ' 2.0]']","['[-6.0', ' -8.0', ' 3.0', 11.0, 0.0, -9.0, 0.0, 10.0, -43.0, -39.0, -46.0, 0.0, -40.0, -1.0, -21.0, 8.0, 25.0, -53.0, 3.0, -27.0, -16.0, -16.0, -8.0, 26.0, -4.0, 14.0, -36.0, -19.0, -24.0, -13.0, 27.0, 42.0, 45.0, 7.0, -41.0, 16.0, 19.0, 20.0, 100.0, -4.0, 7.0, -46.0, -43.0, -44.0, 0.0, -36.0, -1.0, -11.0, 7.0, 20.0, -54.0, 5.0, -26.0, -27.0, -16.0, -24.0, 24.0, -12.0, 7.0, -47.0, -22.0, -40.0, -15.0, 15.0, 47.0, 43.0, 0.0, -54.0, 8.0, -9.0, 11.0, 90.0, -1.0, 6.0, -46.0, -45.0, -39.0, 0.0, -27.0, 0.0, -5.0, ' 6.0]']","['[24.0', ' 33.0', ' -6.0', -37.0, -13.0, 29.0, 28.0, -10.0, 57.0, 53.0, 35.0, 18.0, 43.0, 68.0, -4.0, 72.0, -45.0, 35.0, -27.0, 39.0, -17.0, 5.0, -38.0, -38.0, 17.0, 21.0, -23.0, -42.0, -34.0, -104.0, 12.0, -86.0, -52.0, -95.0, -17.0, -86.0, -25.0, -38.0, -24.0, 1.0, 34.0, 5.0, -69.0, 10.0, -23.0, -5.0, 13.0, 1.0, -1.0, 63.0, -1.0, 62.0, 27.0, 33.0, 65.0, 31.0, 70.0, -12.0, 59.0, -14.0, 74.0, 19.0, 101.0, -20.0, 49.0, 30.0, 43.0, 4.0, 38.0, -13.0, -41.0, -7.0, -105.0, -26.0, -62.0, 18.0, -46.0, 5.0, -37.0, -81.0, 3.0, ' -67.0]']","['[27.0', ' -14.0', ' -35.0', -4.0, 33.0, 22.0, -23.0, -33.0, -42.0, 46.0, -32.0, 14.0, -19.0, -55.0, 1.0, -42.0, -44.0, -20.0, -56.0, -55.0, -27.0, -81.0, -14.0, -58.0, 3.0, -81.0, 33.0, -59.0, -1.0, -54.0, 15.0, -3.0, -1.0, 12.0, 5.0, 8.0, 31.0, 72.0, 24.0, 124.0, 10.0, 70.0, 20.0, 47.0, 6.0, 48.0, 87.0, -4.0, 84.0, -12.0, 41.0, 4.0, 61.0, 0.0, 46.0, -26.0, -4.0, 11.0, 60.0, -37.0, -6.0, -27.0, -60.0, 2.0, -72.0, -45.0, -87.0, -18.0, -79.0, -37.0, -70.0, -32.0, -63.0, 22.0, -34.0, -69.0, -16.0, -22.0, -31.0, -34.0, 3.0, ' -47.0]']","['[-17.0', ' 64.0', 64.0, -17.0, -77.0, -39.0, 51.0, 73.0, -79.0, -22.0, 41.0, 0.0, 96.0, -28.0, 16.0, -113.0, 22.0, -80.0, -66.0, -35.0, -84.0, 4.0, 25.0, 54.0, 50.0, -17.0, 87.0, -25.0, -17.0, -58.0, -41.0, 19.0, -46.0, 64.0, -27.0, 32.0, 67.0, -36.0, 114.0, -44.0, -12.0, 63.0, 34.0, 66.0, 12.0, -52.0, -18.0, -50.0, 17.0, -90.0, 54.0, -25.0, 20.0, 83.0, -3.0, 29.0, -71.0, 20.0, -40.0, -95.0, -43.0, -66.0, 37.0, 5.0, 34.0, 5.0, -65.0, 98.0, -72.0, 38.0, -44.0, -80.0, 13.0, -59.0, 17.0, -12.0, -106.0, -12.0, -43.0, 49.0, 32.0, ' 93.0]']","['[76.0', 45.0, -44.0, -76.0, -11.0, 67.0, 59.0, -25.0, -21.0, -27.0, -97.0, -14.0, 4.0, 39.0, 47.0, 47.0, 90.0, -13.0, 67.0, -5.0, -50.0, 1.0, -47.0, 50.0, -50.0, 55.0, 59.0, 65.0, 85.0, -10.0, 18.0, -49.0, 20.0, 38.0, -97.0, 64.0, -83.0, 74.0, 28.0, 10.0, 77.0, -54.0, -3.0, 83.0, 7.0, 81.0, -45.0, -8.0, -123.0, -23.0, -62.0, -91.0, -28.0, -50.0, 3.0, 45.0, 23.0, 67.0, -42.0, 45.0, -54.0, -57.0, -43.0, -45.0, 40.0, -49.0, 36.0, 22.0, -2.0, 100.0, -69.0, 86.0, -43.0, -51.0, 81.0, 33.0, 11.0, 7.0, -87.0, 5.0, -39.0, ' 75.0]']",,,,,,
1740060597.729784,ble-pd-B43A31EF7B26,922757c2-9e8f-9a42-da9c-6f4d4d4dbe92,6270,14,-67.0,-78.0,-74.0,-63.0,,-55.0,-59.0,2.826146016159869,-1.5995689860540585,0.2872879699600797,-1.4024846790599432,,-2.161671419894616,-0.6382478039910485,0.3920607552749457,0.5382033845687253,0.1289018819959597,0.2271420413477806,,0.5232471051354491,0.8908425931182881,-3.0866756439208984,6.944971561431885,1.7704119682312012,-3.54,6.84,1.96,"['[-31.0', -26.0, 13.0, 36.0, 8.0, -30.0, -29.0, 9.0, 11.0, 76.0, -51.0, -41.0, -37.0, 102.0, -83.0, 30.0, 25.0, 24.0, -20.0, -37.0, 2.0, 83.0, -53.0, 70.0, -7.0, 55.0, -17.0, -12.0, 42.0, 53.0, -9.0, 30.0, 6.0, 56.0, -10.0, 1.0, -5.0, 23.0, 22.0, 17.0, 14.0, 9.0, 79.0, -49.0, -41.0, -37.0, 98.0, -84.0, 33.0, 19.0, 21.0, -19.0, -37.0, 1.0, 74.0, -51.0, 68.0, -10.0, 55.0, -18.0, -10.0, 40.0, 47.0, -8.0, 26.0, 2.0, 49.0, -10.0, 4.0, -11.0, 14.0, 20.0, 17.0, 16.0, 7.0, 80.0, -46.0, -41.0, -37.0, 97.0, -84.0, ' 36.0]']","['[-17.0', 23.0, 33.0, -2.0, -36.0, -19.0, 20.0, 35.0, -22.0, 39.0, 26.0, -3.0, 0.0, -36.0, -11.0, 46.0, -61.0, -16.0, 22.0, 2.0, -13.0, -84.0, 15.0, -25.0, -40.0, 5.0, -19.0, 33.0, -37.0, -70.0, 11.0, -28.0, -49.0, -84.0, 1.0, 31.0, -61.0, -93.0, -13.0, 4.0, 31.0, -23.0, 32.0, 30.0, 0.0, 2.0, -45.0, -4.0, 44.0, -63.0, -18.0, 25.0, 5.0, -12.0, -92.0, 20.0, -30.0, -39.0, 0.0, -17.0, 34.0, -41.0, -76.0, 11.0, -31.0, -49.0, -89.0, 2.0, 31.0, -61.0, -94.0, -15.0, 3.0, 30.0, -23.0, 29.0, 34.0, 4.0, 5.0, -49.0, 2.0, ' 41.0]']","['[13.0', -12.0, ' -16.0', 7.0, 19.0, -1.0, -20.0, -1.0, 5.0, -20.0, -32.0, -15.0, -35.0, -11.0, -29.0, 15.0, 18.0, -11.0, -12.0, 0.0, 25.0, -5.0, 43.0, -10.0, 14.0, 31.0, 11.0, 20.0, 47.0, 13.0, 59.0, -2.0, 16.0, 22.0, 19.0, 19.0, 103.0, 45.0, 80.0, 12.0, 2.0, -1.0, -35.0, -40.0, -16.0, -46.0, -9.0, -31.0, 19.0, 26.0, -28.0, -9.0, -12.0, 16.0, -10.0, 34.0, -4.0, 9.0, 30.0, -4.0, 18.0, 33.0, 10.0, 59.0, 4.0, 27.0, 21.0, 0.0, 25.0, 86.0, 46.0, 95.0, 14.0, 7.0, -8.0, -45.0, -47.0, -17.0, -55.0, -6.0, -29.0, ' 25.0]']","['[-15.0', ' -15.0', ' 9.0', 19.0, -5.0, -19.0, 0.0, 18.0, -29.0, -60.0, -35.0, -6.0, -45.0, 7.0, -7.0, 23.0, 23.0, -63.0, 6.0, -45.0, -31.0, -24.0, -39.0, 25.0, -15.0, 1.0, -53.0, -11.0, -53.0, -13.0, 7.0, 32.0, 35.0, -11.0, -73.0, 19.0, -57.0, 7.0, 72.0, 11.0, 18.0, -30.0, -55.0, -25.0, -2.0, -33.0, 9.0, 0.0, 20.0, 17.0, -57.0, 9.0, -42.0, -35.0, -23.0, -49.0, 28.0, -18.0, -8.0, -53.0, -15.0, -62.0, -17.0, -8.0, 33.0, 29.0, -15.0, -76.0, 13.0, -82.0, -2.0, 47.0, 4.0, 18.0, -28.0, -44.0, -16.0, 1.0, -22.0, 11.0, 7.0, ' 13.0]']","['[11.0', ' -16.0', ' -20.0', 4.0, 22.0, 6.0, -18.0, -18.0, -11.0, -4.0, -54.0, -2.0, -33.0, -85.0, -10.0, -65.0, 5.0, -61.0, -9.0, -51.0, 8.0, -36.0, 13.0, 49.0, 3.0, -77.0, 31.0, 13.0, 1.0, 39.0, -1.0, 84.0, 55.0, 69.0, 10.0, 50.0, 33.0, 96.0, 16.0, 88.0, -2.0, 10.0, 101.0, 39.0, 24.0, 41.0, 60.0, 16.0, 27.0, -39.0, 38.0, -19.0, 15.0, -7.0, -28.0, -25.0, -108.0, 6.0, 19.0, -32.0, -54.0, -20.0, -102.0, 19.0, -57.0, -49.0, -99.0, 25.0, -50.0, 14.0, -19.0, 6.0, 17.0, 20.0, 0.0, -109.0, 13.0, -24.0, -11.0, 17.0, -7.0, ' 31.0]']","['[-20.0', ' -16.0', ' 10.0', 22.0, 0.0, -21.0, -12.0, 13.0, -6.0, -119.0, -11.0, -27.0, -26.0, -17.0, -11.0, 10.0, 43.0, -4.0, 28.0, 17.0, 4.0, 56.0, 22.0, 96.0, -11.0, 27.0, 19.0, 55.0, 22.0, 96.0, -23.0, 12.0, 20.0, 72.0, -35.0, 27.0, -38.0, -40.0, -21.0, -86.0, -25.0, -5.0, 65.0, -42.0, 12.0, -13.0, -62.0, 0.0, -59.0, -21.0, -49.0, -23.0, -52.0, 5.0, -61.0, 0.0, -11.0, 9.0, -79.0, 16.0, -21.0, -11.0, -16.0, 12.0, 63.0, 34.0, 15.0, 27.0, 26.0, 48.0, 103.0, 24.0, 123.0, 12.0, 12.0, 50.0, 56.0, 12.0, 42.0, 85.0, 12.0, ' 55.0]']","['[-50.0', ' -55.0', 10.0, 63.0, 34.0, -36.0, -62.0, -5.0, 34.0, 31.0, 36.0, 25.0, -20.0, -11.0, -47.0, 13.0, -53.0, 72.0, -40.0, 31.0, 51.0, 35.0, 40.0, -38.0, 32.0, -12.0, -36.0, -27.0, -67.0, 67.0, -4.0, 33.0, -32.0, -45.0, 84.0, -59.0, 61.0, -32.0, -76.0, -11.0, -51.0, 23.0, -41.0, -42.0, -24.0, -19.0, 13.0, 29.0, 80.0, 34.0, -9.0, 84.0, 8.0, 28.0, -35.0, -33.0, 5.0, -36.0, 47.0, -13.0, 57.0, 48.0, 3.0, 50.0, -38.0, 51.0, 2.0, -20.0, 34.0, -122.0, 65.0, -21.0, 26.0, 59.0, -59.0, 13.0, 8.0, 0.0, 41.0, -2.0, 15.0, ' -101.0]']","['[-38.0', 32.0, 63.0, 12.0, -53.0, -52.0, 15.0, 63.0, -48.0, 30.0, 27.0, 12.0, 35.0, -9.0, -5.0, -106.0, -6.0, -34.0, -75.0, -29.0, -64.0, 18.0, 13.0, 17.0, 23.0, -48.0, 38.0, -50.0, -15.0, -43.0, -57.0, 24.0, -39.0, 25.0, -30.0, -5.0, 105.0, -57.0, 75.0, -25.0, -37.0, 54.0, 10.0, 17.0, 14.0, -35.0, -6.0, -36.0, 70.0, -41.0, 79.0, 5.0, 41.0, 77.0, 20.0, 25.0, -42.0, 14.0, 15.0, -50.0, 3.0, -49.0, 80.0, 26.0, 16.0, -6.0, -51.0, 87.0, -49.0, -1.0, 3.0, -106.0, 4.0, -24.0, -11.0, -41.0, -45.0, -29.0, 2.0, 13.0, 45.0, ' 29.0]']",,,,,,
1740060598.731239,ble-pd-B43A31EF7B26,989dffaf-62df-eda9-90ae-322ebac8a2d5,6271,18,-65.0,-82.0,-72.0,-63.0,-56.0,-54.0,-61.0,2.7666339531765227,-1.6015718163518522,0.2765157496668183,-1.4369407904014426,-0.916783521431274,-2.3192426297504296,-0.828207998355073,0.2413331612694586,0.5061002426293378,0.167145599296419,0.2138754211537668,0.2645192550537568,0.3743599157625504,0.8248281993347525,-3.099583148956299,6.97803497314453,1.778964877128601,-3.54,6.84,1.96,"['[11.0', -38.0, -35.0, 15.0, 45.0, 14.0, -35.0, -36.0, 17.0, -24.0, -20.0, -5.0, -17.0, 30.0, -22.0, -63.0, 30.0, 34.0, -18.0, -8.0, -4.0, 74.0, -28.0, 5.0, 10.0, 25.0, -4.0, -25.0, 3.0, 86.0, -26.0, 15.0, 39.0, 75.0, -6.0, -36.0, 38.0, 108.0, 6.0, -19.0, -37.0, 18.0, -26.0, -21.0, -6.0, -16.0, 32.0, -22.0, -63.0, 30.0, 34.0, -19.0, -8.0, -4.0, 77.0, -31.0, 5.0, 11.0, 26.0, -5.0, -26.0, 3.0, 87.0, -27.0, 16.0, 40.0, 76.0, -5.0, -37.0, 39.0, 110.0, 6.0, -20.0, -36.0, 17.0, -23.0, -23.0, -5.0, -19.0, 36.0, -26.0, ' -63.0]']","['[-43.0', -23.0, 28.0, 43.0, 0.0, -43.0, -27.0, 23.0, -26.0, 65.0, -56.0, -28.0, -39.0, 107.0, -71.0, 37.0, 17.0, 38.0, -40.0, -25.0, -4.0, 100.0, -55.0, 70.0, 11.0, 40.0, -16.0, -14.0, 25.0, 71.0, -22.0, 27.0, 51.0, 43.0, -7.0, -19.0, 8.0, 15.0, 19.0, -1.0, 24.0, -26.0, 63.0, -54.0, -29.0, -38.0, 107.0, -72.0, 38.0, 15.0, 39.0, -39.0, -26.0, -4.0, 98.0, -55.0, 71.0, 11.0, 39.0, -16.0, -15.0, 25.0, 69.0, -21.0, 27.0, 50.0, 40.0, -6.0, -17.0, 6.0, 13.0, 19.0, -1.0, 26.0, -26.0, 64.0, -54.0, -29.0, -37.0, 106.0, -70.0, ' 41.0]']","['[5.0', -10.0, ' -8.0', 6.0, 10.0, -4.0, -12.0, 1.0, -14.0, -86.0, -46.0, -25.0, -47.0, 25.0, -20.0, 49.0, 20.0, -73.0, 1.0, -11.0, -24.0, -28.0, -32.0, 3.0, -32.0, 0.0, -55.0, 0.0, -64.0, -16.0, -3.0, 26.0, 22.0, -12.0, -81.0, 16.0, -69.0, 29.0, 49.0, 41.0, 3.0, -16.0, -80.0, -36.0, -24.0, -39.0, 31.0, -8.0, 52.0, 24.0, -73.0, 8.0, -15.0, -29.0, -28.0, -41.0, 0.0, -37.0, -7.0, -58.0, 0.0, -70.0, -15.0, -15.0, 31.0, 15.0, -18.0, -87.0, 13.0, -90.0, 19.0, 31.0, 39.0, 5.0, -19.0, -66.0, -27.0, -23.0, -26.0, 37.0, -1.0, ' 53.0]']","['[-9.0', ' -6.0', ' 7.0', 9.0, -6.0, -11.0, 3.0, 11.0, -15.0, 28.0, 33.0, -4.0, 31.0, 29.0, 37.0, 15.0, 12.0, -5.0, 24.0, -15.0, -17.0, 3.0, -37.0, -13.0, -18.0, -27.0, -13.0, 1.0, -31.0, -1.0, -50.0, 23.0, -26.0, -35.0, -36.0, 0.0, -98.0, -33.0, -65.0, -9.0, 11.0, -13.0, 44.0, 44.0, 0.0, 43.0, 22.0, 42.0, 5.0, 6.0, 13.0, 23.0, -11.0, -10.0, 9.0, -29.0, -13.0, -11.0, -25.0, -1.0, 0.0, -15.0, 1.0, -48.0, 16.0, -31.0, -32.0, -12.0, -5.0, -80.0, -41.0, -78.0, -17.0, 10.0, -10.0, 63.0, 49.0, 5.0, 51.0, 14.0, 42.0, ' -10.0]']","['[-27.0', ' -13.0', ' 19.0', 23.0, -6.0, -28.0, -8.0, 21.0, 22.0, -112.0, -49.0, -24.0, -32.0, -31.0, -25.0, -3.0, 43.0, -14.0, 34.0, 23.0, 17.0, 50.0, 19.0, 106.0, 4.0, 0.0, 10.0, 72.0, 1.0, 71.0, -31.0, 36.0, 37.0, 44.0, -10.0, 16.0, -17.0, 0.0, -5.0, -46.0, -27.0, -41.0, 107.0, -10.0, 15.0, 4.0, -29.0, 23.0, -28.0, -24.0, -29.0, -30.0, -60.0, -3.0, -61.0, -9.0, -64.0, -12.0, -34.0, -1.0, -27.0, 3.0, -30.0, 28.0, 53.0, 24.0, 4.0, 30.0, 43.0, 44.0, 71.0, 6.0, 103.0, 10.0, 26.0, -10.0, 62.0, 6.0, 27.0, 66.0, -2.0, ' 35.0]']","['[-7.0', ' 24.0', ' 20.0', -13.0, -26.0, 0.0, 26.0, 17.0, 35.0, -48.0, 48.0, -1.0, 17.0, 58.0, -10.0, 37.0, 0.0, 48.0, 12.0, 57.0, -7.0, 40.0, 0.0, 0.0, 11.0, 41.0, -6.0, -18.0, -5.0, -12.0, -13.0, -89.0, -55.0, -38.0, -30.0, -65.0, -41.0, -88.0, -5.0, -98.0, 6.0, 0.0, -59.0, -69.0, -18.0, -35.0, -60.0, -14.0, -25.0, 36.0, -41.0, 19.0, -13.0, 18.0, 18.0, 15.0, 83.0, -4.0, -23.0, 12.0, 68.0, 4.0, 65.0, -17.0, 80.0, 62.0, 59.0, 8.0, 50.0, 10.0, 52.0, 0.0, 20.0, -26.0, -32.0, 120.0, 31.0, 24.0, 25.0, 10.0, 28.0, ' -5.0]']","['[54.0', ' -8.0', -59.0, -35.0, 34.0, 59.0, 8.0, -51.0, 69.0, -31.0, -5.0, -52.0, -31.0, 17.0, 6.0, 83.0, 14.0, 4.0, 88.0, 13.0, 55.0, -41.0, -39.0, -31.0, -34.0, 39.0, -57.0, 59.0, 37.0, -1.0, 37.0, -42.0, 49.0, 2.0, -22.0, 37.0, -120.0, 38.0, -42.0, 39.0, 53.0, -62.0, 15.0, -40.0, 20.0, 16.0, 19.0, 37.0, -74.0, 29.0, -27.0, -42.0, -56.0, -92.0, 15.0, -13.0, 44.0, -9.0, -8.0, 66.0, -43.0, 40.0, -44.0, -38.0, -7.0, -8.0, 55.0, -81.0, 4.0, 70.0, -7.0, 64.0, -20.0, -8.0, 2.0, 14.0, 52.0, 29.0, 12.0, -40.0, -50.0, ' 7.0]']","['[-28.0', -61.0, -15.0, 50.0, 49.0, -15.0, -61.0, -29.0, 27.0, 6.0, 52.0, 14.0, 1.0, -36.0, -50.0, 30.0, -47.0, 31.0, -9.0, 61.0, 74.0, 12.0, 43.0, -31.0, 36.0, -18.0, -41.0, 12.0, -76.0, 57.0, 21.0, 40.0, -23.0, -68.0, 120.0, -31.0, 0.0, -19.0, -49.0, -3.0, -27.0, 40.0, -30.0, -36.0, -51.0, -27.0, 34.0, 34.0, 50.0, 39.0, -14.0, 78.0, -25.0, 2.0, -41.0, -56.0, -7.0, -49.0, 42.0, -24.0, 42.0, 74.0, -34.0, 18.0, -59.0, 53.0, 41.0, -91.0, 48.0, -98.0, 43.0, -5.0, 33.0, 59.0, -74.0, 29.0, -9.0, 46.0, 28.0, -3.0, 10.0, ' -87.0]']",,,,,,
1740060599.729692,ble-pd-B43A31EF7B26,0d9b68ac-c8e0-5906-0852-a6189e7095a5,6272,5,-67.0,-73.0,-68.0,-65.0,-48.0,-56.0,-66.0,2.8045333986494403,-1.577962094339973,0.2887947865048466,-1.46202896629248,-0.8255997049529236,-1.427663885132506,-0.5426897894530094,0.1820431393419973,0.4317925554463788,0.1887157227427044,0.2031751062099374,0.3326759586997372,0.7928256220591681,1.227874757773603,-3.109473466873169,7.005282402038574,1.7835112810134888,-3.54,6.84,1.96,"['[36.0', 0.0, -36.0, -19.0, 22.0, 33.0, 3.0, -29.0, 5.0, -116.0, 31.0, 12.0, -33.0, -66.0, 62.0, 0.0, 30.0, -61.0, 13.0, 11.0, -9.0, -6.0, 38.0, 21.0, -2.0, -69.0, 15.0, -40.0, 18.0, -22.0, 37.0, 40.0, -9.0, -1.0, -49.0, 33.0, 40.0, 7.0, 19.0, 20.0, -35.0, 0.0, -106.0, 28.0, 4.0, -39.0, -60.0, 53.0, 6.0, 29.0, -51.0, 6.0, 1.0, -13.0, 8.0, 29.0, 28.0, -10.0, -55.0, 7.0, -38.0, 16.0, -13.0, 29.0, 47.0, 3.0, 18.0, -53.0, 34.0, 36.0, 27.0, 22.0, 14.0, -35.0, -5.0, -94.0, 26.0, -3.0, -39.0, -47.0, 33.0, ' 2.0]']","['[-11.0', -34.0, -12.0, 30.0, 31.0, -10.0, -34.0, -12.0, -20.0, 29.0, -1.0, -39.0, -16.0, 31.0, -65.0, -2.0, 27.0, 38.0, -18.0, -58.0, -5.0, 68.0, -52.0, 51.0, -8.0, 62.0, -43.0, -12.0, 0.0, 54.0, -26.0, 42.0, 72.0, 93.0, -47.0, 11.0, -19.0, 106.0, 3.0, -20.0, -6.0, -22.0, 54.0, -12.0, -39.0, -9.0, 46.0, -77.0, 0.0, 25.0, 49.0, -16.0, -59.0, -3.0, 66.0, -55.0, 47.0, -4.0, 77.0, -50.0, -3.0, -1.0, 58.0, -36.0, 33.0, 71.0, 91.0, -30.0, 2.0, -24.0, 103.0, 0.0, -24.0, 0.0, -21.0, 74.0, -15.0, -39.0, -4.0, 56.0, -85.0, ' -3.0]']","['[9.0', -28.0, ' -16.0', 23.0, 24.0, -17.0, -25.0, 9.0, -37.0, 59.0, -16.0, 13.0, 33.0, -3.0, -16.0, -2.0, 2.0, -4.0, 18.0, 8.0, 34.0, -7.0, 56.0, -34.0, 59.0, 19.0, 42.0, 8.0, 39.0, 23.0, 26.0, 51.0, 37.0, 41.0, 59.0, 19.0, 108.0, 29.0, 60.0, -2.0, 11.0, -32.0, 41.0, -30.0, 14.0, 17.0, -9.0, -5.0, -2.0, -9.0, -13.0, 2.0, 0.0, 19.0, -12.0, 47.0, -31.0, 43.0, 15.0, 25.0, 6.0, 39.0, 14.0, 38.0, 46.0, 46.0, 36.0, 38.0, 18.0, 90.0, 30.0, 68.0, 3.0, 19.0, -31.0, 23.0, -47.0, 13.0, 9.0, -10.0, 1.0, ' -4.0]']","['[-25.0', ' -9.0', ' 21.0', 23.0, -15.0, -30.0, 15.0, 31.0, 4.0, -48.0, -55.0, 1.0, -17.0, -16.0, 11.0, 0.0, -56.0, -28.0, -30.0, -24.0, -34.0, -17.0, -44.0, 7.0, -43.0, -13.0, -31.0, -2.0, -17.0, -17.0, 42.0, -7.0, 34.0, -4.0, -58.0, -2.0, -47.0, -8.0, 30.0, 12.0, 26.0, 12.0, -63.0, -54.0, -2.0, -28.0, -17.0, 7.0, 0.0, -62.0, -24.0, -38.0, -26.0, -48.0, -13.0, -53.0, 12.0, -50.0, -14.0, -42.0, -2.0, -25.0, -26.0, 30.0, -20.0, 22.0, -15.0, -61.0, 0.0, -70.0, -18.0, 16.0, 9.0, 16.0, 18.0, -72.0, -40.0, -6.0, -38.0, -13.0, 17.0, ' 2.0]']","['[-21.0', ' 9.0', ' 26.0', 4.0, -24.0, -18.0, 15.0, 25.0, 29.0, -29.0, 14.0, -26.0, 16.0, 28.0, 7.0, 19.0, 28.0, -11.0, 47.0, 47.0, 31.0, 69.0, 19.0, 116.0, 6.0, 38.0, -18.0, 65.0, 2.0, 68.0, -19.0, 33.0, 12.0, 9.0, -20.0, 7.0, -39.0, -31.0, -35.0, -74.0, -8.0, -59.0, 24.0, -40.0, 7.0, -42.0, -60.0, -9.0, -101.0, 16.0, -4.0, 7.0, -64.0, 8.0, -49.0, 32.0, -48.0, -25.0, -44.0, 14.0, 3.0, 19.0, 36.0, 8.0, 69.0, 38.0, 55.0, 27.0, 68.0, 44.0, 66.0, 39.0, 72.0, -18.0, 23.0, 6.0, 21.0, 20.0, 22.0, 26.0, 0.0, ' 80.0]']","['[16.0', ' 25.0', ' -2.0', -26.0, -11.0, 20.0, 22.0, -6.0, 51.0, -10.0, 35.0, 7.0, 40.0, 53.0, 6.0, 106.0, -33.0, 10.0, -31.0, 47.0, -27.0, 19.0, -45.0, -9.0, 25.0, 29.0, -6.0, -38.0, -23.0, -77.0, 0.0, -95.0, -52.0, -70.0, -19.0, -82.0, -31.0, -59.0, -26.0, -42.0, 25.0, 4.0, -21.0, -2.0, -27.0, -3.0, 3.0, 6.0, -36.0, 41.0, -15.0, 56.0, 18.0, 40.0, 52.0, 38.0, 106.0, -6.0, 21.0, -13.0, 76.0, 13.0, 97.0, -18.0, 74.0, 36.0, 44.0, -9.0, 43.0, -21.0, 0.0, -19.0, -46.0, -18.0, -55.0, 31.0, -33.0, 19.0, -37.0, -54.0, -11.0, ' -72.0]']","['[57.0', ' 10.0', -51.0, -47.0, 19.0, 59.0, 23.0, -39.0, -10.0, 42.0, -74.0, 7.0, -40.0, 51.0, 63.0, 40.0, 46.0, 16.0, 78.0, -9.0, -40.0, 23.0, -68.0, 50.0, -81.0, 40.0, 3.0, 9.0, 93.0, -9.0, 20.0, -72.0, 20.0, -6.0, -74.0, 23.0, -68.0, 67.0, 52.0, 21.0, 56.0, -54.0, -35.0, 17.0, -21.0, 86.0, -70.0, 0.0, -123.0, 46.0, -65.0, -80.0, 7.0, -70.0, 16.0, 35.0, 40.0, 63.0, -47.0, 67.0, 8.0, -25.0, -8.0, -83.0, 69.0, -71.0, 65.0, -38.0, 39.0, 83.0, -19.0, 39.0, -54.0, 0.0, 52.0, -16.0, 61.0, 10.0, -28.0, 4.0, -63.0, ' 57.0]']","['[-10.0', -57.0, -31.0, 35.0, 56.0, 3.0, -53.0, -43.0, 63.0, 17.0, 14.0, 19.0, -76.0, 55.0, -28.0, 115.0, -71.0, 63.0, 54.0, -4.0, 94.0, -29.0, -9.0, -67.0, -32.0, 34.0, -75.0, -14.0, -13.0, 13.0, 84.0, -42.0, 68.0, -68.0, 77.0, -54.0, -60.0, -11.0, -66.0, 51.0, -22.0, -35.0, 33.0, -74.0, -1.0, -6.0, 27.0, 69.0, -8.0, 72.0, -9.0, 50.0, -5.0, -74.0, 34.0, -61.0, 74.0, -62.0, 24.0, 34.0, 15.0, 90.0, -15.0, -15.0, -51.0, -5.0, 21.0, -102.0, 43.0, -40.0, 66.0, 74.0, -3.0, 59.0, -39.0, -44.0, 45.0, -19.0, 80.0, -76.0, -26.0, ' -105.0]']",,,,,,
1740060600.726997,ble-pd-B43A31EF7B26,69dff2ce-4fe6-ddee-fd64-98a93b767bc0,6273,0,-70.0,-69.0,-69.0,-69.0,-49.0,,-78.0,2.874400364583233,-1.5878663904339776,0.3457004137293328,-1.4486545712981018,-0.7321502672860618,,-0.6761540903586377,0.1342852124682027,0.4245401352973342,0.152576193986652,0.1534434024613659,0.2780964961945127,,1.4590961401778284,-3.1121058464050293,7.02156400680542,1.7959208488464355,-3.54,6.84,1.96,"['[-9.0', -26.0, -7.0, 21.0, 21.0, -6.0, -26.0, -12.0, -34.0, 48.0, -15.0, -17.0, 17.0, 70.0, -69.0, -9.0, 17.0, 54.0, -33.0, -18.0, 15.0, 73.0, -52.0, 25.0, 10.0, 74.0, -31.0, 40.0, 16.0, 82.0, -28.0, -1.0, 54.0, 72.0, 13.0, -20.0, -19.0, 113.0, -11.0, -42.0, -5.0, -30.0, 75.0, -38.0, -20.0, 25.0, 91.0, -78.0, -11.0, 12.0, 73.0, -38.0, -17.0, 16.0, 75.0, -55.0, 6.0, 6.0, 86.0, -30.0, 38.0, 12.0, 87.0, -26.0, -25.0, 39.0, 71.0, 26.0, -40.0, -23.0, 94.0, -14.0, -46.0, 2.0, -20.0, 93.0, -55.0, -21.0, 29.0, 104.0, -78.0, ' -14.0]']","['[-24.0', 0.0, 24.0, 15.0, -14.0, -25.0, 0.0, 23.0, 11.0, 92.0, -73.0, -15.0, 25.0, 80.0, -37.0, -11.0, -18.0, 67.0, -21.0, 2.0, 3.0, 18.0, -15.0, -60.0, -5.0, 48.0, 1.0, -4.0, -8.0, 26.0, 0.0, -82.0, -49.0, 5.0, 38.0, -72.0, -16.0, -47.0, -13.0, -18.0, 25.0, 21.0, 72.0, -63.0, -9.0, 19.0, 56.0, -14.0, -8.0, -23.0, 46.0, -10.0, 7.0, 0.0, -3.0, 1.0, -65.0, -7.0, 21.0, 9.0, -15.0, -13.0, 0.0, 9.0, -78.0, -62.0, -16.0, 30.0, -62.0, -10.0, -78.0, -9.0, -4.0, 25.0, 30.0, 48.0, -49.0, -1.0, 10.0, 23.0, 13.0, ' -3.0]']","['[-4.0', 58.0, ' 19.0', -54.0, -33.0, 45.0, 45.0, -33.0, 51.0, -84.0, 6.0, -23.0, -37.0, 21.0, -22.0, 22.0, -27.0, -20.0, -37.0, 7.0, -50.0, 24.0, -63.0, 51.0, -78.0, -36.0, -81.0, -16.0, -76.0, -39.0, -43.0, -31.0, -59.0, -19.0, -89.0, -42.0, -124.0, -45.0, -54.0, 10.0, -42.0, 60.0, -60.0, 38.0, -32.0, -16.0, 21.0, -17.0, 31.0, -5.0, -2.0, -17.0, 21.0, -37.0, 35.0, -52.0, 42.0, -55.0, -40.0, -64.0, -10.0, -74.0, -19.0, -59.0, -25.0, -78.0, -15.0, -75.0, -39.0, -112.0, -39.0, -65.0, 24.0, -54.0, 64.0, -25.0, 63.0, -37.0, 4.0, 20.0, -8.0, ' 37.0]']","['[59.0', ' 11.0', ' -57.0', -27.0, 48.0, 41.0, -39.0, -48.0, 41.0, 78.0, 98.0, -29.0, 54.0, 6.0, 10.0, 27.0, 69.0, 48.0, 49.0, 49.0, 39.0, 37.0, 30.0, -21.0, 53.0, -19.0, 45.0, 18.0, -2.0, 51.0, -55.0, 16.0, -63.0, 8.0, 21.0, 5.0, 24.0, 8.0, -46.0, 41.0, -37.0, 22.0, 101.0, 90.0, -19.0, 63.0, -1.0, 18.0, 19.0, 74.0, 54.0, 60.0, 44.0, 51.0, 31.0, 48.0, -38.0, 77.0, -5.0, 65.0, 23.0, 21.0, 60.0, -38.0, 24.0, -39.0, 13.0, 49.0, 16.0, 58.0, 21.0, -28.0, 36.0, -21.0, 0.0, 114.0, 72.0, -9.0, 65.0, -11.0, 22.0, ' 5.0]']","['[-8.0', ' -35.0', ' -10.0', 30.0, 26.0, -16.0, -35.0, -3.0, -69.0, 71.0, -52.0, 10.0, -40.0, -55.0, -21.0, -89.0, -6.0, 36.0, -25.0, -60.0, -6.0, -73.0, 7.0, -72.0, -36.0, -41.0, -2.0, -15.0, 22.0, -23.0, 32.0, 19.0, 40.0, 4.0, 50.0, 0.0, 35.0, 47.0, 62.0, 94.0, -26.0, 74.0, -42.0, 45.0, 0.0, 33.0, 52.0, -28.0, 98.0, -52.0, 13.0, -48.0, 25.0, -52.0, 10.0, -60.0, -55.0, 21.0, 49.0, -6.0, -43.0, -29.0, -91.0, -27.0, -79.0, -59.0, -63.0, -38.0, -69.0, -12.0, -50.0, -17.0, -50.0, 25.0, 12.0, -35.0, 16.0, -10.0, 15.0, 13.0, 43.0, ' 8.0]']","['[-34.0', ' 0.0', ' 33.0', 18.0, -23.0, -32.0, 5.0, 31.0, -50.0, 14.0, -27.0, -3.0, -18.0, -33.0, 38.0, -67.0, 59.0, -28.0, 64.0, -2.0, 60.0, 20.0, 63.0, 93.0, -7.0, -37.0, 7.0, 54.0, 23.0, 108.0, 15.0, 79.0, 47.0, 66.0, 20.0, 78.0, -2.0, 34.0, -7.0, 14.0, -16.0, -43.0, 59.0, -38.0, 11.0, -29.0, -38.0, -35.0, -55.0, -28.0, 44.0, -47.0, -53.0, -33.0, -75.0, -17.0, -104.0, -30.0, -24.0, -4.0, -37.0, 11.0, -64.0, 22.0, -13.0, 19.0, -22.0, 37.0, -34.0, 33.0, 29.0, 59.0, 81.0, -18.0, 85.0, -64.0, 56.0, -4.0, 42.0, 64.0, -12.0, ' 112.0]']","['[39.0', ' 11.0', -30.0, -32.0, 5.0, 37.0, 21.0, -22.0, -46.0, -13.0, -69.0, 50.0, -37.0, 72.0, 6.0, 24.0, 28.0, -13.0, 39.0, 8.0, -67.0, 31.0, -68.0, 93.0, -60.0, 43.0, 63.0, 14.0, 60.0, -26.0, -1.0, -40.0, -6.0, -2.0, -28.0, 1.0, -5.0, 32.0, 57.0, 45.0, 38.0, 19.0, 40.0, 33.0, -9.0, 96.0, -66.0, -6.0, -122.0, 50.0, -12.0, -61.0, 14.0, -16.0, 45.0, 23.0, 22.0, 87.0, -29.0, 25.0, -11.0, -44.0, 30.0, -58.0, 57.0, -35.0, 35.0, 20.0, 38.0, 53.0, 18.0, 34.0, -52.0, 0.0, 36.0, -10.0, 49.0, -45.0, -20.0, -33.0, -3.0, ' 55.0]']","['[-1.0', -37.0, -24.0, 21.0, 38.0, 8.0, -32.0, -33.0, -6.0, -37.0, -13.0, -7.0, -86.0, 44.0, 3.0, 119.0, -62.0, 17.0, 52.0, -16.0, 38.0, -58.0, 0.0, -53.0, -73.0, 19.0, -46.0, 7.0, 27.0, -23.0, 62.0, -49.0, 39.0, -35.0, -12.0, -40.0, -53.0, -29.0, -55.0, 41.0, -12.0, -44.0, -2.0, -63.0, 51.0, -10.0, 54.0, 6.0, -16.0, 48.0, -17.0, 23.0, 12.0, -76.0, 47.0, -65.0, 106.0, -35.0, 36.0, 76.0, 12.0, 49.0, -19.0, -18.0, -24.0, -19.0, 8.0, -21.0, 13.0, 12.0, 41.0, 71.0, 29.0, 41.0, 31.0, 38.0, 52.0, -24.0, 94.0, -79.0, -6.0, ' -111.0]']",,,,,,
1740060601.731478,ble-pd-B43A31EF7B26,ba198668-12bc-9938-1b0d-1b33de6337f8,6274,2,-68.0,-69.0,-68.0,-67.0,-48.0,,-69.0,2.8829192842781786,-1.6234333062661492,0.4113060556028897,-1.4589303783641727,-0.6905753528263952,,0.0,0.1199834382032319,0.3552507424249523,0.1584210003415353,0.1987465189884878,0.2594522846423193,,1.5184364491352038,-3.130587339401245,7.026607036590576,1.8008368015289309,-3.54,6.84,1.96,"['[-7.0', -29.0, -13.0, 20.0, 26.0, -4.0, -28.0, -15.0, -27.0, 59.0, 2.0, -24.0, 10.0, 61.0, -69.0, -14.0, 14.0, 49.0, -14.0, -38.0, 11.0, 66.0, -51.0, 30.0, 12.0, 80.0, -31.0, 30.0, 7.0, 69.0, -38.0, 18.0, 71.0, 72.0, -1.0, 3.0, -20.0, 106.0, -5.0, -26.0, -9.0, -26.0, 82.0, -10.0, -25.0, 19.0, 76.0, -77.0, -16.0, 8.0, 64.0, -18.0, -36.0, 15.0, 66.0, -55.0, 19.0, 12.0, 90.0, -30.0, 34.0, 6.0, 73.0, -40.0, 1.0, 58.0, 65.0, 11.0, -11.0, -25.0, 93.0, -8.0, -31.0, -3.0, -23.0, 104.0, -24.0, -25.0, 28.0, 88.0, -80.0, ' -17.0]']","['[-28.0', -3.0, 26.0, 21.0, -12.0, -29.0, -5.0, 24.0, 2.0, 104.0, -49.0, -9.0, 40.0, 73.0, -40.0, -10.0, -19.0, 68.0, -17.0, 3.0, 16.0, 9.0, -24.0, -43.0, 4.0, 49.0, 0.0, 22.0, -2.0, 25.0, -15.0, -69.0, -32.0, -19.0, 50.0, -58.0, -22.0, -36.0, -11.0, -24.0, 26.0, 10.0, 88.0, -48.0, -3.0, 36.0, 58.0, -21.0, -5.0, -22.0, 54.0, -13.0, 14.0, 13.0, -9.0, -12.0, -49.0, 0.0, 27.0, 7.0, 14.0, -3.0, 10.0, -6.0, -72.0, -51.0, -37.0, 49.0, -58.0, -15.0, -61.0, -10.0, -18.0, 28.0, 15.0, 62.0, -44.0, 3.0, 30.0, 36.0, -1.0, ' -1.0]']","['[44.0', 2.0, ' -43.0', -14.0, 38.0, 25.0, -31.0, -33.0, 2.0, 86.0, 55.0, -2.0, 46.0, 3.0, 0.0, 11.0, 53.0, 37.0, 49.0, 37.0, 45.0, 26.0, 49.0, -28.0, 60.0, -1.0, 47.0, 13.0, 22.0, 47.0, -34.0, 34.0, -30.0, 18.0, 55.0, 10.0, 64.0, 15.0, -19.0, 14.0, -22.0, -6.0, 91.0, 44.0, 0.0, 49.0, -2.0, 1.0, 5.0, 48.0, 39.0, 49.0, 33.0, 54.0, 17.0, 59.0, -38.0, 68.0, 5.0, 57.0, 15.0, 36.0, 52.0, -17.0, 41.0, -14.0, 24.0, 65.0, 16.0, 91.0, 24.0, -1.0, 14.0, -11.0, -14.0, 89.0, 27.0, 3.0, 47.0, -10.0, 5.0, ' -4.0]']","['[-3.0', ' -43.0', ' -8.0', 41.0, 21.0, -36.0, -30.0, 27.0, -32.0, 29.0, -28.0, 10.0, 14.0, -25.0, 9.0, -18.0, -5.0, 9.0, 12.0, -6.0, 32.0, -24.0, 40.0, -37.0, 39.0, 23.0, 41.0, 11.0, 46.0, 24.0, 47.0, 26.0, 48.0, 21.0, 44.0, 24.0, 98.0, 33.0, 63.0, -1.0, 35.0, -33.0, 4.0, -46.0, 10.0, 2.0, -26.0, 10.0, -21.0, -20.0, -3.0, -1.0, -15.0, 17.0, -33.0, 26.0, -28.0, 21.0, 22.0, 29.0, 7.0, 39.0, 10.0, 56.0, 16.0, 56.0, 14.0, 26.0, 19.0, 73.0, 26.0, 66.0, -5.0, 40.0, -29.0, -19.0, -57.0, 9.0, -14.0, -23.0, 9.0, ' -23.0]']","['[23.0', ' 29.0', ' -7.0', -34.0, -10.0, 28.0, 25.0, -13.0, 64.0, -50.0, 49.0, 0.0, 38.0, 52.0, 6.0, 109.0, -32.0, -3.0, -26.0, 44.0, -34.0, 22.0, -44.0, -25.0, 25.0, 42.0, -1.0, -35.0, -35.0, -60.0, -21.0, -79.0, -68.0, -52.0, -39.0, -59.0, -23.0, -61.0, -40.0, -69.0, 31.0, -7.0, -9.0, -10.0, -17.0, -1.0, 0.0, 26.0, -21.0, 53.0, -29.0, 58.0, 22.0, 54.0, 43.0, 53.0, 116.0, 5.0, -7.0, 0.0, 62.0, 19.0, 99.0, 2.0, 62.0, 34.0, 48.0, 8.0, 54.0, -26.0, 9.0, -18.0, -22.0, -15.0, -58.0, 59.0, -42.0, 15.0, -37.0, -53.0, -29.0, ' -88.0]']","['[24.0', ' -16.0', ' -33.0', 0.0, 32.0, 17.0, -22.0, -28.0, -23.0, 34.0, -14.0, 19.0, -18.0, -26.0, -32.0, -28.0, -44.0, 34.0, -53.0, -45.0, -42.0, -59.0, -37.0, -117.0, -18.0, -11.0, 1.0, -50.0, -4.0, -81.0, 7.0, -26.0, -6.0, -24.0, 11.0, -31.0, 40.0, 17.0, 39.0, 60.0, 2.0, 69.0, -61.0, 50.0, -8.0, 42.0, 59.0, 19.0, 111.0, -11.0, -19.0, 0.0, 59.0, -11.0, 47.0, -23.0, 30.0, 31.0, 43.0, -1.0, -8.0, -30.0, -20.0, -22.0, -57.0, -59.0, -35.0, -40.0, -38.0, -39.0, -63.0, -53.0, -88.0, 26.0, -38.0, 21.0, -28.0, -11.0, -18.0, -25.0, 15.0, ' -71.0]']","['[29.0', ' -22.0', -46.0, -9.0, 38.0, 36.0, -12.0, -46.0, 15.0, 0.0, -49.0, 26.0, -72.0, 90.0, 4.0, 110.0, -22.0, 29.0, 77.0, -4.0, 20.0, -17.0, -50.0, 4.0, -74.0, 44.0, -18.0, 17.0, 50.0, -16.0, 57.0, -62.0, 62.0, -45.0, 0.0, -23.0, -66.0, 26.0, -12.0, 68.0, 19.0, -33.0, 36.0, -30.0, 10.0, 56.0, -7.0, 26.0, -87.0, 74.0, -16.0, -17.0, -1.0, -78.0, 60.0, -19.0, 77.0, 4.0, 6.0, 60.0, -3.0, 30.0, -5.0, -39.0, 4.0, -39.0, 36.0, -51.0, 46.0, 39.0, 44.0, 93.0, -37.0, 32.0, 10.0, -26.0, 72.0, -34.0, 33.0, -85.0, -20.0, ' -41.0]']","['[-35.0', -40.0, 6.0, 45.0, 24.0, -28.0, -44.0, -4.0, 29.0, -38.0, 52.0, -21.0, -30.0, -27.0, -29.0, 53.0, -71.0, 6.0, -11.0, 3.0, 74.0, -57.0, 42.0, -84.0, 24.0, -23.0, -58.0, -3.0, -52.0, 12.0, 21.0, 22.0, 17.0, -21.0, 54.0, -40.0, -17.0, -55.0, -94.0, 12.0, -43.0, 1.0, 12.0, -65.0, 32.0, -56.0, 94.0, 13.0, 85.0, 6.0, 24.0, 76.0, -5.0, -7.0, 5.0, -62.0, 35.0, -78.0, 50.0, 2.0, 17.0, 67.0, -18.0, 46.0, -66.0, 52.0, -33.0, -20.0, -7.0, -56.0, 42.0, 17.0, 58.0, 35.0, -33.0, 29.0, -8.0, -2.0, 72.0, -41.0, 19.0, ' -114.0]']",,,,,,
1740060602.729899,ble-pd-B43A31EF7B26,ab5acdfc-82d9-6df8-f3a6-8413d3c53c87,6275,35,-62.0,-81.0,-75.0,-69.0,-56.0,-51.0,-63.0,2.8968939557822604,-1.552755540938482,0.4560956314480603,-1.4671567498133729,-0.8772574524695436,-1.6920676501514076,0.3548909107293037,0.1862599220330015,0.384167844883737,0.1270729228278342,0.1650365754501579,0.1930092143836076,0.7779718219334169,0.9293841397700514,-3.16361927986145,7.01666784286499,1.8124189376831048,-3.54,6.84,1.96,"['[20.0', -68.0, -65.0, 23.0, 82.0, 30.0, -61.0, -73.0, 63.0, 4.0, 46.0, -27.0, 70.0, -8.0, 8.0, -27.0, 6.0, -3.0, 33.0, -91.0, 24.0, -8.0, 0.0, -67.0, 11.0, 38.0, 4.0, -115.0, 6.0, -28.0, 16.0, -42.0, -30.0, 5.0, 4.0, -63.0, -12.0, -4.0, 26.0, -15.0, -80.0, 43.0, -1.0, 51.0, -10.0, 61.0, -11.0, 21.0, -18.0, -8.0, -29.0, 36.0, -67.0, 10.0, -8.0, 6.0, -65.0, 6.0, 10.0, 2.0, -105.0, 4.0, -28.0, 17.0, -44.0, -28.0, -14.0, -5.0, -55.0, -21.0, -17.0, 24.0, -9.0, -82.0, 17.0, -6.0, 53.0, 13.0, 46.0, -14.0, 32.0, ' -5.0]']","['[-80.0', -46.0, 49.0, 79.0, 5.0, -77.0, -54.0, 42.0, 62.0, 17.0, -26.0, -67.0, 25.0, 11.0, -46.0, -30.0, 48.0, 83.0, -18.0, -76.0, 45.0, 0.0, -16.0, -4.0, 16.0, 99.0, 6.0, -18.0, 6.0, 5.0, -6.0, 16.0, -2.0, 74.0, 32.0, -23.0, 28.0, 41.0, 6.0, -20.0, 20.0, 78.0, 18.0, -12.0, -71.0, 41.0, 10.0, -41.0, -38.0, 47.0, 80.0, -6.0, -99.0, 50.0, -3.0, -15.0, -19.0, 20.0, 106.0, 7.0, -53.0, 6.0, -3.0, -1.0, 4.0, -11.0, 73.0, 31.0, -38.0, 22.0, 37.0, 14.0, -24.0, -7.0, 88.0, 17.0, 2.0, -71.0, 58.0, 6.0, -34.0, ' -38.0]']","['[11.0', 0.0, ' -11.0', -2.0, 11.0, 6.0, -9.0, -10.0, 0.0, 36.0, 45.0, 5.0, 47.0, 12.0, 20.0, 7.0, 9.0, 38.0, 8.0, 16.0, 28.0, 0.0, 52.0, -27.0, 6.0, 23.0, 14.0, 0.0, 56.0, 12.0, 38.0, 8.0, -33.0, 6.0, 51.0, -24.0, 118.0, -4.0, 16.0, -25.0, -7.0, -2.0, 34.0, 41.0, 6.0, 45.0, 9.0, 17.0, 7.0, 10.0, 34.0, 7.0, 15.0, 26.0, 1.0, 52.0, -25.0, 7.0, 25.0, 13.0, 2.0, 57.0, 12.0, 43.0, 8.0, -26.0, 8.0, 49.0, -25.0, 122.0, -4.0, 21.0, -26.0, -9.0, -1.0, 30.0, 39.0, 6.0, 42.0, 9.0, 11.0, ' 7.0]']","['[-1.0', ' -12.0', ' -1.0', 11.0, 5.0, -10.0, -7.0, 9.0, 8.0, -32.0, -20.0, -2.0, -21.0, -6.0, -41.0, 5.0, -4.0, -30.0, -10.0, -9.0, -20.0, -5.0, -10.0, 5.0, 29.0, 10.0, 3.0, 14.0, 7.0, 3.0, 51.0, 7.0, 39.0, 23.0, -15.0, -12.0, 27.0, -2.0, 66.0, -8.0, 7.0, 9.0, -36.0, -26.0, -2.0, -28.0, -6.0, -45.0, 5.0, -5.0, -35.0, -12.0, -9.0, -24.0, -3.0, -13.0, 6.0, 29.0, 6.0, 3.0, 13.0, 3.0, 2.0, 47.0, 7.0, 40.0, 22.0, -20.0, -10.0, 12.0, 0.0, 64.0, -7.0, 9.0, 11.0, -39.0, -31.0, -2.0, -32.0, -7.0, -46.0, ' 3.0]']","['[17.0', ' 3.0', ' -17.0', -11.0, 10.0, 17.0, 0.0, -18.0, -13.0, -52.0, 16.0, -10.0, 12.0, 12.0, 40.0, 77.0, 6.0, -17.0, 26.0, 0.0, 14.0, 35.0, 24.0, 73.0, -37.0, 29.0, -37.0, 44.0, -7.0, 16.0, -26.0, -9.0, 38.0, 48.0, -20.0, 37.0, -34.0, -9.0, -26.0, -48.0, 14.0, 18.0, 60.0, -9.0, 5.0, -7.0, -21.0, -16.0, -78.0, 10.0, -17.0, 0.0, -19.0, 7.0, -32.0, 11.0, -26.0, 22.0, -43.0, 56.0, -41.0, 28.0, 14.0, 37.0, 78.0, -6.0, -4.0, 14.0, 0.0, 53.0, 24.0, 31.0, 46.0, -9.0, -13.0, -41.0, -3.0, 1.0, 0.0, 21.0, -14.0, ' 38.0]']","['[0.0', ' -18.0', ' -8.0', 13.0, 16.0, -5.0, -18.0, -5.0, -10.0, -32.0, -5.0, 3.0, -2.0, 19.0, -22.0, 27.0, -21.0, 49.0, -31.0, 30.0, -30.0, 6.0, -49.0, -44.0, 10.0, 32.0, -41.0, 11.0, -36.0, -43.0, -27.0, -115.0, -39.0, -51.0, 1.0, -45.0, -42.0, -27.0, -17.0, -13.0, -7.0, 1.0, -10.0, 15.0, -9.0, 10.0, -7.0, 42.0, 29.0, 20.0, -50.0, 41.0, -22.0, 33.0, 17.0, 53.0, 82.0, -32.0, -5.0, 7.0, 20.0, 23.0, 44.0, 5.0, 82.0, 55.0, 70.0, -14.0, 59.0, 10.0, 14.0, -3.0, -21.0, 13.0, 10.0, 45.0, -18.0, 11.0, -13.0, -8.0, -44.0, ' -72.0]']","['[-43.0', ' 9.0', 49.0, 26.0, -29.0, -49.0, -6.0, 45.0, 32.0, -85.0, 64.0, -54.0, 10.0, 6.0, -39.0, 5.0, -40.0, 41.0, -7.0, -21.0, 49.0, -33.0, 6.0, 4.0, 41.0, 84.0, -17.0, 57.0, -26.0, 9.0, -7.0, 36.0, -15.0, -11.0, 57.0, 28.0, 33.0, 43.0, -54.0, 25.0, -51.0, -8.0, 67.0, -59.0, 70.0, -49.0, 15.0, 48.0, -2.0, 27.0, -66.0, 40.0, -17.0, -22.0, 16.0, -15.0, -42.0, -40.0, -64.0, 1.0, -80.0, 28.0, -30.0, 29.0, -42.0, 81.0, 19.0, -32.0, -4.0, -35.0, -24.0, 4.0, -1.0, 39.0, -17.0, -23.0, 33.0, -60.0, 68.0, -33.0, -40.0, ' -2.0]']","['[27.0', 50.0, 8.0, -43.0, -42.0, 13.0, 50.0, 25.0, -32.0, 9.0, 10.0, -42.0, 68.0, -37.0, -29.0, -3.0, 10.0, 56.0, -60.0, 64.0, -31.0, 20.0, 17.0, 60.0, 9.0, -3.0, 26.0, 55.0, -12.0, 42.0, -43.0, 21.0, -117.0, -17.0, -29.0, -33.0, 13.0, -22.0, 68.0, -33.0, 1.0, 45.0, -55.0, 28.0, 0.0, -49.0, 34.0, 2.0, 6.0, -32.0, -22.0, 46.0, -66.0, 55.0, -36.0, -11.0, -45.0, 16.0, 53.0, -32.0, -11.0, -3.0, -31.0, 31.0, 3.0, 85.0, 9.0, 55.0, 43.0, 7.0, 42.0, -88.0, 41.0, -32.0, -41.0, 84.0, -56.0, 38.0, 15.0, -19.0, 25.0, ' -8.0]']",,,,,,
1740060603.728546,ble-pd-B43A31EF7B26,7ee274d6-1ece-7ebe-a421-41fc2336ac94,6276,7,-65.0,-73.0,-66.0,-64.0,,,,3.0071014206441373,-1.460641858838712,0.4017010988154099,-1.5213149268992787,,,,0.1473396702694996,0.3390792626271777,0.1862970897749649,0.1433739570902626,,,,,,,-3.54,6.84,1.96,"['[-25.0', 25.0, 42.0, 1.0, -41.0, -28.0, 23.0, 42.0, -18.0, 72.0, -7.0, 9.0, 27.0, -6.0, -16.0, 2.0, -52.0, 17.0, -2.0, 24.0, -3.0, -56.0, -10.0, -43.0, 0.0, 1.0, -3.0, 32.0, -34.0, -33.0, -32.0, -40.0, -24.0, -69.0, 42.0, -25.0, -36.0, -72.0, -22.0, -14.0, 39.0, -16.0, 51.0, 0.0, 20.0, 29.0, -20.0, 3.0, 0.0, -51.0, 1.0, 1.0, 37.0, -2.0, -67.0, 3.0, -47.0, 4.0, -16.0, 6.0, 30.0, -31.0, -44.0, -23.0, -42.0, -34.0, -81.0, 46.0, -24.0, -28.0, -84.0, -19.0, -10.0, 35.0, -11.0, 25.0, 7.0, 32.0, 31.0, -33.0, 25.0, ' -2.0]']","['[35.0', 36.0, -13.0, -44.0, -16.0, 34.0, 38.0, -8.0, 14.0, -91.0, 36.0, 54.0, 14.0, -73.0, 99.0, -14.0, 1.0, -75.0, 22.0, 57.0, 3.0, -55.0, 59.0, -23.0, 16.0, -87.0, 50.0, -9.0, 13.0, -53.0, 39.0, -12.0, -51.0, -69.0, 20.0, 3.0, 34.0, -59.0, 11.0, 21.0, -17.0, 16.0, -103.0, 37.0, 51.0, 9.0, -71.0, 102.0, -15.0, 10.0, -78.0, 21.0, 49.0, 3.0, -41.0, 60.0, -14.0, 15.0, -85.0, 49.0, -15.0, 20.0, -44.0, 46.0, -3.0, -44.0, -56.0, 13.0, 8.0, 42.0, -42.0, 16.0, 23.0, -23.0, 19.0, -113.0, 36.0, 46.0, 2.0, -66.0, 98.0, ' -14.0]']","['[20.0', -15.0, ' -25.0', 8.0, 28.0, -1.0, -28.0, -7.0, -29.0, 54.0, 30.0, 5.0, 27.0, 6.0, -11.0, -1.0, 50.0, 21.0, 36.0, 18.0, 52.0, 1.0, 69.0, -16.0, 62.0, 27.0, 56.0, 3.0, 47.0, 27.0, -6.0, 25.0, 9.0, 15.0, 84.0, 6.0, 117.0, 26.0, 35.0, -13.0, 2.0, -38.0, 55.0, 13.0, 8.0, 26.0, 5.0, -14.0, 0.0, 37.0, 11.0, 30.0, 15.0, 47.0, -3.0, 70.0, -17.0, 64.0, 27.0, 54.0, 3.0, 49.0, 24.0, 3.0, 33.0, 24.0, 26.0, 80.0, 8.0, 122.0, 31.0, 51.0, -11.0, 10.0, -45.0, 50.0, -3.0, 12.0, 23.0, 3.0, -16.0, ' -4.0]']","['[-17.0', ' -23.0', ' 11.0', 26.0, -4.0, -28.0, -4.0, 26.0, -31.0, 8.0, -54.0, 15.0, -2.0, -3.0, -11.0, -1.0, -38.0, -32.0, -21.0, -11.0, -16.0, -15.0, 14.0, -6.0, 12.0, 6.0, -2.0, 0.0, 11.0, -4.0, 35.0, 34.0, 49.0, 32.0, -4.0, 8.0, 35.0, 21.0, 61.0, 6.0, 27.0, -23.0, -9.0, -62.0, 12.0, -9.0, -5.0, -7.0, -2.0, -51.0, -37.0, -30.0, -17.0, -28.0, -14.0, -4.0, -1.0, -7.0, -1.0, -19.0, -1.0, -2.0, -13.0, 36.0, 25.0, 43.0, 27.0, -26.0, 5.0, 0.0, 13.0, 48.0, 9.0, 24.0, -12.0, -24.0, -63.0, 9.0, -17.0, -6.0, -3.0, ' 0.0]']","['[4.0', ' -35.0', ' -23.0', 22.0, 36.0, -6.0, -39.0, -17.0, -66.0, 2.0, -42.0, 0.0, -48.0, -80.0, -8.0, -101.0, 16.0, -25.0, -4.0, -79.0, 11.0, -71.0, 35.0, -59.0, -22.0, -62.0, 21.0, -12.0, 30.0, 32.0, 25.0, 65.0, 35.0, 72.0, 35.0, 86.0, 52.0, 74.0, 51.0, 72.0, -21.0, 28.0, 36.0, 26.0, 31.0, 26.0, 39.0, -2.0, 83.0, -48.0, 24.0, -52.0, 16.0, -44.0, -18.0, -62.0, -56.0, 14.0, -9.0, 0.0, -77.0, -27.0, -120.0, 3.0, -107.0, -42.0, -87.0, -4.0, -96.0, -3.0, -41.0, 1.0, 23.0, 38.0, 40.0, -36.0, 18.0, -30.0, 23.0, 43.0, 10.0, ' 20.0]']","['[-38.0', ' -15.0', ' 30.0', 31.0, -14.0, -38.0, -5.0, 32.0, 3.0, -42.0, -7.0, -35.0, -4.0, -3.0, 7.0, -40.0, 46.0, -13.0, 60.0, 19.0, 46.0, 56.0, 52.0, 95.0, -4.0, 40.0, -10.0, 92.0, 13.0, 118.0, -18.0, 86.0, 29.0, 59.0, -14.0, 64.0, -22.0, 6.0, -26.0, -64.0, -32.0, -59.0, 23.0, -36.0, 17.0, -40.0, -70.0, -10.0, -69.0, -6.0, -17.0, -31.0, -80.0, -12.0, -89.0, 5.0, -97.0, -18.0, -75.0, 23.0, -53.0, 20.0, -23.0, 32.0, 14.0, 16.0, 33.0, 38.0, 45.0, 57.0, 64.0, 57.0, 95.0, -4.0, 52.0, 23.0, 40.0, 19.0, 43.0, 67.0, 3.0, ' 105.0]']","['[-28.0', ' 50.0', 64.0, -4.0, -67.0, -42.0, 36.0, 69.0, -44.0, -49.0, 24.0, -18.0, 94.0, -63.0, -11.0, -120.0, 42.0, -64.0, -82.0, -7.0, -49.0, 6.0, 51.0, 29.0, 56.0, -38.0, 63.0, 20.0, -26.0, -27.0, -70.0, 61.0, -56.0, 48.0, -39.0, 49.0, 81.0, -11.0, 20.0, -46.0, -17.0, 51.0, 14.0, 63.0, 14.0, -44.0, 9.0, -51.0, 60.0, -87.0, 45.0, 5.0, -8.0, 94.0, -26.0, 29.0, -87.0, 21.0, 15.0, -51.0, -54.0, -61.0, 13.0, 59.0, 1.0, 36.0, -50.0, 111.0, -60.0, 6.0, -65.0, -59.0, 5.0, -57.0, 1.0, 38.0, -78.0, 8.0, -59.0, 56.0, 54.0, ' 68.0]']","['[64.0', 49.0, -30.0, -70.0, -18.0, 56.0, 61.0, -11.0, -34.0, 4.0, -81.0, -6.0, 6.0, 18.0, 61.0, -11.0, 76.0, -19.0, 29.0, 10.0, -80.0, 25.0, -56.0, 83.0, -48.0, 0.0, 30.0, 50.0, 77.0, 0.0, -32.0, -28.0, -13.0, 34.0, -103.0, 44.0, -42.0, 76.0, 56.0, 11.0, 67.0, -24.0, -48.0, 57.0, -14.0, 85.0, -66.0, -36.0, -105.0, 5.0, -49.0, -87.0, -11.0, -10.0, -4.0, 69.0, -6.0, 72.0, -35.0, 47.0, -2.0, -57.0, -26.0, -49.0, 68.0, -47.0, 30.0, 5.0, 26.0, 92.0, -43.0, -4.0, -45.0, -43.0, 57.0, 31.0, 36.0, 18.0, -74.0, 35.0, -33.0, ' 99.0]']",,,,,,
1740060604.729592,ble-pd-B43A31EF7B26,c8f9eca0-7978-5ba8-92d7-38f5915b0526,6277,17,-65.0,-81.0,-73.0,-63.0,-58.0,-54.0,-60.0,2.851812497481617,-1.4890474013416062,0.3838089173478216,-1.5194304741119389,-0.8890528258584616,-2.1838922909675964,-0.3345428843877499,0.1452035986934175,0.3031229926436364,0.1267477758258707,0.1662342322818802,0.2373322831476375,0.584712473475971,0.9506713205409348,-3.17858362197876,7.008291721343994,1.8304555416107176,-3.54,6.84,1.96,"['[17.0', 43.0, 11.0, -36.0, -35.0, 13.0, 43.0, 16.0, 0.0, -16.0, 48.0, 21.0, 23.0, -79.0, 52.0, 26.0, -39.0, -50.0, 36.0, 25.0, 0.0, -112.0, 49.0, -38.0, -20.0, -40.0, 6.0, 30.0, -19.0, -104.0, 27.0, -26.0, -60.0, -87.0, 4.0, 37.0, -42.0, -90.0, -16.0, 19.0, 14.0, 0.0, -14.0, 46.0, 21.0, 24.0, -81.0, 51.0, 28.0, -40.0, -50.0, 36.0, 23.0, 0.0, -115.0, 52.0, -41.0, -20.0, -43.0, 6.0, 30.0, -19.0, -103.0, 29.0, -25.0, -60.0, -87.0, 2.0, 37.0, -41.0, -91.0, -16.0, 18.0, 13.0, 1.0, -13.0, 49.0, 23.0, 25.0, -80.0, 52.0, ' 25.0]']","['[39.0', -2.0, -42.0, -24.0, 26.0, 41.0, 1.0, -39.0, 16.0, -66.0, 38.0, 19.0, 19.0, -71.0, 43.0, -60.0, -5.0, -13.0, 20.0, 14.0, -2.0, -40.0, 30.0, -53.0, -3.0, -19.0, 11.0, -7.0, -25.0, -8.0, 6.0, -14.0, -17.0, -2.0, 9.0, -9.0, 11.0, 44.0, -4.0, -12.0, -41.0, 16.0, -67.0, 38.0, 20.0, 20.0, -71.0, 44.0, -61.0, -3.0, -14.0, 21.0, 13.0, -3.0, -35.0, 27.0, -53.0, -2.0, -17.0, 11.0, -7.0, -24.0, -7.0, 5.0, -14.0, -15.0, -3.0, 10.0, -9.0, 13.0, 43.0, -5.0, -11.0, -41.0, 16.0, -68.0, 36.0, 19.0, 20.0, -72.0, 45.0, ' -62.0]']","['[0.0', 13.0, ' 4.0', -12.0, -8.0, 10.0, 10.0, -5.0, 20.0, 75.0, 51.0, 20.0, 48.0, -24.0, 18.0, -43.0, -21.0, 70.0, 0.0, 17.0, 23.0, 25.0, 25.0, -3.0, 34.0, -8.0, 55.0, -3.0, 56.0, 13.0, -4.0, -31.0, -26.0, 5.0, 79.0, -18.0, 51.0, -29.0, -62.0, -36.0, -8.0, 22.0, 70.0, 44.0, 18.0, 42.0, -28.0, 10.0, -43.0, -22.0, 73.0, -2.0, 21.0, 28.0, 24.0, 34.0, -2.0, 36.0, -3.0, 58.0, -2.0, 62.0, 12.0, 8.0, -34.0, -23.0, 12.0, 87.0, -18.0, 73.0, -21.0, -51.0, -33.0, -10.0, 25.0, 62.0, 36.0, 17.0, 36.0, -29.0, 0.0, ' -42.0]']","['[13.0', ' 3.0', ' -12.0', -7.0, 11.0, 10.0, -8.0, -9.0, 14.0, -20.0, -26.0, 0.0, -21.0, -20.0, -35.0, -5.0, -5.0, 9.0, -18.0, 19.0, 24.0, -5.0, 46.0, 4.0, 19.0, 27.0, 23.0, 0.0, 41.0, 4.0, 49.0, -16.0, 20.0, 28.0, 47.0, 1.0, 116.0, 35.0, 64.0, 10.0, -9.0, 11.0, -34.0, -35.0, -4.0, -31.0, -13.0, -39.0, 3.0, -1.0, -5.0, -20.0, 14.0, 19.0, -9.0, 37.0, 5.0, 10.0, 31.0, 10.0, 0.0, 27.0, 1.0, 49.0, -12.0, 26.0, 28.0, 31.0, 2.0, 104.0, 40.0, 73.0, 18.0, -8.0, 5.0, -47.0, -45.0, -8.0, -41.0, -9.0, -38.0, ' 11.0]']","['[13.0', ' 25.0', ' -1.0', -24.0, -12.0, 16.0, 22.0, -5.0, 7.0, 28.0, 72.0, 17.0, 43.0, 68.0, 14.0, 42.0, -27.0, 52.0, -15.0, 30.0, -21.0, 9.0, -17.0, -66.0, 2.0, 44.0, -19.0, -50.0, -5.0, -51.0, 4.0, -95.0, -68.0, -56.0, -23.0, -62.0, -33.0, -80.0, -13.0, -62.0, 23.0, 19.0, -109.0, -45.0, -29.0, -37.0, -33.0, -27.0, -8.0, 41.0, -25.0, 39.0, 20.0, 25.0, 47.0, 30.0, 113.0, 6.0, -5.0, 22.0, 68.0, 8.0, 80.0, -30.0, 45.0, 39.0, 61.0, -15.0, 26.0, -16.0, 11.0, -1.0, -41.0, -23.0, -31.0, 107.0, -19.0, 18.0, 1.0, -28.0, 18.0, ' -31.0]']","['[20.0', ' -6.0', ' -23.0', -5.0, 22.0, 16.0, -11.0, -25.0, -29.0, 119.0, 1.0, 22.0, 15.0, -9.0, 21.0, -22.0, -33.0, -5.0, -36.0, -50.0, -12.0, -64.0, -23.0, -92.0, -9.0, -26.0, -13.0, -48.0, -5.0, -62.0, 34.0, 14.0, 2.0, -34.0, 37.0, 14.0, 46.0, 46.0, 11.0, 99.0, 14.0, 25.0, -55.0, 58.0, -2.0, 24.0, 60.0, -1.0, 47.0, -1.0, 47.0, 12.0, 55.0, -7.0, 44.0, 0.0, 4.0, 5.0, 51.0, -8.0, -13.0, -1.0, -2.0, -17.0, -84.0, -57.0, -25.0, -41.0, -57.0, -56.0, -91.0, -18.0, -111.0, 8.0, 3.0, -59.0, -73.0, -22.0, -46.0, -63.0, -21.0, ' -34.0]']","['[-19.0', ' 52.0', 57.0, -12.0, -64.0, -34.0, 40.0, 61.0, -59.0, 17.0, -24.0, 14.0, 22.0, 10.0, 24.0, -86.0, 23.0, -20.0, -55.0, -52.0, -84.0, 20.0, -1.0, 40.0, 1.0, -13.0, 64.0, -47.0, 20.0, -42.0, -45.0, 0.0, -23.0, 46.0, -73.0, 0.0, 92.0, -20.0, 57.0, -26.0, -21.0, 19.0, 4.0, 41.0, 25.0, -1.0, -31.0, -45.0, 25.0, -50.0, 35.0, -21.0, 52.0, 66.0, 21.0, 41.0, -27.0, 36.0, -12.0, -33.0, -4.0, -75.0, 64.0, 17.0, 46.0, -26.0, -62.0, 123.0, -43.0, 10.0, -17.0, -51.0, -10.0, -36.0, 36.0, -22.0, -26.0, -45.0, -19.0, 27.0, 31.0, ' 52.0]']","['[63.0', 40.0, -33.0, -65.0, -10.0, 56.0, 52.0, -17.0, 20.0, -20.0, -35.0, -44.0, -14.0, 32.0, 38.0, 30.0, 44.0, -29.0, 69.0, -27.0, -17.0, -39.0, -50.0, 5.0, -47.0, 27.0, -4.0, 38.0, 77.0, -49.0, 11.0, -57.0, 48.0, 42.0, -97.0, 52.0, -81.0, 36.0, 21.0, 33.0, 61.0, -59.0, 27.0, 4.0, 39.0, 26.0, -11.0, -3.0, -88.0, -8.0, 2.0, -86.0, -25.0, -56.0, 39.0, 30.0, 29.0, 30.0, -25.0, 54.0, -61.0, -27.0, -2.0, -42.0, 34.0, -48.0, 11.0, 5.0, -30.0, 123.0, -38.0, 32.0, -41.0, -53.0, 50.0, -12.0, 32.0, 0.0, -17.0, -19.0, -34.0, ' 73.0]']",,,,,,
1740060605.727557,ble-pd-B43A31EF7B26,06f8d4b7-252b-3252-097a-4483f0ec48ab,6278,32,-68.0,-80.0,-74.0,-68.0,,,,2.795213932730817,-1.4779223122039091,0.3886918232064819,-1.5555193695177658,,,,0.1341091525530132,0.3259530409568816,0.1278692412832815,0.1471859392955748,,,,,,,-3.54,6.84,1.96,"['[-17.0', 40.0, 43.0, -12.0, -52.0, -20.0, 36.0, 48.0, -77.0, 36.0, -55.0, 26.0, -80.0, 53.0, -42.0, 33.0, -21.0, 30.0, -30.0, 81.0, -32.0, 67.0, -33.0, 80.0, -19.0, -9.0, -9.0, 90.0, 2.0, 77.0, -40.0, 45.0, 39.0, 12.0, -24.0, 59.0, 21.0, 21.0, -10.0, 34.0, 51.0, -60.0, 32.0, -59.0, 13.0, -76.0, 53.0, -51.0, 20.0, -9.0, 49.0, -28.0, 69.0, -25.0, 70.0, -33.0, 80.0, -15.0, 13.0, -4.0, 86.0, 2.0, 83.0, -42.0, 47.0, 38.0, 40.0, -17.0, 50.0, 27.0, 39.0, -10.0, 30.0, 52.0, -36.0, 23.0, -60.0, -1.0, -68.0, 51.0, -57.0, ' 5.0]']","['[48.0', 31.0, -27.0, -51.0, -4.0, 47.0, 37.0, -25.0, -73.0, 16.0, 26.0, 66.0, -12.0, -5.0, 43.0, 53.0, -66.0, -81.0, 0.0, 53.0, -29.0, -15.0, 4.0, -7.0, -21.0, -99.0, -19.0, 5.0, 4.0, -40.0, 12.0, -14.0, 3.0, -120.0, -31.0, 30.0, -36.0, -86.0, 6.0, 13.0, -17.0, -90.0, 25.0, 12.0, 70.0, -28.0, 3.0, 32.0, 59.0, -70.0, -71.0, -7.0, 69.0, -34.0, -2.0, -1.0, 10.0, -25.0, -98.0, -21.0, 24.0, 3.0, -25.0, 4.0, -5.0, 13.0, -114.0, -36.0, 41.0, -31.0, -79.0, 4.0, 20.0, -3.0, -100.0, 32.0, 0.0, 71.0, -43.0, 15.0, 22.0, ' 61.0]']","['[-3.0', 14.0, ' 6.0', -13.0, -10.0, 10.0, 13.0, -6.0, -6.0, -6.0, -2.0, -7.0, -7.0, 3.0, 25.0, 2.0, 3.0, -7.0, 4.0, -3.0, -13.0, 5.0, -29.0, 12.0, -31.0, -16.0, -22.0, -12.0, -47.0, -10.0, -61.0, -8.0, -10.0, -25.0, -27.0, 20.0, -98.0, 4.0, -51.0, 28.0, -9.0, -4.0, -2.0, 2.0, -5.0, -1.0, 3.0, 30.0, 4.0, 5.0, -1.0, 9.0, -1.0, -7.0, 6.0, -24.0, 8.0, -32.0, -16.0, -20.0, -13.0, -41.0, -8.0, -60.0, -8.0, -19.0, -26.0, -23.0, 17.0, -86.0, 4.0, -55.0, 25.0, -8.0, -7.0, 2.0, 9.0, -5.0, 6.0, 5.0, 34.0, ' 5.0]']","['[14.0', ' 5.0', ' -14.0', -9.0, 11.0, 12.0, -8.0, -14.0, -12.0, 48.0, 48.0, 5.0, 61.0, 11.0, 41.0, 12.0, 16.0, 44.0, 26.0, 16.0, 34.0, 1.0, 39.0, -31.0, -7.0, 7.0, 10.0, -1.0, 31.0, 13.0, -5.0, 5.0, -48.0, -14.0, 52.0, -18.0, 63.0, -6.0, -40.0, -10.0, -11.0, -12.0, 48.0, 51.0, 5.0, 61.0, 9.0, 37.0, 11.0, 15.0, 45.0, 26.0, 16.0, 37.0, 0.0, 42.0, -33.0, -3.0, 9.0, 12.0, -1.0, 38.0, 16.0, 2.0, 5.0, -46.0, -10.0, 56.0, -21.0, 78.0, -7.0, -32.0, -14.0, -10.0, -12.0, 48.0, 50.0, 5.0, 61.0, 9.0, 35.0, ' 10.0]']","['[5.0', ' 23.0', ' 7.0', -20.0, -17.0, 9.0, 23.0, 3.0, -8.0, 76.0, 12.0, 14.0, 8.0, -21.0, 44.0, -62.0, -1.0, -41.0, 25.0, -46.0, 36.0, -42.0, 50.0, 1.0, -4.0, -66.0, 43.0, -32.0, 47.0, 21.0, 50.0, 109.0, 19.0, 22.0, 8.0, 36.0, 55.0, 30.0, 31.0, 34.0, 15.0, 16.0, -23.0, -17.0, 3.0, -11.0, 16.0, -60.0, 4.0, -9.0, 73.0, -41.0, 43.0, -44.0, 13.0, -63.0, -76.0, 26.0, 43.0, -5.0, -11.0, -28.0, -52.0, -17.0, -108.0, -52.0, -75.0, 2.0, -79.0, -23.0, -39.0, -7.0, -7.0, -23.0, -14.0, -40.0, 12.0, -19.0, 8.0, -2.0, 42.0, ' 58.0]']","['[24.0', ' 0.0', ' -22.0', -13.0, 15.0, 22.0, -3.0, -24.0, -13.0, -47.0, 12.0, -20.0, 7.0, -1.0, 41.0, 61.0, 16.0, -64.0, 34.0, -14.0, 25.0, 26.0, 40.0, 105.0, -33.0, 6.0, -38.0, 50.0, -8.0, 55.0, -30.0, 38.0, 58.0, 87.0, -11.0, 76.0, -24.0, 23.0, -23.0, -26.0, 18.0, 4.0, 86.0, -1.0, 24.0, 0.0, -14.0, 3.0, -87.0, -12.0, 17.0, -6.0, -21.0, 5.0, -49.0, 3.0, -73.0, 21.0, -51.0, 57.0, -58.0, 39.0, -25.0, 57.0, 45.0, -30.0, -52.0, 14.0, -29.0, 56.0, 2.0, 36.0, 43.0, -5.0, 7.0, -80.0, -10.0, -15.0, -7.0, 21.0, -43.0, ' 66.0]']","['[-43.0', ' 15.0', 52.0, 24.0, -37.0, -48.0, 0.0, 49.0, 27.0, -64.0, 41.0, -83.0, 25.0, -2.0, -57.0, 8.0, -42.0, 41.0, -20.0, -13.0, 46.0, -31.0, -8.0, 8.0, 30.0, 78.0, -18.0, 73.0, -21.0, 23.0, -17.0, 29.0, -52.0, -2.0, 54.0, 22.0, 28.0, 40.0, -22.0, 7.0, -50.0, -1.0, 35.0, -33.0, 81.0, -53.0, 41.0, 52.0, 5.0, 27.0, -57.0, 52.0, -30.0, -14.0, 11.0, -11.0, -32.0, -20.0, -47.0, -5.0, -75.0, 27.0, -46.0, 28.0, -23.0, 106.0, 28.0, -20.0, 9.0, -31.0, -11.0, -27.0, 22.0, 30.0, -27.0, 8.0, 8.0, -40.0, 60.0, -62.0, -24.0, ' -16.0]']","['[32.0', 50.0, 4.0, -48.0, -38.0, 20.0, 52.0, 20.0, -30.0, 22.0, 0.0, -27.0, 54.0, -61.0, -13.0, -18.0, 9.0, 40.0, -56.0, 64.0, -31.0, 18.0, 27.0, 38.0, -4.0, -26.0, 32.0, 30.0, -15.0, 46.0, -24.0, 3.0, -104.0, -40.0, -33.0, -42.0, 13.0, -33.0, 67.0, -46.0, 14.0, 41.0, -59.0, 26.0, -32.0, -29.0, 48.0, -27.0, 19.0, -33.0, -4.0, 31.0, -57.0, 55.0, -34.0, -25.0, -24.0, 22.0, 69.0, -36.0, 24.0, -3.0, -19.0, 7.0, 17.0, 48.0, 29.0, 62.0, 47.0, 7.0, 51.0, -65.0, 40.0, -46.0, -32.0, 68.0, -41.0, 78.0, -11.0, -10.0, 54.0, ' -14.0]']",,,,,,
1740060606.731327,ble-pd-B43A31EF7B26,9c50290c-6181-e4c9-a594-85923d1e2010,6279,27,-70.0,-78.0,-82.0,-72.0,-56.0,-50.0,-55.0,2.788113412632448,-1.449501722840856,0.3928527460936217,-1.464579342510394,-0.913843792348113,-2.2345101571864814,-0.4446451202328279,0.1445554518631195,0.3243231530802394,0.1245185768354199,0.1839883621364615,0.4313041147851945,0.3805626552743184,0.8752406326421984,-3.19641923904419,7.011627674102783,1.8457093238830569,-3.54,6.84,1.96,"['[-15.0', 21.0, 28.0, -2.0, -31.0, -16.0, 18.0, 29.0, -72.0, 59.0, -45.0, 43.0, -65.0, 61.0, -23.0, 42.0, -42.0, 0.0, -44.0, 64.0, -20.0, 47.0, -37.0, 61.0, -21.0, -45.0, -40.0, 51.0, 15.0, 32.0, -9.0, 17.0, 39.0, -47.0, -42.0, 27.0, -9.0, -36.0, 9.0, 17.0, 30.0, -70.0, 65.0, -50.0, 40.0, -67.0, 67.0, -32.0, 39.0, -38.0, 16.0, -45.0, 64.0, -18.0, 53.0, -41.0, 64.0, -24.0, -28.0, -39.0, 54.0, 17.0, 44.0, -15.0, 21.0, 38.0, -29.0, -41.0, 28.0, -3.0, -22.0, 9.0, 17.0, 31.0, -67.0, 69.0, -57.0, 36.0, -67.0, 73.0, -41.0, ' 31.0]']","['[28.0', 23.0, -12.0, -30.0, -7.0, 26.0, 25.0, -10.0, -21.0, -44.0, 54.0, 24.0, 22.0, -52.0, 73.0, 45.0, -27.0, -112.0, 8.0, 0.0, -9.0, -80.0, 49.0, -45.0, 15.0, -101.0, -10.0, -27.0, -20.0, -93.0, 47.0, -43.0, 2.0, -118.0, -10.0, -1.0, -43.0, -105.0, -8.0, 0.0, -8.0, -28.0, -36.0, 49.0, 29.0, 13.0, -44.0, 69.0, 50.0, -32.0, -111.0, 2.0, 6.0, -12.0, -76.0, 45.0, -40.0, 12.0, -107.0, -16.0, -23.0, -18.0, -88.0, 46.0, -42.0, 8.0, -124.0, -16.0, 1.0, -43.0, -108.0, -6.0, 0.0, -4.0, -37.0, -28.0, 43.0, 33.0, 6.0, -34.0, 65.0, ' 56.0]']","['[-17.0', -14.0, ' 14.0', 17.0, -8.0, -19.0, 4.0, 21.0, 13.0, 14.0, -12.0, 13.0, -9.0, -10.0, -34.0, -34.0, -25.0, -7.0, -29.0, -5.0, 4.0, 11.0, 21.0, 12.0, 36.0, 16.0, 48.0, 8.0, 51.0, 1.0, 54.0, 14.0, 51.0, 37.0, 21.0, 3.0, 85.0, -7.0, 61.0, -27.0, 22.0, 14.0, 4.0, -22.0, 12.0, -20.0, -15.0, -37.0, -37.0, -28.0, -14.0, -35.0, -9.0, -3.0, 11.0, 12.0, 19.0, 31.0, 12.0, 41.0, 3.0, 45.0, -2.0, 54.0, 11.0, 56.0, 38.0, 9.0, 8.0, 72.0, -4.0, 70.0, -22.0, 19.0, 15.0, -5.0, -34.0, 9.0, -28.0, -19.0, -38.0, ' -37.0]']","['[-9.0', ' 15.0', ' 15.0', -11.0, -18.0, 6.0, 20.0, 0.0, 7.0, -56.0, -58.0, -8.0, -54.0, -29.0, -16.0, -15.0, -7.0, -42.0, -35.0, -10.0, -53.0, 10.0, -43.0, 32.0, -30.0, -9.0, -24.0, -14.0, -33.0, -17.0, -1.0, -16.0, 32.0, 1.0, -62.0, 20.0, -84.0, 13.0, 46.0, 41.0, -3.0, 5.0, -56.0, -56.0, -10.0, -53.0, -26.0, -9.0, -9.0, -4.0, -42.0, -29.0, -9.0, -54.0, 7.0, -47.0, 29.0, -35.0, -12.0, -33.0, -14.0, -42.0, -17.0, -12.0, -18.0, 22.0, -4.0, -67.0, 19.0, -95.0, 12.0, 35.0, 45.0, -8.0, 3.0, -58.0, -49.0, -12.0, -47.0, -23.0, -3.0, ' 0.0]']","['[-7.0', ' -5.0', ' 4.0', 8.0, 0.0, -7.0, -4.0, 5.0, 0.0, -94.0, -8.0, 0.0, -13.0, 32.0, -36.0, 74.0, 8.0, 76.0, 2.0, 51.0, -1.0, 73.0, -36.0, 16.0, -2.0, 74.0, -12.0, 76.0, -14.0, 0.0, -36.0, -71.0, -12.0, -31.0, -29.0, -68.0, -31.0, -79.0, -34.0, -102.0, -9.0, 10.0, 18.0, 2.0, -28.0, -8.0, -53.0, 31.0, -5.0, 16.0, -104.0, 23.0, -51.0, 7.0, -20.0, 37.0, 71.0, -10.0, -20.0, 9.0, 1.0, 6.0, 57.0, 4.0, 119.0, 58.0, 90.0, 31.0, 118.0, 27.0, 104.0, 0.0, 78.0, 6.0, -13.0, 71.0, 3.0, 39.0, 26.0, 39.0, -6.0, ' -64.0]']","['[-4.0', ' 5.0', ' 7.0', -2.0, -8.0, -2.0, 6.0, 7.0, -13.0, 56.0, 3.0, 38.0, 25.0, 41.0, -10.0, -57.0, -30.0, 70.0, -34.0, 24.0, -7.0, -40.0, -18.0, -108.0, 17.0, -41.0, 0.0, -65.0, 5.0, -79.0, 25.0, -94.0, -68.0, -94.0, -14.0, -99.0, -7.0, -68.0, 31.0, -10.0, 0.0, 9.0, -109.0, -7.0, -25.0, -28.0, -4.0, -19.0, 95.0, 27.0, 9.0, 25.0, 23.0, 4.0, 81.0, -16.0, 84.0, -15.0, 83.0, -8.0, 99.0, -14.0, 53.0, -45.0, 8.0, 38.0, 42.0, -12.0, 14.0, -17.0, -11.0, -46.0, -67.0, -9.0, 1.0, 86.0, 7.0, -6.0, 11.0, -35.0, 37.0, ' -68.0]']","['[-37.0', ' 0.0', 38.0, 25.0, -19.0, -41.0, -9.0, 32.0, -91.0, 99.0, 0.0, 103.0, 74.0, -12.0, 0.0, -118.0, 30.0, 11.0, -90.0, 8.0, -63.0, 83.0, 61.0, 11.0, 43.0, -62.0, 69.0, -92.0, -32.0, -4.0, -36.0, 3.0, -10.0, 5.0, 18.0, -66.0, 104.0, -50.0, 79.0, -59.0, -35.0, 106.0, -94.0, 79.0, -90.0, -14.0, -65.0, -59.0, 106.0, -59.0, 44.0, 46.0, 69.0, 96.0, -54.0, -14.0, 0.0, -23.0, 48.0, -80.0, 91.0, -40.0, 52.0, 16.0, 23.0, -71.0, -66.0, 57.0, 14.0, -78.0, 6.0, -64.0, -5.0, 19.0, -57.0, 34.0, -110.0, 23.0, -53.0, 105.0, 87.0, ' -31.0]']","['[16.0', 39.0, 13.0, -31.0, -36.0, 4.0, 39.0, 19.0, -56.0, 33.0, -109.0, 23.0, -53.0, 105.0, 86.0, -32.0, 57.0, -73.0, 21.0, -105.0, -70.0, -5.0, -41.0, -12.0, -9.0, -6.0, 46.0, -36.0, 84.0, -70.0, 12.0, -34.0, 105.0, 87.0, -99.0, 44.0, 6.0, 41.0, 11.0, 65.0, 11.0, -22.0, 45.0, 75.0, 55.0, 90.0, -84.0, -63.0, -62.0, -18.0, 60.0, -81.0, 78.0, 6.0, 62.0, 72.0, 18.0, 36.0, -38.0, 16.0, -41.0, -81.0, 47.0, -34.0, 26.0, -79.0, -60.0, 83.0, -77.0, 68.0, -63.0, 49.0, -88.0, -33.0, 91.0, -100.0, 5.0, -102.0, -75.0, 15.0, 3.0, ' 118.0]']",,,,,,
1740060607.730333,ble-pd-B43A31EF7B26,74958a81-93e4-2095-365c-f7b1b6ff4c08,6280,2,-67.0,-69.0,-68.0,-71.0,,,,2.851147772473533,-1.4394087417836194,0.3927028101242503,-1.4088010313753387,,,,0.2335089105001035,0.3000724081939779,0.116401295122372,0.1368468405417227,,,,,,,-3.54,6.84,1.96,"['[-5.0', 29.0, 24.0, -12.0, -32.0, -8.0, 28.0, 26.0, 26.0, -10.0, -13.0, 25.0, 13.0, -25.0, 49.0, 5.0, -16.0, -25.0, 9.0, 38.0, -1.0, -54.0, 29.0, -44.0, -7.0, -57.0, 24.0, -8.0, -3.0, -51.0, 25.0, -47.0, -73.0, -84.0, 28.0, -18.0, 9.0, -107.0, 3.0, 12.0, 22.0, 27.0, -42.0, -2.0, 29.0, 6.0, -42.0, 63.0, 10.0, -11.0, -43.0, 14.0, 42.0, -4.0, -60.0, 41.0, -34.0, -8.0, -72.0, 30.0, -13.0, -2.0, -61.0, 33.0, -33.0, -71.0, -83.0, 19.0, -6.0, 16.0, -104.0, 6.0, 20.0, 14.0, 29.0, -67.0, 9.0, 33.0, -5.0, -57.0, 75.0, ' 15.0]']","['[32.0', 15.0, -22.0, -29.0, 3.0, 31.0, 18.0, -18.0, 13.0, -125.0, 44.0, 21.0, -35.0, -79.0, 66.0, 23.0, 15.0, -78.0, 24.0, 17.0, -12.0, -26.0, 50.0, 35.0, -9.0, -70.0, 21.0, -23.0, 6.0, -44.0, 42.0, 54.0, 3.0, -9.0, -29.0, 48.0, 30.0, -1.0, 15.0, 35.0, -23.0, 7.0, -116.0, 45.0, 15.0, -38.0, -72.0, 53.0, 19.0, 18.0, -69.0, 21.0, 6.0, -11.0, -12.0, 40.0, 44.0, -7.0, -56.0, 14.0, -21.0, 7.0, -30.0, 35.0, 64.0, 19.0, 9.0, -35.0, 50.0, 27.0, 25.0, 13.0, 31.0, -29.0, 0.0, -106.0, 45.0, 6.0, -38.0, -62.0, 39.0, ' 16.0]']","['[47.0', 16.0, ' -42.0', -25.0, 34.0, 36.0, -22.0, -45.0, 22.0, 80.0, 78.0, 0.0, 47.0, 6.0, 3.0, 19.0, 62.0, 47.0, 47.0, 42.0, 34.0, 42.0, 31.0, -5.0, 51.0, 0.0, 37.0, 12.0, 5.0, 40.0, -42.0, 21.0, -40.0, 14.0, 42.0, 5.0, 38.0, 11.0, -40.0, 21.0, -33.0, 10.0, 91.0, 72.0, 3.0, 54.0, 1.0, 5.0, 12.0, 60.0, 49.0, 53.0, 41.0, 46.0, 35.0, 48.0, -14.0, 67.0, 5.0, 54.0, 13.0, 16.0, 49.0, -31.0, 30.0, -27.0, 22.0, 59.0, 12.0, 70.0, 21.0, -21.0, 22.0, -24.0, -2.0, 99.0, 59.0, 7.0, 58.0, -5.0, 7.0, ' 1.0]']","['[6.0', ' -44.0', ' -20.0', 41.0, 32.0, -31.0, -41.0, 16.0, -38.0, 54.0, -10.0, 15.0, 34.0, -21.0, 12.0, -21.0, 7.0, 15.0, 27.0, 8.0, 45.0, -18.0, 56.0, -43.0, 62.0, 23.0, 59.0, 10.0, 55.0, 36.0, 39.0, 38.0, 52.0, 33.0, 73.0, 30.0, 113.0, 40.0, 60.0, 5.0, 28.0, -44.0, 32.0, -33.0, 16.0, 18.0, -22.0, 11.0, -26.0, -6.0, 4.0, 16.0, -4.0, 33.0, -28.0, 43.0, -41.0, 47.0, 24.0, 48.0, 7.0, 51.0, 25.0, 50.0, 30.0, 58.0, 26.0, 56.0, 27.0, 98.0, 35.0, 68.0, 0.0, 36.0, -44.0, 5.0, -51.0, 14.0, 2.0, -20.0, 11.0, ' -32.0]']","['[-36.0', ' -3.0', ' 35.0', 22.0, -22.0, -34.0, 5.0, 35.0, -15.0, -10.0, -21.0, -19.0, -3.0, -4.0, 25.0, -29.0, 50.0, -21.0, 58.0, 16.0, 53.0, 37.0, 60.0, 109.0, 6.0, -16.0, 5.0, 62.0, 20.0, 100.0, 0.0, 63.0, 38.0, 51.0, 13.0, 61.0, -23.0, 21.0, -12.0, -6.0, -24.0, -57.0, 61.0, -42.0, 21.0, -42.0, -56.0, -37.0, -82.0, -15.0, 26.0, -34.0, -66.0, -12.0, -63.0, -5.0, -80.0, -39.0, -23.0, -2.0, -22.0, 11.0, -40.0, 21.0, 6.0, 33.0, -3.0, 29.0, -2.0, 46.0, 45.0, 62.0, 89.0, -14.0, 64.0, -44.0, 59.0, 0.0, 40.0, 54.0, 10.0, ' 99.0]']","['[7.0', ' 37.0', ' 13.0', -30.0, -30.0, 14.0, 37.0, 6.0, 69.0, -61.0, 57.0, -15.0, 48.0, 65.0, 30.0, 103.0, -5.0, -18.0, 8.0, 65.0, -13.0, 51.0, -24.0, 33.0, 40.0, 35.0, 0.0, -6.0, -25.0, -7.0, -23.0, -45.0, -57.0, -22.0, -37.0, -29.0, -39.0, -60.0, -62.0, -96.0, 25.0, -42.0, 16.0, -46.0, -9.0, -25.0, -31.0, 10.0, -71.0, 47.0, -10.0, 48.0, -12.0, 54.0, 13.0, 63.0, 82.0, -12.0, -32.0, 4.0, 58.0, 31.0, 92.0, 11.0, 77.0, 59.0, 54.0, 26.0, 67.0, -2.0, 45.0, 16.0, 36.0, -33.0, -28.0, 43.0, -19.0, 24.0, -27.0, -36.0, -39.0, ' -35.0]']","['[13.0', ' 32.0', 9.0, -26.0, -27.0, 6.0, 31.0, 17.0, -32.0, 37.0, -16.0, 43.0, 65.0, -4.0, 7.0, -93.0, 69.0, -19.0, -28.0, 6.0, -63.0, 64.0, -18.0, 84.0, 22.0, 7.0, 52.0, -11.0, 8.0, 1.0, -43.0, 2.0, -40.0, 33.0, -23.0, 34.0, 47.0, 53.0, 98.0, -34.0, 21.0, 34.0, 0.0, 81.0, -51.0, 24.0, -99.0, -4.0, -35.0, -31.0, -5.0, -45.0, 9.0, 53.0, -25.0, 69.0, -69.0, 58.0, -54.0, -48.0, -14.0, -62.0, 22.0, -20.0, 57.0, -30.0, 14.0, 18.0, 0.0, 13.0, -48.0, -68.0, -57.0, -32.0, 6.0, -36.0, -41.0, -9.0, -84.0, 79.0, -4.0, ' 121.0]']","['[28.0', -2.0, -30.0, -20.0, 17.0, 30.0, 4.0, -28.0, -24.0, -15.0, -80.0, 38.0, -54.0, 108.0, 0.0, 75.0, 10.0, 14.0, 59.0, -12.0, -31.0, 3.0, -67.0, 42.0, -71.0, 54.0, 30.0, 17.0, 63.0, -24.0, 39.0, -63.0, 46.0, -28.0, -10.0, -15.0, -31.0, 32.0, 34.0, 74.0, 27.0, -20.0, 39.0, 16.0, 28.0, 80.0, -43.0, 6.0, -116.0, 60.0, -22.0, -48.0, 11.0, -48.0, 60.0, 7.0, 64.0, 48.0, -13.0, 36.0, -15.0, -16.0, 8.0, -54.0, 25.0, -55.0, 43.0, -18.0, 37.0, 54.0, 37.0, 80.0, -59.0, 9.0, 39.0, -16.0, 71.0, -58.0, -7.0, -75.0, -4.0, ' 14.0]']",,,,,,
1740060608.72851,ble-pd-B43A31EF7B26,ac52b311-dc9a-6365-3f67-975eb5e18c5a,6281,28,-69.0,-79.0,-83.0,-83.0,,-50.0,,2.880424434968993,-1.4908144087248738,0.390745653039151,-1.38635084970208,,-2.189263079668957,,0.2470685117035396,0.380839958785574,0.1072556587215252,0.1751410081000821,,0.3475821416366512,,,,,-3.54,6.84,1.96,"['[32.0', 27.0, -16.0, -34.0, -5.0, 30.0, 26.0, -13.0, -21.0, -39.0, 43.0, 36.0, 16.0, -45.0, 66.0, 45.0, -28.0, -105.0, 3.0, 11.0, -10.0, -71.0, 36.0, -32.0, 13.0, -105.0, -12.0, -26.0, -10.0, -91.0, 47.0, -51.0, 2.0, -120.0, -29.0, -4.0, -45.0, -117.0, -2.0, 2.0, -7.0, -32.0, -21.0, 33.0, 44.0, 6.0, -33.0, 62.0, 51.0, -34.0, -100.0, -4.0, 23.0, -13.0, -58.0, 27.0, -19.0, 5.0, -104.0, -21.0, -13.0, -2.0, -78.0, 39.0, -42.0, 10.0, -126.0, -37.0, 0.0, -43.0, -113.0, -5.0, 3.0, 0.0, -52.0, -10.0, 23.0, 49.0, -6.0, -19.0, 55.0, ' 53.0]']","['[15.0', -23.0, -32.0, 4.0, 35.0, 17.0, -24.0, -32.0, 77.0, -67.0, 47.0, -41.0, 66.0, -59.0, 25.0, -30.0, 44.0, -14.0, 44.0, -72.0, 23.0, -57.0, 45.0, -70.0, 28.0, 30.0, 29.0, -63.0, -19.0, -52.0, 28.0, -32.0, -22.0, 34.0, 28.0, -27.0, 2.0, 13.0, -12.0, -11.0, -36.0, 74.0, -69.0, 55.0, -34.0, 68.0, -66.0, 38.0, -21.0, 40.0, -36.0, 42.0, -67.0, 23.0, -69.0, 50.0, -75.0, 31.0, 8.0, 24.0, -67.0, -18.0, -66.0, 36.0, -36.0, -19.0, 14.0, 21.0, -30.0, -8.0, -7.0, -14.0, -12.0, -36.0, 66.0, -73.0, 59.0, -28.0, 65.0, -72.0, 49.0, ' -9.0]']","['[-14.0', 10.0, ' 13.0', -4.0, -16.0, 1.0, 16.0, 3.0, 9.0, -53.0, -54.0, -4.0, -61.0, -18.0, -31.0, -19.0, -21.0, -50.0, -30.0, -8.0, -40.0, 8.0, -38.0, 27.0, -15.0, -9.0, -9.0, -9.0, -28.0, -21.0, 2.0, -6.0, 52.0, 12.0, -60.0, 19.0, -73.0, 5.0, 41.0, 25.0, 3.0, 8.0, -56.0, -57.0, -4.0, -56.0, -16.0, -28.0, -24.0, -10.0, -50.0, -29.0, -9.0, -42.0, 4.0, -45.0, 28.0, -17.0, -14.0, -12.0, -11.0, -28.0, -21.0, -7.0, -6.0, 41.0, 10.0, -61.0, 21.0, -81.0, 4.0, 43.0, 26.0, 2.0, 3.0, -55.0, -52.0, -8.0, -53.0, -17.0, -23.0, ' -11.0]']","['[8.0', ' 7.0', ' -1.0', -16.0, -3.0, 17.0, 7.0, -15.0, -8.0, -6.0, 5.0, -14.0, 7.0, 1.0, 33.0, 22.0, 17.0, -3.0, 11.0, 5.0, -10.0, 1.0, -32.0, -7.0, -36.0, -24.0, -29.0, -12.0, -44.0, -5.0, -55.0, -15.0, -29.0, -33.0, -24.0, 3.0, -92.0, 0.0, -52.0, 29.0, -18.0, -4.0, -2.0, 11.0, -15.0, 13.0, 7.0, 36.0, 23.0, 17.0, 1.0, 16.0, 7.0, -14.0, 2.0, -33.0, -10.0, -39.0, -21.0, -38.0, -8.0, -37.0, -2.0, -55.0, -17.0, -38.0, -36.0, -12.0, 2.0, -73.0, 0.0, -61.0, 26.0, -18.0, -10.0, 3.0, 16.0, -18.0, 22.0, 9.0, 41.0, ' 33.0]']","['[0.0', ' 8.0', ' 4.0', -6.0, -8.0, 1.0, 7.0, 4.0, -8.0, 111.0, 3.0, 22.0, 23.0, 6.0, 13.0, -98.0, -23.0, -15.0, -24.0, -24.0, 3.0, -83.0, 19.0, -75.0, 13.0, -86.0, 9.0, -98.0, 9.0, -50.0, 45.0, -6.0, -30.0, -37.0, 20.0, -19.0, 23.0, 13.0, 48.0, 56.0, 3.0, -4.0, -88.0, -2.0, 8.0, -14.0, 31.0, -33.0, 64.0, 3.0, 80.0, 1.0, 48.0, -7.0, 72.0, -42.0, 9.0, 0.0, 72.0, -16.0, 70.0, -11.0, -7.0, -34.0, -83.0, -25.0, -40.0, -34.0, -69.0, -35.0, -78.0, -28.0, -90.0, -8.0, 15.0, 15.0, 4.0, -32.0, -5.0, -50.0, 32.0, ' 4.0]']","['[8.0', ' 2.0', ' -7.0', -5.0, 3.0, 8.0, 0.0, -8.0, 15.0, 13.0, 3.0, -33.0, -6.0, -50.0, 33.0, 11.0, 17.0, -105.0, 22.0, -47.0, 5.0, -19.0, 41.0, 69.0, -14.0, -12.0, 15.0, 0.0, 6.0, 61.0, 1.0, 122.0, 73.0, 99.0, 28.0, 117.0, 25.0, 107.0, -12.0, 73.0, 7.0, -16.0, 68.0, -1.0, 40.0, 19.0, 40.0, -15.0, -75.0, -29.0, 69.0, -34.0, 19.0, 0.0, -44.0, -16.0, -102.0, 19.0, -47.0, -4.0, -69.0, 1.0, -79.0, 29.0, -91.0, -76.0, -98.0, -6.0, -97.0, -1.0, -67.0, 41.0, -13.0, -2.0, 7.0, -111.0, -1.0, -25.0, -22.0, -8.0, -14.0, ' 99.0]']","['[0.0', ' -10.0', -7.0, 5.0, 11.0, 2.0, -9.0, -11.0, 15.0, -11.0, -63.0, -7.0, -67.0, 89.0, 38.0, 15.0, 23.0, -42.0, 60.0, -91.0, 5.0, -14.0, -53.0, -37.0, -8.0, 40.0, -5.0, -24.0, 63.0, -35.0, 40.0, -16.0, 102.0, 69.0, -42.0, 39.0, -40.0, 55.0, -65.0, 76.0, 3.0, -64.0, 65.0, 16.0, 73.0, 62.0, -60.0, -3.0, -65.0, 12.0, 12.0, -64.0, 67.0, -54.0, 43.0, 53.0, 25.0, 11.0, -70.0, 46.0, -37.0, -36.0, 14.0, -36.0, 0.0, -43.0, -31.0, 16.0, -57.0, 49.0, -47.0, 105.0, -59.0, 5.0, 80.0, -91.0, 43.0, -102.0, -26.0, 0.0, -34.0, ' 82.0]']","['[-10.0', -3.0, 9.0, 10.0, -1.0, -11.0, -6.0, 7.0, 77.0, -89.0, 54.0, -101.0, -16.0, -13.0, -42.0, 81.0, -47.0, 32.0, 27.0, 6.0, 77.0, -46.0, -17.0, 7.0, -4.0, 62.0, -64.0, 84.0, -28.0, 18.0, 8.0, 14.0, -55.0, -33.0, 23.0, 39.0, -31.0, 11.0, -87.0, 7.0, -16.0, -48.0, 61.0, -85.0, 73.0, -31.0, 65.0, 56.0, -50.0, 51.0, -52.0, 21.0, -63.0, -52.0, 25.0, -22.0, -30.0, -2.0, -16.0, 45.0, -78.0, 62.0, -37.0, 19.0, -19.0, 109.0, 71.0, -44.0, -1.0, -2.0, 26.0, 25.0, 43.0, 17.0, -7.0, -1.0, 72.0, -10.0, 66.0, -90.0, -43.0, ' -1.0]']",,,,,,
1740060609.72946,ble-pd-B43A31EF7B26,0851af94-4937-65ee-08e5-0ad28a7b1a5c,6282,18,-63.0,-72.0,-80.0,-60.0,-62.0,-55.0,-56.0,2.881403412985706,-1.4422865536575589,0.3650978138450338,-1.4343596546729382,-0.8904237400968409,-2.30294475607188,-0.7172465657338656,0.2564498628279936,0.3122117955223452,0.1440075397583493,0.204734636699531,0.2977056465984365,0.3151669586522754,0.8407357952543123,-3.216850519180298,7.028114318847656,1.854355335235596,-3.54,6.84,1.96,"['[57.0', 21.0, -43.0, -49.0, 10.0, 56.0, 25.0, -37.0, 47.0, -71.0, 23.0, 30.0, -11.0, -14.0, 31.0, -35.0, 37.0, -35.0, 32.0, 27.0, -45.0, 31.0, 46.0, -15.0, -19.0, -5.0, 38.0, -10.0, -42.0, 54.0, 5.0, 33.0, -39.0, 61.0, 57.0, -25.0, 1.0, 97.0, 3.0, 31.0, -39.0, 48.0, -69.0, 22.0, 29.0, -12.0, -12.0, 27.0, -38.0, 37.0, -33.0, 33.0, 27.0, -46.0, 36.0, 42.0, -12.0, -21.0, -2.0, 39.0, -11.0, -40.0, 56.0, 4.0, 33.0, -39.0, 63.0, 56.0, -25.0, 2.0, 98.0, 2.0, 32.0, -40.0, 49.0, -68.0, 22.0, 28.0, -12.0, -9.0, 26.0, ' -40.0]']","['[1.0', -52.0, -37.0, 28.0, 56.0, 9.0, -51.0, -41.0, 24.0, 29.0, -30.0, -25.0, -25.0, 108.0, -117.0, -36.0, 0.0, 60.0, 6.0, -29.0, -24.0, 123.0, -94.0, 39.0, -7.0, 89.0, -2.0, -30.0, 30.0, 99.0, -69.0, 40.0, 30.0, 99.0, -17.0, -24.0, 55.0, 63.0, -6.0, 1.0, -39.0, 22.0, 31.0, -31.0, -24.0, -25.0, 109.0, -119.0, -35.0, -3.0, 61.0, 5.0, -29.0, -23.0, 123.0, -97.0, 39.0, -5.0, 90.0, -4.0, -30.0, 32.0, 99.0, -69.0, 40.0, 30.0, 98.0, -18.0, -24.0, 54.0, 61.0, -5.0, 0.0, -37.0, 21.0, 32.0, -31.0, -26.0, -25.0, 111.0, -118.0, ' -35.0]']","['[31.0', 23.0, ' -23.0', -29.0, 14.0, 33.0, -6.0, -34.0, -13.0, -55.0, -52.0, 8.0, -53.0, -15.0, -45.0, -4.0, 22.0, -18.0, -12.0, 19.0, -19.0, -1.0, -10.0, 11.0, -21.0, 42.0, -45.0, 19.0, -35.0, 10.0, 19.0, 3.0, 38.0, 49.0, -58.0, 16.0, -14.0, 18.0, 69.0, 10.0, -35.0, -16.0, -68.0, -51.0, 0.0, -53.0, -11.0, -35.0, 3.0, 23.0, -30.0, -3.0, 18.0, -23.0, -4.0, -17.0, 14.0, -25.0, 33.0, -54.0, 21.0, -50.0, 9.0, 10.0, 5.0, 37.0, 46.0, -72.0, 21.0, -38.0, 17.0, 58.0, 12.0, -33.0, -16.0, -81.0, -47.0, -9.0, -48.0, -6.0, -29.0, ' 9.0]']","['[19.0', ' -26.0', ' -25.0', 20.0, 31.0, -10.0, -34.0, 0.0, -13.0, -75.0, 3.0, -37.0, 5.0, 12.0, 22.0, 34.0, 8.0, -57.0, 32.0, -8.0, -16.0, -17.0, -41.0, 8.0, -22.0, -29.0, -43.0, 6.0, -74.0, -4.0, -43.0, 2.0, 0.0, -19.0, -65.0, 26.0, -126.0, 8.0, -43.0, 14.0, 6.0, -6.0, -63.0, 15.0, -39.0, 17.0, 16.0, 30.0, 33.0, 3.0, -53.0, 35.0, -13.0, -11.0, -17.0, -38.0, 5.0, -16.0, -39.0, -30.0, 1.0, -63.0, -6.0, -44.0, 3.0, -8.0, -31.0, -50.0, 22.0, -120.0, 5.0, -56.0, 11.0, 14.0, -3.0, -47.0, 27.0, -38.0, 30.0, 17.0, 39.0, ' 31.0]']","['[-4.0', ' -8.0', ' 0.0', 8.0, 4.0, -6.0, -8.0, 1.0, -5.0, -11.0, -10.0, -3.0, -2.0, -39.0, 48.0, -69.0, 15.0, -35.0, 24.0, -23.0, -1.0, 6.0, 25.0, 46.0, 1.0, -31.0, 6.0, 25.0, 6.0, 83.0, -35.0, 110.0, -17.0, 53.0, -2.0, 54.0, 5.0, 38.0, 23.0, 20.0, -8.0, -20.0, 49.0, 9.0, 12.0, 14.0, -17.0, -30.0, -12.0, -9.0, 17.0, -29.0, -15.0, -3.0, -63.0, 2.0, -118.0, 3.0, -9.0, 16.0, -35.0, 2.0, -68.0, 28.0, -58.0, 5.0, -51.0, -1.0, -27.0, -15.0, 9.0, -29.0, 53.0, 9.0, 30.0, -49.0, -2.0, -11.0, -12.0, 60.0, -12.0, ' 85.0]']","['[-7.0', ' 2.0', ' 8.0', 2.0, -7.0, -7.0, 4.0, 8.0, 29.0, -54.0, -4.0, -12.0, -14.0, 49.0, 5.0, 65.0, 0.0, 4.0, 17.0, 38.0, 4.0, 73.0, -21.0, 113.0, -5.0, 32.0, -24.0, 24.0, -8.0, 23.0, -9.0, -5.0, 5.0, 24.0, 2.0, -5.0, 14.0, -38.0, 19.0, -79.0, -6.0, -23.0, 25.0, -5.0, 5.0, 4.0, -61.0, 35.0, -95.0, 11.0, -31.0, 10.0, -42.0, -3.0, -38.0, 33.0, -30.0, 4.0, -44.0, 19.0, 4.0, 9.0, 53.0, -23.0, 94.0, -18.0, 28.0, -3.0, 47.0, -4.0, 53.0, 7.0, 64.0, -3.0, -2.0, 26.0, 11.0, 6.0, 7.0, 20.0, -45.0, ' 47.0]']","['[63.0', ' 57.0', -23.0, -73.0, -29.0, 51.0, 66.0, -2.0, -41.0, 46.0, -70.0, 21.0, -25.0, 12.0, 45.0, -18.0, 56.0, -19.0, 14.0, -7.0, -100.0, -2.0, -35.0, 17.0, -42.0, -43.0, 80.0, -21.0, 88.0, -26.0, -13.0, -46.0, 28.0, 16.0, -101.0, -24.0, 15.0, 17.0, 99.0, 13.0, 63.0, -28.0, -10.0, 49.0, -10.0, 60.0, -31.0, -27.0, -38.0, -35.0, 32.0, -94.0, 13.0, 7.0, 23.0, 71.0, 23.0, 67.0, 4.0, 8.0, 21.0, -110.0, 18.0, -32.0, 38.0, -81.0, -36.0, 90.0, 1.0, 87.0, -32.0, 1.0, -56.0, -67.0, 75.0, -35.0, 11.0, -9.0, -45.0, 22.0, -14.0, ' 62.0]']","['[35.0', -44.0, -69.0, -3.0, 66.0, 52.0, -29.0, -72.0, 63.0, -19.0, -10.0, -3.0, -55.0, 28.0, 1.0, 61.0, 2.0, -25.0, 103.0, -12.0, 63.0, -27.0, -61.0, -40.0, -52.0, 23.0, -66.0, -10.0, 73.0, -5.0, 46.0, -12.0, 79.0, 33.0, -37.0, 15.0, -119.0, 28.0, -75.0, 59.0, 37.0, -71.0, 50.0, -52.0, 18.0, 11.0, -6.0, 37.0, -50.0, 45.0, -1.0, -44.0, 1.0, -118.0, 14.0, 7.0, 37.0, -4.0, -48.0, 103.0, -11.0, 29.0, -19.0, -37.0, -30.0, -23.0, -6.0, -58.0, -30.0, 84.0, -1.0, 124.0, -23.0, 29.0, 16.0, -37.0, 71.0, -19.0, 42.0, -21.0, -43.0, ' 1.0]']",,,,,,
1740060610.727241,ble-pd-B43A31EF7B26,be69f568-4f3b-3041-6f7b-93ca755cfe67,6283,21,-68.0,-72.0,-70.0,-59.0,,-53.0,,2.8697952264262687,-1.4334166293309412,0.3461209268654563,-1.4611137709838735,,-2.3770414151922665,,0.2381635501638303,0.2204285784243407,0.195469798872768,0.2208543013693467,,0.3246256927238578,,-3.239128828048706,7.030818939208984,1.8492722511291504,-3.54,6.84,1.96,"['[-33.0', -5.0, 29.0, 24.0, -13.0, -33.0, -8.0, 28.0, -1.0, 53.0, -30.0, -17.0, -50.0, 81.0, -76.0, -5.0, -7.0, 22.0, -14.0, -10.0, -14.0, 47.0, -87.0, 50.0, 6.0, 1.0, -18.0, 6.0, 24.0, 13.0, -59.0, 25.0, 26.0, 1.0, -50.0, 6.0, 15.0, -32.0, -26.0, 8.0, 27.0, 2.0, 53.0, -33.0, -18.0, -52.0, 82.0, -79.0, -8.0, -6.0, 24.0, -14.0, -10.0, -15.0, 51.0, -88.0, 49.0, 6.0, 6.0, -17.0, 5.0, 24.0, 17.0, -60.0, 26.0, 27.0, 3.0, -49.0, 4.0, 16.0, -27.0, -28.0, 9.0, 27.0, 2.0, 55.0, -35.0, -18.0, -53.0, 88.0, -79.0, ' -13.0]']","['[6.0', 33.0, 17.0, -22.0, -31.0, 3.0, 33.0, 19.0, -35.0, -29.0, 49.0, 12.0, 26.0, -68.0, 31.0, 71.0, -32.0, -65.0, 11.0, 19.0, 37.0, -112.0, 28.0, 6.0, 0.0, -63.0, -9.0, 20.0, 9.0, -106.0, 39.0, -37.0, -1.0, -82.0, -14.0, 30.0, -28.0, -102.0, 22.0, -16.0, 21.0, -37.0, -28.0, 46.0, 11.0, 25.0, -68.0, 27.0, 71.0, -32.0, -65.0, 10.0, 18.0, 37.0, -112.0, 24.0, 7.0, 0.0, -62.0, -10.0, 20.0, 9.0, -106.0, 36.0, -35.0, 0.0, -82.0, -17.0, 31.0, -27.0, -105.0, 19.0, -16.0, 21.0, -36.0, -24.0, 46.0, 10.0, 24.0, -59.0, 24.0, ' 71.0]']","['[-36.0', 8.0, ' 39.0', 2.0, -38.0, -13.0, 35.0, 23.0, 13.0, 99.0, 48.0, 20.0, 51.0, 6.0, 5.0, -15.0, -31.0, 73.0, -28.0, 0.0, 24.0, 4.0, 36.0, -20.0, 33.0, 8.0, 67.0, -12.0, 66.0, 13.0, 26.0, 2.0, -20.0, -15.0, 61.0, -18.0, 110.0, -13.0, -7.0, -9.0, 18.0, 11.0, 101.0, 39.0, 25.0, 46.0, 0.0, 0.0, -21.0, -28.0, 75.0, -34.0, 5.0, 21.0, 5.0, 40.0, -19.0, 33.0, 22.0, 67.0, -10.0, 69.0, 13.0, 36.0, 0.0, -13.0, -5.0, 57.0, -17.0, 115.0, -9.0, 7.0, -10.0, 12.0, 10.0, 96.0, 28.0, 27.0, 35.0, -4.0, -8.0, ' -23.0]']","['[14.0', ' 38.0', ' -2.0', -39.0, -8.0, 38.0, 17.0, -30.0, 5.0, 4.0, -45.0, 27.0, -32.0, -21.0, -38.0, -31.0, 11.0, 10.0, -33.0, 21.0, -6.0, 13.0, 18.0, 10.0, -9.0, 66.0, 2.0, 7.0, 27.0, 3.0, 47.0, -3.0, 34.0, 52.0, -8.0, 6.0, 45.0, 18.0, 100.0, -5.0, -36.0, 0.0, -11.0, -53.0, 23.0, -43.0, -24.0, -38.0, -27.0, 16.0, -2.0, -29.0, 22.0, -11.0, 11.0, 10.0, 15.0, -15.0, 63.0, -7.0, 10.0, 16.0, 0.0, 41.0, -4.0, 37.0, 55.0, -21.0, 10.0, 28.0, 20.0, 100.0, -4.0, -38.0, 0.0, -32.0, -60.0, 18.0, -51.0, -23.0, -37.0, ' -24.0]']","['[19.0', ' -20.0', ' -29.0', 3.0, 31.0, 13.0, -24.0, -28.0, 19.0, 11.0, -4.0, 3.0, 14.0, -92.0, -23.0, -98.0, 23.0, -43.0, -15.0, -53.0, -12.0, -50.0, 9.0, -52.0, -3.0, -54.0, 23.0, 10.0, 12.0, 26.0, -16.0, 78.0, 19.0, 19.0, -6.0, 52.0, -15.0, 60.0, 8.0, 86.0, 4.0, -37.0, 71.0, 19.0, 13.0, 5.0, 75.0, 7.0, 92.0, -26.0, 40.0, -8.0, 26.0, 13.0, -9.0, -21.0, -55.0, 3.0, 40.0, -6.0, -43.0, -11.0, -87.0, 28.0, -104.0, -6.0, -48.0, -16.0, -53.0, 1.0, -35.0, -39.0, -8.0, 24.0, 25.0, -101.0, -20.0, -21.0, -21.0, -2.0, 13.0, ' -23.0]']","['[-26.0', ' -24.0', ' 11.0', 32.0, 5.0, -29.0, -21.0, 17.0, 30.0, -100.0, -21.0, -21.0, -17.0, -21.0, 10.0, -38.0, 12.0, -15.0, 23.0, 9.0, -8.0, 59.0, 21.0, 108.0, -2.0, -7.0, -10.0, 47.0, 5.0, 88.0, -24.0, 70.0, -7.0, 47.0, 26.0, 25.0, 8.0, -5.0, 44.0, -63.0, -34.0, -2.0, 71.0, 9.0, 17.0, 22.0, -56.0, -24.0, -50.0, 9.0, -25.0, -26.0, -47.0, -4.0, -78.0, -7.0, -107.0, 0.0, -37.0, 25.0, -22.0, 5.0, -33.0, 2.0, 15.0, 21.0, -13.0, -22.0, 23.0, -16.0, 51.0, -24.0, 106.0, 24.0, -27.0, 11.0, 8.0, 0.0, -10.0, 94.0, 21.0, ' 102.0]']","['[46.0', ' 79.0', 10.0, -73.0, -62.0, 30.0, 82.0, 32.0, -80.0, 64.0, -63.0, 17.0, 4.0, 0.0, 49.0, -41.0, 54.0, -17.0, -42.0, 11.0, -115.0, 14.0, 9.0, 27.0, 2.0, -64.0, 100.0, -5.0, 30.0, -15.0, -33.0, -21.0, -12.0, 6.0, -59.0, -12.0, 78.0, -1.0, 118.0, -3.0, 40.0, 27.0, -55.0, 76.0, -23.0, 53.0, -20.0, -54.0, 0.0, -52.0, 42.0, -55.0, 3.0, 77.0, 6.0, 41.0, 6.0, 50.0, 39.0, -67.0, 23.0, -96.0, 23.0, -10.0, 38.0, -51.0, -26.0, 98.0, 7.0, 21.0, -24.0, -82.0, -33.0, -82.0, 46.0, 5.0, -33.0, 12.0, -72.0, 25.0, 23.0, ' 39.0]']","['[67.0', -21.0, -82.0, -39.0, 53.0, 76.0, 0.0, -76.0, 30.0, 16.0, -45.0, 15.0, -71.0, 25.0, 29.0, 37.0, 22.0, -39.0, 106.0, -13.0, -5.0, -21.0, -62.0, -28.0, -70.0, 4.0, 0.0, -26.0, 99.0, -17.0, 40.0, -30.0, 75.0, 29.0, -79.0, 0.0, -94.0, 34.0, 5.0, 47.0, 72.0, -83.0, 40.0, -17.0, 3.0, 49.0, -16.0, 17.0, -54.0, 28.0, 11.0, -100.0, 17.0, -86.0, 23.0, 46.0, 39.0, 49.0, -50.0, 75.0, 12.0, -40.0, -2.0, -51.0, 3.0, -58.0, -14.0, 4.0, -9.0, 121.0, -23.0, 87.0, -34.0, -17.0, 74.0, -68.0, 71.0, -20.0, 9.0, -4.0, -52.0, ' 37.0]']",,,,,,
1740060611.730623,ble-pd-B43A31EF7B26,121e108d-963f-0c97-9cbe-fe259fb65236,6284,22,-67.0,-74.0,-69.0,-60.0,-57.0,,,2.9438673237212964,-1.4870879805695805,0.3138924166177533,-1.4502604574354194,-0.8924144342524004,,,0.2638469592032568,0.2116957236700778,0.2510218411837078,0.2373970757573487,0.2483078265167884,,,,,,-3.54,6.84,1.96,"['[9.0', 42.0, 19.0, -30.0, -37.0, 3.0, 39.0, 24.0, -30.0, -18.0, 52.0, 9.0, 5.0, -46.0, 7.0, 69.0, -30.0, -69.0, 19.0, 17.0, 19.0, -96.0, 3.0, 20.0, -1.0, -75.0, -2.0, 20.0, 7.0, -100.0, 18.0, -20.0, 0.0, -89.0, -25.0, 35.0, -27.0, -113.0, 5.0, -6.0, 25.0, -31.0, -13.0, 47.0, 7.0, -1.0, -38.0, 5.0, 68.0, -31.0, -70.0, 16.0, 17.0, 17.0, -86.0, -4.0, 25.0, -1.0, -75.0, -3.0, 22.0, 10.0, -96.0, 11.0, -18.0, 2.0, -89.0, -31.0, 34.0, -26.0, -115.0, 3.0, -3.0, 28.0, -30.0, -7.0, 43.0, 5.0, -8.0, -25.0, 1.0, ' 66.0]']","['[42.0', 5.0, -37.0, -30.0, 18.0, 43.0, 8.0, -35.0, -4.0, -65.0, 53.0, 14.0, 66.0, -99.0, 67.0, 20.0, -7.0, -37.0, 30.0, 7.0, 35.0, -77.0, 85.0, -50.0, -13.0, -6.0, 20.0, -7.0, -17.0, -52.0, 63.0, -34.0, -28.0, 0.0, 41.0, -1.0, -17.0, 7.0, 32.0, -17.0, -34.0, -7.0, -68.0, 58.0, 15.0, 67.0, -101.0, 70.0, 25.0, -9.0, -41.0, 30.0, 9.0, 36.0, -89.0, 87.0, -47.0, -12.0, -12.0, 17.0, -4.0, -13.0, -60.0, 64.0, -37.0, -27.0, -10.0, 41.0, 0.0, -19.0, -4.0, 30.0, -20.0, -32.0, -9.0, -69.0, 60.0, 15.0, 68.0, -108.0, 68.0, ' 30.0]']","['[7.0', -28.0, ' -16.0', 25.0, 22.0, -17.0, -28.0, 9.0, -6.0, -60.0, 9.0, -30.0, -3.0, 15.0, 25.0, 29.0, 7.0, -46.0, 39.0, -14.0, -9.0, -14.0, -35.0, 3.0, -11.0, -57.0, -38.0, -2.0, -55.0, -9.0, -54.0, 1.0, -20.0, -38.0, -15.0, -4.0, -93.0, -5.0, -81.0, 7.0, 15.0, -3.0, -44.0, 21.0, -31.0, 5.0, 19.0, 27.0, 28.0, 2.0, -37.0, 36.0, -17.0, -4.0, -16.0, -30.0, 0.0, -5.0, -61.0, -29.0, -2.0, -50.0, -5.0, -52.0, 0.0, -25.0, -44.0, -10.0, -5.0, -79.0, -9.0, -88.0, 6.0, 19.0, -3.0, -29.0, 28.0, -31.0, 14.0, 23.0, 28.0, ' 27.0]']","['[-29.0', ' -12.0', ' 27.0', 17.0, -20.0, -24.0, 13.0, 30.0, 5.0, 79.0, 61.0, 1.0, 57.0, 16.0, 21.0, 1.0, -24.0, 57.0, 0.0, -8.0, 27.0, -4.0, 23.0, -23.0, 32.0, -20.0, 47.0, -9.0, 36.0, 9.0, -1.0, 7.0, -37.0, -37.0, 53.0, -24.0, 72.0, -18.0, -58.0, -3.0, 30.0, 2.0, 89.0, 61.0, 1.0, 60.0, 16.0, 15.0, -1.0, -26.0, 64.0, -7.0, -6.0, 27.0, -3.0, 27.0, -24.0, 33.0, -10.0, 54.0, -5.0, 42.0, 10.0, 5.0, 7.0, -32.0, -30.0, 55.0, -24.0, 89.0, -18.0, -48.0, -4.0, 27.0, 5.0, 95.0, 56.0, 10.0, 56.0, 12.0, 11.0, ' -4.0]']","['[35.0', ' 24.0', ' -23.0', -35.0, 2.0, 37.0, 16.0, -29.0, -27.0, 113.0, 30.0, 17.0, 30.0, -9.0, 11.0, 11.0, -6.0, -11.0, -14.0, -31.0, 6.0, -62.0, -20.0, -93.0, -5.0, -6.0, 20.0, -39.0, 1.0, -49.0, 16.0, -17.0, 15.0, -17.0, -39.0, 19.0, -2.0, 38.0, -52.0, 90.0, 41.0, -11.0, -48.0, -1.0, -6.0, -17.0, 69.0, 17.0, 50.0, -17.0, 40.0, 17.0, 49.0, 4.0, 50.0, 12.0, 56.0, 6.0, 34.0, -20.0, -6.0, -7.0, -2.0, 9.0, -46.0, -35.0, -15.0, 41.0, -56.0, 13.0, -60.0, 13.0, -103.0, -24.0, 44.0, -54.0, -26.0, -9.0, -5.0, -79.0, -36.0, ' -75.0]']","['[16.0', ' -29.0', ' -31.0', 13.0, 39.0, 8.0, -34.0, -27.0, 41.0, -39.0, -22.0, -3.0, -3.0, -81.0, -34.0, -75.0, 29.0, -40.0, -10.0, -40.0, -11.0, -7.0, 1.0, 7.0, -4.0, -42.0, 5.0, 38.0, 7.0, 49.0, -29.0, 80.0, 30.0, 33.0, -13.0, 58.0, -15.0, 49.0, 27.0, 57.0, -3.0, -49.0, 113.0, 37.0, 15.0, 25.0, 46.0, 32.0, 57.0, -23.0, 20.0, -4.0, 2.0, 13.0, -42.0, -14.0, -73.0, 1.0, 24.0, 11.0, -54.0, -4.0, -69.0, 30.0, -64.0, -10.0, -30.0, -16.0, -26.0, 7.0, 0.0, -57.0, 29.0, 33.0, 24.0, -107.0, -25.0, -17.0, -31.0, 19.0, -9.0, ' 0.0]']","['[65.0', ' 58.0', -25.0, -76.0, -28.0, 56.0, 68.0, -4.0, -56.0, 71.0, -77.0, 25.0, -28.0, 15.0, 49.0, -24.0, 57.0, -35.0, 7.0, 5.0, -100.0, 12.0, -18.0, 6.0, -25.0, -58.0, 84.0, -19.0, 65.0, -18.0, -13.0, -27.0, 21.0, 15.0, -80.0, -6.0, 32.0, 6.0, 110.0, 17.0, 61.0, 0.0, -36.0, 65.0, -25.0, 69.0, -28.0, -39.0, -16.0, -33.0, 49.0, -81.0, 9.0, 37.0, 9.0, 55.0, 19.0, 64.0, 18.0, -28.0, 24.0, -99.0, 24.0, -30.0, 27.0, -69.0, -24.0, 85.0, -3.0, 59.0, -26.0, -39.0, -46.0, -75.0, 61.0, -24.0, -8.0, 8.0, -67.0, 24.0, 4.0, ' 45.0]']","['[38.0', -48.0, -71.0, 0.0, 70.0, 51.0, -32.0, -76.0, 52.0, -11.0, -15.0, 9.0, -68.0, 25.0, 8.0, 45.0, -7.0, -34.0, 105.0, -17.0, 40.0, -24.0, -56.0, -31.0, -63.0, 27.0, -38.0, -17.0, 74.0, -16.0, 51.0, -12.0, 76.0, 18.0, -41.0, 13.0, -109.0, 28.0, -42.0, 46.0, 44.0, -79.0, 64.0, -46.0, 10.0, 24.0, -6.0, 31.0, -48.0, 47.0, -3.0, -66.0, 17.0, -103.0, 26.0, 24.0, 26.0, 24.0, -61.0, 90.0, -1.0, -1.0, -2.0, -44.0, -13.0, -37.0, 0.0, -33.0, -14.0, 97.0, -14.0, 109.0, -18.0, 16.0, 55.0, -71.0, 79.0, -25.0, 33.0, -16.0, -51.0, ' 24.0]']",,,,,,
1740060612.729971,ble-pd-B43A31EF7B26,94585d3f-b963-0d7c-386f-1956ee596ebe,6285,19,-69.0,-75.0,-72.0,-63.0,-59.0,-52.0,-57.0,2.949636263274626,-1.4827556832662938,0.3121291376600119,-1.446742421635425,-0.9035132976061562,-2.384803486579393,-0.8234166877272356,0.257700916039572,0.2429394635256967,0.323858930812725,0.2498856867284095,0.2809437551888378,0.2993388547971412,0.7339287660779217,-3.2675068378448486,7.023953437805176,1.855236530303955,-3.54,6.84,1.96,"['[-3.0', 24.0, 20.0, -12.0, -28.0, -6.0, 23.0, 21.0, -44.0, 0.0, 36.0, 14.0, 49.0, -86.0, 39.0, 53.0, -32.0, -46.0, 4.0, 12.0, 39.0, -119.0, 40.0, -40.0, 3.0, -50.0, -11.0, 25.0, -1.0, -105.0, 44.0, -51.0, -20.0, -104.0, -3.0, 40.0, -37.0, -101.0, 21.0, -10.0, 22.0, -44.0, 2.0, 34.0, 12.0, 48.0, -84.0, 34.0, 55.0, -32.0, -45.0, 3.0, 12.0, 39.0, -115.0, 35.0, -36.0, 5.0, -51.0, -12.0, 25.0, 0.0, -103.0, 42.0, -51.0, -19.0, -103.0, -5.0, 41.0, -38.0, -104.0, 19.0, -8.0, 22.0, -46.0, 7.0, 35.0, 12.0, 46.0, -78.0, 31.0, ' 58.0]']","['[28.0', 11.0, -20.0, -25.0, 3.0, 27.0, 16.0, -17.0, 21.0, -49.0, 19.0, 19.0, 38.0, -68.0, 91.0, -44.0, 19.0, -20.0, 12.0, 9.0, 2.0, -34.0, 78.0, -68.0, -8.0, -23.0, 22.0, -4.0, -33.0, -1.0, 41.0, -17.0, -36.0, -10.0, 44.0, -16.0, -15.0, 36.0, 12.0, -11.0, -17.0, 20.0, -49.0, 21.0, 21.0, 39.0, -72.0, 94.0, -42.0, 18.0, -22.0, 12.0, 10.0, 3.0, -45.0, 81.0, -70.0, -7.0, -24.0, 22.0, -2.0, -34.0, -8.0, 45.0, -20.0, -36.0, -15.0, 44.0, -13.0, -16.0, 31.0, 13.0, -11.0, -16.0, 17.0, -50.0, 22.0, 21.0, 44.0, -78.0, 95.0, ' -41.0]']","['[24.0', -13.0, ' -26.0', 5.0, 28.0, 1.0, -29.0, -12.0, -12.0, -100.0, -60.0, -8.0, -54.0, -14.0, -15.0, 7.0, 4.0, -59.0, 5.0, 0.0, -11.0, -14.0, -22.0, 20.0, -21.0, 0.0, -50.0, 16.0, -57.0, 1.0, -3.0, 0.0, 41.0, 35.0, -63.0, 24.0, -57.0, 18.0, 50.0, 23.0, -10.0, -9.0, -106.0, -58.0, -15.0, -52.0, -7.0, -10.0, 13.0, 3.0, -67.0, 8.0, -3.0, -15.0, -15.0, -27.0, 19.0, -23.0, -10.0, -52.0, 13.0, -62.0, 0.0, -11.0, -1.0, 36.0, 27.0, -68.0, 24.0, -72.0, 17.0, 37.0, 28.0, -4.0, -9.0, -110.0, -53.0, -21.0, -49.0, -5.0, -2.0, ' 20.0]']","['[-15.0', ' -24.0', ' 10.0', 28.0, -2.0, -30.0, -7.0, 25.0, -4.0, -44.0, 17.0, -38.0, 8.0, 27.0, 38.0, 45.0, -7.0, -38.0, 13.0, -22.0, -15.0, -27.0, -35.0, -8.0, -16.0, -53.0, -16.0, -10.0, -45.0, -11.0, -45.0, 0.0, -26.0, -59.0, -39.0, 12.0, -107.0, 0.0, -73.0, 28.0, 26.0, 0.0, -29.0, 25.0, -36.0, 17.0, 32.0, 38.0, 44.0, -8.0, -27.0, 12.0, -20.0, -13.0, -25.0, -32.0, -11.0, -14.0, -52.0, -7.0, -13.0, -36.0, -11.0, -44.0, -1.0, -33.0, -64.0, -28.0, 7.0, -97.0, -1.0, -82.0, 23.0, 30.0, 1.0, -15.0, 36.0, -33.0, 28.0, 33.0, 39.0, ' 42.0]']","['[-3.0', ' -33.0', ' -15.0', 25.0, 30.0, -6.0, -33.0, -10.0, 44.0, -58.0, -26.0, -11.0, -1.0, -108.0, -21.0, -111.0, 36.0, -41.0, -4.0, -38.0, -19.0, -19.0, 13.0, 10.0, 0.0, -67.0, 20.0, 26.0, 10.0, 62.0, -29.0, 87.0, 15.0, 42.0, 6.0, 56.0, -12.0, 61.0, 17.0, 62.0, -19.0, -43.0, 121.0, 32.0, 21.0, 36.0, 44.0, 10.0, 67.0, -33.0, 19.0, -27.0, 0.0, 16.0, -41.0, -25.0, -90.0, 5.0, 27.0, 1.0, -43.0, -4.0, -97.0, 35.0, -79.0, 6.0, -53.0, -18.0, -39.0, -3.0, -12.0, -44.0, 21.0, 33.0, 11.0, -99.0, -15.0, -16.0, -47.0, 46.0, 12.0, ' 22.0]']","['[-32.0', ' -7.0', ' 29.0', 22.0, -15.0, -30.0, -1.0, 32.0, 22.0, -107.0, -20.0, -17.0, -47.0, 25.0, 7.0, 2.0, 17.0, 9.0, 38.0, 35.0, -6.0, 74.0, 23.0, 113.0, -8.0, 18.0, -17.0, 33.0, -1.0, 76.0, -22.0, 28.0, -23.0, 34.0, 20.0, 2.0, 15.0, -37.0, 38.0, -85.0, -29.0, 17.0, 25.0, -5.0, 6.0, 30.0, -101.0, -22.0, -91.0, 17.0, -36.0, -29.0, -52.0, -14.0, -65.0, -3.0, -66.0, 6.0, -64.0, 27.0, 0.0, 9.0, -1.0, -6.0, 46.0, 27.0, 10.0, -10.0, 39.0, -20.0, 71.0, -14.0, 102.0, 4.0, -47.0, 73.0, 29.0, 13.0, 11.0, 101.0, 22.0, ' 111.0]']","['[52.0', ' 14.0', -42.0, -45.0, 11.0, 52.0, 27.0, -33.0, -18.0, 37.0, -54.0, 26.0, -42.0, 23.0, 35.0, -6.0, 32.0, -32.0, 53.0, -20.0, -57.0, -6.0, -40.0, -8.0, -69.0, -19.0, 35.0, -32.0, 92.0, -30.0, 11.0, -38.0, 50.0, 20.0, -108.0, -13.0, -31.0, 20.0, 61.0, 28.0, 55.0, -40.0, 9.0, 21.0, -2.0, 43.0, -32.0, -21.0, -32.0, 0.0, 20.0, -86.0, 29.0, -26.0, 23.0, 57.0, 26.0, 67.0, -26.0, 46.0, 17.0, -73.0, 17.0, -36.0, 19.0, -82.0, -26.0, 67.0, -7.0, 109.0, -29.0, 30.0, -44.0, -35.0, 70.0, -50.0, 28.0, -22.0, -15.0, 18.0, -8.0, ' 49.0]']","['[-5.0', -51.0, -32.0, 28.0, 51.0, 8.0, -46.0, -42.0, 67.0, -43.0, 18.0, -18.0, -21.0, 22.0, -2.0, 48.0, -28.0, 1.0, 68.0, -21.0, 80.0, -24.0, -40.0, -27.0, -31.0, 48.0, -90.0, 3.0, 18.0, 3.0, 37.0, 8.0, 65.0, 17.0, 4.0, 20.0, -116.0, 21.0, -92.0, 33.0, 0.0, -58.0, 57.0, -55.0, 32.0, -18.0, 3.0, 28.0, -36.0, 43.0, -25.0, -5.0, -1.0, -95.0, 10.0, -3.0, 11.0, -33.0, -45.0, 86.0, -26.0, 60.0, -25.0, -15.0, -34.0, -2.0, 4.0, -85.0, -22.0, 51.0, 1.0, 108.0, 0.0, 41.0, 8.0, -30.0, 51.0, -23.0, 45.0, -26.0, -35.0, ' 0.0]']",,,,,,
1740060613.730925,ble-pd-B43A31EF7B26,ef5cc910-dd27-6647-39f6-181f41d182dc,6286,36,-62.0,-93.0,-75.0,-63.0,-62.0,-51.0,-59.0,2.9305403329943216,-1.5599813627661392,0.3243714228749971,-1.4529126995650294,-0.7340021926123229,-2.3981753287981773,-1.8136840222123471,0.2364241564321155,0.3321971550277086,0.2558675959451614,0.1751044562141207,0.404985438453239,0.2482514655864595,0.847011259219993,-3.279460430145264,7.026732444763184,1.839913010597229,-3.54,6.84,1.96,"['[10.0', -65.0, -54.0, 31.0, 73.0, 19.0, -60.0, -59.0, 69.0, 6.0, 32.0, -48.0, 41.0, 2.0, 6.0, -26.0, 19.0, 27.0, 46.0, -91.0, 31.0, 2.0, 1.0, -46.0, 3.0, 91.0, 16.0, -87.0, 15.0, 4.0, 17.0, -31.0, -8.0, 69.0, 16.0, -57.0, 17.0, 27.0, 17.0, -26.0, -68.0, 62.0, 1.0, 38.0, -40.0, 46.0, -3.0, 25.0, -26.0, 14.0, 1.0, 53.0, -83.0, 24.0, -4.0, 11.0, -53.0, -2.0, 64.0, 23.0, -95.0, 15.0, -4.0, 24.0, -39.0, -21.0, 49.0, 19.0, -60.0, 5.0, 16.0, 25.0, -26.0, -72.0, 51.0, -3.0, 42.0, -28.0, 45.0, -9.0, 41.0, ' -24.0]']","['[-73.0', -32.0, 49.0, 67.0, -5.0, -71.0, -42.0, 43.0, 14.0, 17.0, -29.0, -26.0, -17.0, 22.0, -70.0, 3.0, 16.0, 83.0, -39.0, -14.0, 17.0, 27.0, -38.0, 31.0, 19.0, 76.0, -28.0, 35.0, 1.0, 32.0, -25.0, 34.0, 50.0, 69.0, -17.0, 22.0, 39.0, 35.0, -33.0, 0.0, 26.0, 34.0, 17.0, -20.0, -37.0, -4.0, 23.0, -66.0, -2.0, 21.0, 88.0, -25.0, -41.0, 25.0, 27.0, -36.0, 17.0, 18.0, 98.0, -21.0, 11.0, 5.0, 33.0, -20.0, 24.0, 45.0, 85.0, -12.0, 7.0, 44.0, 42.0, -26.0, -6.0, 9.0, 48.0, 18.0, -10.0, -47.0, 8.0, 21.0, -57.0, ' -7.0]']","['[2.0', 3.0, ' -1.0', -4.0, 0.0, 3.0, 0.0, -4.0, 11.0, 46.0, 40.0, 12.0, 50.0, -4.0, 17.0, -16.0, -3.0, 42.0, -7.0, 17.0, 21.0, -4.0, 31.0, -15.0, -6.0, 24.0, 12.0, -20.0, 52.0, -8.0, 36.0, -8.0, 1.0, -6.0, 66.0, -38.0, 112.0, -25.0, 9.0, -36.0, -6.0, 12.0, 44.0, 40.0, 14.0, 47.0, -5.0, 14.0, -17.0, -5.0, 42.0, -9.0, 19.0, 16.0, -2.0, 30.0, -15.0, -4.0, 28.0, 13.0, -15.0, 52.0, -7.0, 43.0, -9.0, 2.0, 0.0, 62.0, -39.0, 118.0, -27.0, 20.0, -39.0, -4.0, 16.0, 39.0, 38.0, 15.0, 45.0, -4.0, 12.0, ' -15.0]']","['[3.0', ' -1.0', ' -3.0', 0.0, 3.0, 1.0, -4.0, -1.0, 30.0, -35.0, -1.0, 10.0, -15.0, 2.0, -19.0, -4.0, -6.0, -22.0, -20.0, 12.0, -31.0, 10.0, -20.0, 18.0, 9.0, 36.0, -4.0, 27.0, 10.0, 0.0, 52.0, -8.0, 11.0, 30.0, -25.0, -1.0, 44.0, -4.0, 85.0, -20.0, 0.0, 30.0, -40.0, -9.0, 9.0, -21.0, 4.0, -23.0, -2.0, -6.0, -24.0, -18.0, 8.0, -30.0, 10.0, -24.0, 20.0, 9.0, 33.0, -5.0, 31.0, 4.0, 0.0, 45.0, -6.0, 10.0, 33.0, -34.0, 2.0, 29.0, 0.0, 84.0, -18.0, 1.0, 28.0, -44.0, -12.0, 5.0, -25.0, 4.0, -24.0, ' 0.0]']","['[-23.0', ' -4.0', ' 19.0', 15.0, -12.0, -21.0, 0.0, 23.0, -17.0, -30.0, 2.0, 14.0, 16.0, 23.0, -2.0, 29.0, -23.0, 76.0, -16.0, 40.0, 5.0, 18.0, -17.0, -60.0, 44.0, 0.0, -3.0, -8.0, 26.0, -54.0, 32.0, -110.0, -67.0, -67.0, 29.0, -92.0, -5.0, -38.0, 44.0, 16.0, -19.0, 42.0, -23.0, 2.0, -36.0, -17.0, -23.0, -18.0, 40.0, 20.0, -62.0, 18.0, -17.0, -24.0, 25.0, 6.0, 96.0, -44.0, 40.0, -6.0, 48.0, -19.0, 55.0, -41.0, 68.0, 111.0, 62.0, -12.0, 73.0, 3.0, 33.0, -30.0, -31.0, 9.0, -47.0, 66.0, -8.0, 42.0, 9.0, 11.0, 29.0, ' -89.0]']","['[1.0', ' 22.0', ' 11.0', -16.0, -19.0, 5.0, 22.0, 6.0, -44.0, 73.0, -7.0, 39.0, 6.0, 8.0, 30.0, -94.0, -4.0, 4.0, -8.0, -18.0, 30.0, -59.0, 12.0, -79.0, 12.0, -61.0, 14.0, -65.0, 0.0, -22.0, 25.0, 27.0, -90.0, -18.0, -13.0, -8.0, 1.0, -7.0, -4.0, 28.0, 10.0, 21.0, -76.0, 8.0, -20.0, 5.0, 8.0, -25.0, 89.0, -11.0, 44.0, -3.0, 39.0, -21.0, 56.0, -20.0, 24.0, 18.0, 44.0, -13.0, 44.0, 18.0, -20.0, 1.0, -90.0, 23.0, -30.0, 28.0, -54.0, -4.0, -19.0, 32.0, -11.0, -21.0, 10.0, 42.0, -5.0, -8.0, -16.0, -21.0, 6.0, ' -40.0]']","['[72.0', ' 60.0', -28.0, -81.0, -30.0, 59.0, 73.0, -5.0, -58.0, 70.0, -83.0, 0.0, 5.0, 17.0, 70.0, 33.0, 76.0, 7.0, -14.0, 14.0, -103.0, 10.0, -6.0, 25.0, -7.0, -44.0, 56.0, 7.0, 44.0, 1.0, -47.0, -55.0, -3.0, 7.0, -117.0, -12.0, -32.0, 4.0, 61.0, -12.0, 53.0, 18.0, -70.0, 101.0, -15.0, 52.0, -17.0, -71.0, -52.0, -73.0, 19.0, -45.0, -13.0, 71.0, 3.0, 54.0, 27.0, 32.0, 55.0, -26.0, 20.0, -70.0, -1.0, 20.0, 61.0, -34.0, -8.0, 88.0, 14.0, 80.0, -11.0, -42.0, -20.0, -78.0, 27.0, 42.0, -81.0, 25.0, -89.0, 10.0, 45.0, ' 47.0]']","['[35.0', -55.0, -76.0, 0.0, 76.0, 56.0, -34.0, -82.0, 48.0, 19.0, -56.0, 26.0, -97.0, 5.0, 25.0, 43.0, 19.0, -44.0, 95.0, 2.0, 27.0, -19.0, -83.0, -81.0, -44.0, -33.0, -31.0, -44.0, 58.0, 0.0, 32.0, -27.0, 64.0, 3.0, 14.0, -7.0, -96.0, 10.0, -12.0, 51.0, 64.0, -73.0, 25.0, 0.0, -21.0, 82.0, 7.0, 21.0, -14.0, 30.0, 41.0, -85.0, 6.0, -78.0, 22.0, 64.0, 81.0, 32.0, 1.0, 59.0, 40.0, -23.0, 0.0, -55.0, -7.0, -55.0, 1.0, -78.0, -1.0, 60.0, -5.0, 46.0, -49.0, -16.0, 71.0, -61.0, 58.0, 8.0, -39.0, -16.0, -60.0, ' -16.0]']",,,,,,
1740060614.730085,ble-pd-B43A31EF7B26,1fd84441-8af3-62a2-98b6-e84ffa867a5c,6287,31,-66.0,-88.0,-77.0,-59.0,-63.0,-49.0,,2.9736526499849605,-1.483745846559586,0.3671987816289974,-1.4897499432371692,-0.7037724306797466,-2.4362531477242846,,0.2885573989831797,0.2962597269088796,0.1595022270993506,0.1714094034254198,0.3129853596078507,0.2425217187353828,,-3.287240743637085,7.013204097747803,1.84509813785553,-3.54,6.84,1.96,"['[9.0', -40.0, -36.0, 16.0, 47.0, 13.0, -37.0, -39.0, 56.0, -33.0, 31.0, -42.0, 34.0, -7.0, -17.0, -19.0, 43.0, 37.0, 33.0, -52.0, 32.0, 6.0, 11.0, -21.0, 19.0, 78.0, 20.0, -36.0, -4.0, 18.0, 23.0, -17.0, 13.0, 96.0, 17.0, -31.0, 28.0, 53.0, 1.0, -25.0, -43.0, 60.0, -40.0, 41.0, -37.0, 39.0, -19.0, 0.0, -20.0, 43.0, 20.0, 41.0, -54.0, 33.0, -10.0, 20.0, -34.0, 21.0, 65.0, 24.0, -44.0, -4.0, -1.0, 32.0, -26.0, 7.0, 79.0, 18.0, -36.0, 23.0, 35.0, 4.0, -28.0, -46.0, 58.0, -43.0, 55.0, -32.0, 42.0, -30.0, 20.0, ' -19.0]']","['[-46.0', -23.0, 30.0, 43.0, -1.0, -45.0, -29.0, 25.0, -19.0, 30.0, -64.0, -9.0, -25.0, 52.0, -78.0, 2.0, -2.0, 75.0, -41.0, 16.0, -7.0, 75.0, -36.0, 49.0, -11.0, 49.0, -15.0, 38.0, -3.0, 78.0, -45.0, 48.0, 20.0, 69.0, -8.0, 23.0, 17.0, 64.0, -15.0, 17.0, 18.0, -5.0, 18.0, -58.0, -18.0, -16.0, 50.0, -80.0, -2.0, 8.0, 81.0, -33.0, 2.0, 1.0, 75.0, -32.0, 42.0, -6.0, 67.0, -9.0, 28.0, -4.0, 79.0, -40.0, 44.0, 24.0, 87.0, -5.0, 14.0, 24.0, 75.0, -15.0, 11.0, 8.0, 10.0, 10.0, -44.0, -28.0, -8.0, 44.0, -77.0, ' -6.0]']","['[-1.0', -5.0, ' 0.0', 3.0, 0.0, -5.0, -2.0, 3.0, 9.0, 42.0, 22.0, 20.0, 32.0, 10.0, -3.0, -1.0, -8.0, 36.0, -4.0, 11.0, 7.0, 2.0, 24.0, -5.0, 18.0, 30.0, 15.0, 7.0, 47.0, 6.0, 49.0, 7.0, -17.0, 6.0, 48.0, -30.0, 125.0, -4.0, 21.0, -23.0, 3.0, 11.0, 41.0, 17.0, 22.0, 27.0, 9.0, -5.0, -2.0, -9.0, 33.0, -8.0, 11.0, 5.0, 1.0, 22.0, -4.0, 19.0, 32.0, 15.0, 10.0, 46.0, 6.0, 51.0, 8.0, -15.0, 10.0, 45.0, -29.0, 124.0, -3.0, 26.0, -21.0, 5.0, 12.0, 36.0, 13.0, 22.0, 21.0, 8.0, -9.0, ' -5.0]']","['[-4.0', ' 1.0', ' 5.0', 0.0, -5.0, -1.0, 4.0, 3.0, 13.0, -36.0, -39.0, 8.0, -39.0, -3.0, -38.0, -12.0, -13.0, -21.0, -20.0, -3.0, -15.0, 4.0, -13.0, 12.0, 16.0, 19.0, -2.0, 25.0, -16.0, 1.0, 30.0, 7.0, 30.0, 41.0, -50.0, 16.0, -12.0, 15.0, 63.0, 17.0, 2.0, 13.0, -41.0, -41.0, 7.0, -44.0, -3.0, -37.0, -11.0, -11.0, -24.0, -19.0, -5.0, -14.0, 5.0, -15.0, 12.0, 15.0, 16.0, -2.0, 24.0, -20.0, 0.0, 26.0, 5.0, 32.0, 39.0, -53.0, 19.0, -21.0, 15.0, 63.0, 20.0, 3.0, 13.0, -45.0, -43.0, 5.0, -46.0, -6.0, -36.0, ' -10.0]']","['[-16.0', ' 2.0', ' 17.0', 8.0, -13.0, -16.0, 3.0, 17.0, -85.0, 18.0, -41.0, 48.0, -21.0, 51.0, 15.0, -27.0, -45.0, 79.0, -26.0, 19.0, 22.0, -17.0, 9.0, -86.0, 31.0, -33.0, -17.0, -45.0, -1.0, -79.0, 34.0, -98.0, -90.0, -96.0, -6.0, -90.0, -10.0, -66.0, 22.0, -7.0, -13.0, 85.0, -90.0, 31.0, -46.0, 14.0, -37.0, -33.0, 82.0, 21.0, -27.0, 15.0, 15.0, -27.0, 72.0, -20.0, 97.0, -29.0, 64.0, 4.0, 71.0, 17.0, 60.0, -15.0, 38.0, 77.0, 54.0, 5.0, 40.0, 9.0, 28.0, -3.0, -20.0, -3.0, -43.0, 119.0, -6.0, 20.0, 0.0, 4.0, 34.0, ' -93.0]']","['[6.0', ' 18.0', ' 3.0', -16.0, -13.0, 8.0, 16.0, 0.0, -35.0, 116.0, -2.0, 12.0, 2.0, -3.0, 32.0, -91.0, 17.0, -50.0, 7.0, -44.0, 17.0, -87.0, 20.0, -47.0, 11.0, -59.0, 14.0, -57.0, -23.0, -2.0, -13.0, 52.0, -9.0, 23.0, 0.0, 38.0, 0.0, 32.0, -19.0, 38.0, 12.0, -31.0, -77.0, -27.0, 20.0, -16.0, 37.0, -12.0, 48.0, -44.0, 90.0, -22.0, 47.0, 0.0, 52.0, -7.0, -21.0, 12.0, 22.0, -23.0, 13.0, 17.0, -50.0, 33.0, -105.0, -47.0, -83.0, -2.0, -89.0, -6.0, -67.0, 30.0, -35.0, -17.0, 79.0, -1.0, 42.0, -46.0, 22.0, -52.0, -10.0, ' 16.0]']","['[50.0', ' 107.0', 29.0, -87.0, -92.0, 22.0, 106.0, 60.0, -68.0, 46.0, -46.0, -27.0, 64.0, -32.0, 35.0, -13.0, 57.0, 18.0, -77.0, 26.0, -102.0, -7.0, 28.0, 38.0, 11.0, -49.0, 76.0, 35.0, 8.0, -5.0, -72.0, -40.0, -67.0, -6.0, -88.0, -25.0, 78.0, -31.0, 87.0, -48.0, 9.0, 52.0, -66.0, 87.0, -12.0, -3.0, 30.0, -77.0, -5.0, -79.0, 28.0, 15.0, -43.0, 109.0, 10.0, 19.0, -3.0, 22.0, 79.0, -62.0, -7.0, -61.0, 8.0, 46.0, 51.0, 5.0, -6.0, 121.0, 24.0, -8.0, 24.0, -110.0, 20.0, -75.0, -14.0, 58.0, -91.0, 48.0, -65.0, -17.0, 89.0, ' 15.0]']","['[95.0', -11.0, -103.0, -64.0, 55.0, 105.0, 19.0, -90.0, 4.0, 44.0, -80.0, 55.0, -81.0, -8.0, 81.0, 26.0, 57.0, -69.0, 81.0, 37.0, -44.0, -7.0, -64.0, -43.0, -54.0, -66.0, 4.0, -32.0, 88.0, -6.0, 16.0, -33.0, 82.0, 20.0, -84.0, -5.0, -86.0, 0.0, 68.0, 30.0, 108.0, -47.0, -10.0, 35.0, -62.0, 105.0, -13.0, -45.0, -29.0, -11.0, 65.0, -112.0, -12.0, -24.0, 2.0, 67.0, 57.0, 50.0, 21.0, 43.0, 47.0, -64.0, 1.0, -57.0, 1.0, -106.0, -19.0, 14.0, -11.0, 118.0, -17.0, 3.0, -53.0, -78.0, 69.0, -32.0, 24.0, 40.0, -82.0, 28.0, -12.0, ' 19.0]']",,,,,,
1740060615.731231,ble-pd-B43A31EF7B26,a2d6c0da-0f06-6f6a-6516-9ff50ea2d721,6288,25,-65.0,-78.0,-69.0,-61.0,-58.0,-48.0,-56.0,3.09179473699862,-1.484737607749531,0.3823689461464158,-1.4927655736975205,-0.7996494135329556,-2.381651683450244,-1.2262507379277168,0.3580832472708469,0.3478230862761804,0.1497802077372051,0.1912022496734841,0.3142291207812058,0.3678778512820403,1.048599162797123,-3.299604892730713,7.00044822692871,1.8398069143295288,-3.54,6.84,1.96,"['[0.0', -50.0, -34.0, 29.0, 51.0, 6.0, -47.0, -37.0, 25.0, -6.0, -21.0, -25.0, 34.0, 0.0, -30.0, -44.0, 14.0, 78.0, 1.0, -20.0, 22.0, 48.0, 7.0, -14.0, -13.0, 99.0, 7.0, -12.0, 5.0, 66.0, -1.0, 16.0, 3.0, 120.0, 28.0, -19.0, 14.0, 113.0, 3.0, 1.0, -42.0, 28.0, -17.0, -9.0, -24.0, 42.0, -11.0, -25.0, -41.0, 14.0, 68.0, 9.0, -22.0, 24.0, 37.0, 15.0, -19.0, -14.0, 95.0, 11.0, -16.0, 3.0, 58.0, 5.0, 11.0, 0.0, 116.0, 30.0, -19.0, 10.0, 109.0, 7.0, -1.0, -45.0, 28.0, -27.0, 3.0, -25.0, 45.0, -17.0, -16.0, ' -38.0]']","['[-53.0', -17.0, 40.0, 44.0, -12.0, -52.0, -22.0, 36.0, -10.0, 69.0, -96.0, 7.0, -53.0, 81.0, -61.0, -26.0, 3.0, 66.0, -67.0, 18.0, -24.0, 88.0, -58.0, 42.0, 4.0, 25.0, -39.0, 22.0, 8.0, 72.0, -51.0, 41.0, 25.0, 22.0, -13.0, -5.0, 21.0, 33.0, -28.0, 30.0, 33.0, -7.0, 67.0, -98.0, 4.0, -49.0, 81.0, -65.0, -30.0, 4.0, 74.0, -66.0, 15.0, -22.0, 94.0, -56.0, 41.0, 2.0, 39.0, -38.0, 19.0, 9.0, 77.0, -51.0, 43.0, 25.0, 34.0, -10.0, -7.0, 22.0, 46.0, -28.0, 30.0, 28.0, -3.0, 63.0, -99.0, 1.0, -45.0, 80.0, -67.0, ' -34.0]']","['[8.0', -11.0, ' -11.0', 7.0, 13.0, -3.0, -15.0, -1.0, -4.0, -39.0, -4.0, -25.0, -11.0, 5.0, 25.0, 36.0, 19.0, -40.0, 22.0, -6.0, -18.0, -8.0, -32.0, 1.0, -26.0, -42.0, -36.0, -13.0, -39.0, -8.0, -51.0, -12.0, -11.0, -34.0, -1.0, 2.0, -97.0, 0.0, -60.0, 7.0, 2.0, -2.0, -34.0, 3.0, -27.0, -4.0, 9.0, 28.0, 37.0, 20.0, -32.0, 24.0, -8.0, -14.0, -10.0, -28.0, 1.0, -24.0, -43.0, -33.0, -13.0, -36.0, -7.0, -51.0, -9.0, -17.0, -38.0, 7.0, -1.0, -85.0, -2.0, -69.0, 4.0, 3.0, -2.0, -27.0, 13.0, -25.0, 3.0, 12.0, 30.0, ' 37.0]']","['[-12.0', ' -9.0', ' 8.0', 12.0, -5.0, -14.0, 1.0, 15.0, 8.0, 52.0, 58.0, 2.0, 45.0, 20.0, 17.0, 5.0, -8.0, 42.0, 13.0, -5.0, 21.0, -7.0, 21.0, -11.0, 25.0, -12.0, 18.0, -4.0, 22.0, 6.0, -4.0, 10.0, -37.0, -35.0, 60.0, -29.0, 69.0, -13.0, -69.0, -19.0, 14.0, 6.0, 59.0, 58.0, 6.0, 48.0, 19.0, 13.0, 1.0, -12.0, 47.0, 9.0, -3.0, 23.0, -6.0, 25.0, -10.0, 30.0, -5.0, 22.0, -2.0, 30.0, 6.0, 3.0, 11.0, -37.0, -30.0, 62.0, -31.0, 84.0, -14.0, -60.0, -19.0, 15.0, 8.0, 62.0, 58.0, 9.0, 48.0, 17.0, 9.0, ' -6.0]']","['[32.0', ' -15.0', ' -40.0', -5.0, 37.0, 26.0, -24.0, -39.0, 27.0, -47.0, 11.0, -8.0, 3.0, -61.0, -11.0, -17.0, 18.0, -31.0, 1.0, -26.0, -9.0, 16.0, -21.0, 27.0, -21.0, -6.0, -4.0, 54.0, 11.0, 49.0, -22.0, 49.0, 43.0, 46.0, -46.0, 67.0, -13.0, 52.0, -13.0, 56.0, 17.0, -34.0, 110.0, 30.0, 12.0, 27.0, 38.0, 48.0, 27.0, -13.0, -9.0, 10.0, -7.0, 7.0, -55.0, 14.0, -62.0, 3.0, 6.0, 25.0, -65.0, 1.0, -49.0, 29.0, -14.0, -18.0, -19.0, 20.0, -18.0, 21.0, 3.0, -34.0, 13.0, 15.0, 19.0, -107.0, -51.0, -8.0, -42.0, 13.0, -54.0, ' -21.0]']","['[-24.0', ' -38.0', ' 4.0', 40.0, 16.0, -31.0, -34.0, 13.0, 20.0, -107.0, -52.0, -9.0, -41.0, 5.0, -55.0, -21.0, 1.0, 41.0, -16.0, 35.0, -1.0, 60.0, 0.0, 57.0, 15.0, -2.0, -31.0, 37.0, -14.0, 21.0, -20.0, -25.0, -18.0, -16.0, 16.0, -38.0, -17.0, -52.0, 60.0, -68.0, -39.0, 5.0, 41.0, 42.0, 1.0, 31.0, -49.0, 28.0, 1.0, 13.0, -51.0, 11.0, -42.0, -6.0, -28.0, -15.0, -18.0, -26.0, -3.0, 19.0, 13.0, 18.0, 20.0, -1.0, 52.0, 43.0, 44.0, -44.0, 74.0, 1.0, 73.0, -51.0, 87.0, 39.0, -28.0, 50.0, -6.0, 9.0, 0.0, 61.0, 13.0, ' 17.0]']","['[-71.0', ' -37.0', 43.0, 69.0, 3.0, -66.0, -52.0, 28.0, 46.0, -83.0, 90.0, -40.0, 40.0, -20.0, -63.0, 29.0, -66.0, 45.0, -30.0, 2.0, 91.0, -21.0, 25.0, 12.0, 30.0, 51.0, -69.0, 40.0, -74.0, 9.0, 0.0, 29.0, -52.0, -27.0, 90.0, 1.0, 1.0, -23.0, -98.0, -28.0, -70.0, 17.0, 41.0, -71.0, 32.0, -84.0, 44.0, 39.0, 10.0, 29.0, -52.0, 96.0, -24.0, -18.0, 2.0, -60.0, -30.0, -57.0, -10.0, 12.0, -36.0, 94.0, -15.0, 39.0, -17.0, 94.0, 19.0, -69.0, 15.0, -74.0, 42.0, 23.0, 67.0, 69.0, -66.0, 24.0, 7.0, -5.0, 79.0, -42.0, 6.0, ' -42.0]']","['[-14.0', 62.0, 58.0, -20.0, -71.0, -31.0, 50.0, 67.0, -64.0, 26.0, 6.0, -3.0, 78.0, -41.0, 5.0, -45.0, 25.0, 27.0, -105.0, 30.0, -61.0, 18.0, 60.0, 30.0, 52.0, -38.0, 53.0, 9.0, -58.0, 11.0, -59.0, -3.0, -81.0, -2.0, 8.0, -24.0, 103.0, -35.0, 66.0, -67.0, -26.0, 79.0, -79.0, 59.0, -25.0, -29.0, 15.0, -50.0, 52.0, -65.0, 10.0, 55.0, -20.0, 108.0, -28.0, -23.0, -12.0, -15.0, 64.0, -88.0, 19.0, -9.0, -1.0, 43.0, 24.0, 22.0, -18.0, 59.0, 18.0, -71.0, 9.0, -117.0, 27.0, -29.0, -46.0, 85.0, -92.0, 40.0, -40.0, 20.0, 63.0, ' -34.0]']",,,,,,
1740060616.731286,ble-pd-B43A31EF7B26,53e0b814-4722-e212-6797-5c3607d907b8,6289,14,-66.0,-78.0,-71.0,-60.0,,-53.0,,3.01444002734396,-1.4966821515546451,0.4498419965763363,-1.454322443888063,,-2.3416693189562223,,0.4434096968849815,0.3302129668575451,0.1421687102494337,0.1829896101486546,,0.3685720647304831,,-3.300917148590088,6.985583782196045,1.8311734199523928,-3.54,6.84,1.96,"['[-26.0', -29.0, 6.0, 33.0, 14.0, -24.0, -31.0, 3.0, -4.0, 72.0, -10.0, -28.0, -50.0, 80.0, -60.0, -2.0, -17.0, 48.0, -4.0, -41.0, -12.0, 45.0, -49.0, 21.0, -2.0, 40.0, -12.0, -15.0, 25.0, 3.0, -30.0, 0.0, 12.0, 2.0, -50.0, -10.0, 21.0, -24.0, -11.0, -6.0, 6.0, -7.0, 71.0, -5.0, -29.0, -48.0, 76.0, -59.0, 0.0, -19.0, 45.0, -4.0, -41.0, -11.0, 33.0, -47.0, 20.0, -2.0, 37.0, -13.0, -14.0, 25.0, -2.0, -30.0, 0.0, 12.0, -3.0, -52.0, -8.0, 19.0, -28.0, -9.0, -7.0, 9.0, -9.0, 70.0, -3.0, -29.0, -46.0, 70.0, -58.0, ' 3.0]']","['[-22.0', 18.0, 33.0, 4.0, -30.0, -25.0, 14.0, 33.0, -31.0, -6.0, 42.0, -8.0, 32.0, -66.0, 12.0, 26.0, -20.0, -39.0, 5.0, -4.0, 22.0, -109.0, 18.0, -29.0, -1.0, -61.0, -19.0, 19.0, -8.0, -94.0, 18.0, -35.0, 1.0, -82.0, -23.0, 22.0, -35.0, -84.0, 19.0, -11.0, 32.0, -31.0, -12.0, 43.0, -6.0, 37.0, -73.0, 19.0, 27.0, -20.0, -44.0, 5.0, -2.0, 23.0, -114.0, 21.0, -30.0, -1.0, -63.0, -18.0, 20.0, -10.0, -95.0, 20.0, -36.0, 0.0, -81.0, -18.0, 24.0, -36.0, -82.0, 19.0, -11.0, 31.0, -30.0, -16.0, 43.0, -4.0, 40.0, -78.0, 21.0, ' 27.0]']","['[17.0', -3.0, ' -19.0', -2.0, 18.0, 7.0, -17.0, -11.0, 6.0, 33.0, 11.0, 29.0, 17.0, -33.0, -23.0, -47.0, 0.0, 61.0, 14.0, 9.0, 43.0, -5.0, 54.0, -10.0, 54.0, 37.0, 37.0, 8.0, 52.0, 10.0, 55.0, -15.0, 40.0, 45.0, 60.0, 3.0, 125.0, 22.0, 50.0, 16.0, -6.0, 2.0, 14.0, -8.0, 30.0, 5.0, -32.0, -23.0, -50.0, -7.0, 44.0, 11.0, 7.0, 41.0, -9.0, 48.0, -9.0, 46.0, 41.0, 31.0, 7.0, 43.0, 2.0, 61.0, -22.0, 46.0, 51.0, 42.0, 8.0, 117.0, 24.0, 74.0, 14.0, -4.0, -2.0, -4.0, -24.0, 30.0, -6.0, -29.0, -22.0, ' -50.0]']","['[-6.0', ' -18.0', ' 0.0', 20.0, 4.0, -18.0, -9.0, 15.0, -21.0, -82.0, -74.0, 3.0, -50.0, 0.0, -5.0, -8.0, -31.0, -69.0, -16.0, -8.0, -4.0, -25.0, -12.0, 9.0, -29.0, 21.0, -20.0, -4.0, -26.0, -35.0, 22.0, -26.0, 31.0, 33.0, -62.0, 33.0, -17.0, 5.0, 107.0, -8.0, 15.0, -21.0, -87.0, -75.0, -1.0, -56.0, 8.0, 1.0, 1.0, -29.0, -80.0, -20.0, -8.0, -14.0, -24.0, -25.0, 12.0, -41.0, 14.0, -28.0, -7.0, -35.0, -36.0, 9.0, -23.0, 19.0, 22.0, -77.0, 31.0, -48.0, 0.0, 92.0, -11.0, 16.0, -20.0, -89.0, -71.0, -9.0, -53.0, 14.0, 7.0, ' 16.0]']","['[32.0', ' 17.0', ' -22.0', -31.0, 8.0, 34.0, 10.0, -24.0, 99.0, -118.0, 66.0, -27.0, -4.0, 67.0, -37.0, 101.0, -5.0, -45.0, 1.0, 23.0, -10.0, 48.0, 4.0, 21.0, -25.0, 46.0, -22.0, 7.0, 3.0, 43.0, 9.0, -26.0, -12.0, 7.0, -33.0, 27.0, -23.0, -38.0, 3.0, -91.0, 24.0, 1.0, 48.0, -44.0, 49.0, -1.0, -62.0, 23.0, -89.0, 82.0, 14.0, 55.0, -8.0, 18.0, -7.0, -5.0, 87.0, 5.0, -86.0, 20.0, 1.0, -8.0, 33.0, -35.0, 49.0, 29.0, 67.0, 4.0, 44.0, 17.0, 61.0, 13.0, 85.0, -5.0, -104.0, 67.0, -17.0, -26.0, 5.0, 2.0, 10.0, ' 1.0]']","['[8.0', ' -29.0', ' -24.0', 15.0, 33.0, 1.0, -32.0, -17.0, -69.0, 21.0, 11.0, -42.0, 4.0, 32.0, -3.0, 39.0, -96.0, 13.0, -65.0, -5.0, -15.0, -21.0, 3.0, -118.0, 11.0, 71.0, -7.0, -7.0, 8.0, -65.0, 38.0, -41.0, -26.0, -85.0, 16.0, -72.0, -5.0, -47.0, -17.0, -42.0, -9.0, 121.0, -110.0, 50.0, 0.0, -5.0, 41.0, -29.0, 62.0, 51.0, -45.0, 35.0, 22.0, 0.0, 53.0, 1.0, 84.0, -27.0, -4.0, -15.0, 10.0, 0.0, 71.0, -13.0, 2.0, 4.0, 53.0, -37.0, 63.0, -15.0, -5.0, 13.0, -53.0, 24.0, -64.0, 97.0, -64.0, 42.0, 1.0, -75.0, 36.0, ' -108.0]']","['[69.0', ' -33.0', -93.0, -34.0, 71.0, 84.0, -9.0, -92.0, -36.0, -13.0, -67.0, 38.0, -53.0, 36.0, 44.0, 84.0, 24.0, -4.0, 76.0, 38.0, -3.0, 27.0, -65.0, 5.0, -60.0, 34.0, -12.0, 15.0, 83.0, 7.0, 43.0, -51.0, 66.0, 13.0, -50.0, 25.0, -104.0, 20.0, -1.0, 2.0, 71.0, -34.0, -9.0, 39.0, -22.0, 80.0, -56.0, 18.0, -71.0, 24.0, -31.0, -54.0, 4.0, -76.0, -22.0, 40.0, 63.0, 31.0, -14.0, 72.0, 12.0, -15.0, -15.0, -66.0, 33.0, -71.0, 50.0, -65.0, -17.0, 85.0, -28.0, 92.0, -33.0, 15.0, 73.0, 23.0, 27.0, -14.0, -34.0, 23.0, -66.0, ' -4.0]']","['[-63.0', -87.0, -1.0, 87.0, 61.0, -41.0, -92.0, -27.0, 63.0, 20.0, -4.0, 1.0, -60.0, 42.0, -50.0, 30.0, -45.0, 39.0, 16.0, -30.0, 94.0, 8.0, -3.0, -78.0, -1.0, -5.0, -78.0, -23.0, -34.0, 13.0, 51.0, -6.0, 42.0, -66.0, 110.0, 3.0, -35.0, 20.0, -109.0, 38.0, -63.0, -64.0, -20.0, -56.0, 32.0, -12.0, 8.0, 65.0, 53.0, 46.0, -23.0, 57.0, 49.0, -55.0, 17.0, -52.0, 47.0, -50.0, 31.0, 31.0, 25.0, 90.0, 0.0, 6.0, -39.0, 33.0, 47.0, -101.0, 18.0, -70.0, 6.0, 56.0, -19.0, 94.0, 6.0, 3.0, 63.0, -37.0, 75.0, -51.0, -18.0, ' -86.0]']",,,,,,
1740060617.731026,ble-pd-B43A31EF7B26,854cef74-68b5-89de-3dfc-1dce7a3581bf,6290,30,-64.0,,-77.0,-59.0,-62.0,-48.0,-70.0,2.955699748444518,,0.3300905613159423,-1.5091959460427644,-0.833880079386837,-2.4236807916505785,-1.88998649033996,0.4252657801153534,,0.1905660870680915,0.1861092536943302,0.2398811234198817,0.2954015193269419,1.0162018876145689,-3.28814172744751,6.990585803985596,1.812779664993286,-3.54,6.84,1.96,"['[23.0', 44.0, 3.0, -40.0, -33.0, 17.0, 45.0, 10.0, -35.0, 24.0, 25.0, 34.0, 1.0, -22.0, 62.0, -2.0, -26.0, -37.0, -3.0, 37.0, -8.0, -44.0, 19.0, -17.0, -1.0, -99.0, 1.0, 22.0, -9.0, -58.0, 9.0, -14.0, -31.0, -122.0, -6.0, 8.0, -32.0, -63.0, -1.0, -2.0, 17.0, -42.0, 32.0, 19.0, 36.0, -4.0, -16.0, 56.0, 0.0, -28.0, -25.0, -7.0, 40.0, -10.0, -37.0, 15.0, -12.0, 0.0, -92.0, -3.0, 29.0, -8.0, -55.0, 2.0, -10.0, -27.0, -123.0, -11.0, 13.0, -33.0, -65.0, -5.0, 0.0, 24.0, -49.0, 39.0, 14.0, 36.0, -9.0, -12.0, 49.0, ' 2.0]']","['[39.0', -9.0, -45.0, -20.0, 31.0, 42.0, -2.0, -44.0, 44.0, -52.0, 34.0, -12.0, 30.0, -23.0, 33.0, -14.0, 19.0, -64.0, 36.0, -26.0, 12.0, -33.0, 30.0, -27.0, -3.0, -34.0, 27.0, -52.0, 0.0, -26.0, 35.0, -28.0, -24.0, 15.0, 30.0, -51.0, 5.0, 12.0, 29.0, -26.0, -41.0, 38.0, -47.0, 37.0, -6.0, 30.0, -28.0, 42.0, -15.0, 15.0, -70.0, 35.0, -21.0, 10.0, -39.0, 33.0, -30.0, -3.0, -47.0, 28.0, -48.0, 0.0, -34.0, 35.0, -30.0, -29.0, -10.0, 29.0, -50.0, 0.0, 1.0, 29.0, -27.0, -38.0, 28.0, -41.0, 40.0, -1.0, 29.0, -30.0, 50.0, ' -14.0]']","[nan, nan, nan, nan, nan, nan, nan, nan, nan, nan, nan, nan, nan, nan, nan, nan, nan, nan, nan, nan, nan, nan, nan, nan, nan, nan, nan, nan, nan, nan, nan, nan, nan, nan, nan, nan, nan, nan, nan, nan, nan, nan, nan, nan, nan, nan, nan, nan, nan, nan, nan, nan, nan, nan, nan, nan, nan, nan, nan, nan, nan, nan, nan, nan, nan, nan, nan, nan, nan, nan, nan, nan, nan, nan, nan, nan, nan, nan, nan, nan, nan, nan]","[nan, nan, nan, nan, nan, nan, nan, nan, nan, nan, nan, nan, nan, nan, nan, nan, nan, nan, nan, nan, nan, nan, nan, nan, nan, nan, nan, nan, nan, nan, nan, nan, nan, nan, nan, nan, nan, nan, nan, nan, nan, nan, nan, nan, nan, nan, nan, nan, nan, nan, nan, nan, nan, nan, nan, nan, nan, nan, nan, nan, nan, nan, nan, nan, nan, nan, nan, nan, nan, nan, nan, nan, nan, nan, nan, nan, nan, nan, nan, nan, nan, nan]","['[0.0', 18.0, 11.0, -11.0, -18.0, 4.0, 19.0, 9.0, -31.0, 32.0, -22.0, 45.0, -11.0, 96.0, -11.0, 54.0, -46.0, 61.0, -33.0, 15.0, 16.0, -15.0, 12.0, -63.0, 23.0, -22.0, 7.0, -56.0, -1.0, -90.0, 40.0, -82.0, -45.0, -41.0, -14.0, -73.0, -8.0, -59.0, -21.0, -37.0, 10.0, 59.0, -101.0, 20.0, -42.0, 3.0, -73.0, -23.0, -19.0, 35.0, -7.0, 23.0, 27.0, -21.0, 95.0, -33.0, 113.0, -26.0, 39.0, -28.0, 73.0, 1.0, 75.0, -16.0, 36.0, 30.0, 10.0, 26.0, 5.0, 2.0, 1.0, 27.0, -34.0, -21.0, -50.0, 109.0, -5.0, 15.0, 6.0, ' 7.0', ' 44.0', ' -24.0]']","['[19.0', 5.0, -16.0, -15.0, 7.0, 19.0, 1.0, -19.0, -50.0, 109.0, -5.0, 15.0, 6.0, 8.0, 42.0, -26.0, -3.0, -48.0, -1.0, -55.0, 13.0, -116.0, 35.0, -97.0, 13.0, -33.0, 32.0, -46.0, -1.0, -15.0, -16.0, 33.0, 1.0, 25.0, -21.0, 61.0, 4.0, 62.0, -16.0, 83.0, 22.0, 9.0, -52.0, -12.0, 21.0, -13.0, 62.0, -37.0, 57.0, -31.0, 78.0, -25.0, 50.0, 3.0, 69.0, -15.0, 22.0, 7.0, 8.0, -18.0, -9.0, 0.0, -54.0, 39.0, -81.0, -32.0, -48.0, 3.0, -96.0, -10.0, -85.0, -4.0, -84.0, -8.0, 34.0, -34.0, 21.0, -44.0, 11.0, ' -97.0', ' 10.0', ' -55.0]']","['[-70.0', -74.0, 17.0, 86.0, 45.0, -52.0, -85.0, -8.0, 41.0, -68.0, 67.0, -3.0, -2.0, -13.0, -41.0, 32.0, -59.0, 10.0, -1.0, 0.0, 71.0, 1.0, 8.0, -5.0, 9.0, 24.0, -65.0, -14.0, -61.0, 13.0, 9.0, 20.0, -27.0, -37.0, 93.0, -4.0, -21.0, -23.0, -73.0, -19.0, -54.0, 10.0, 59.0, -75.0, 13.0, -31.0, 31.0, 36.0, 18.0, 51.0, -20.0, 63.0, 17.0, -29.0, -1.0, -36.0, -8.0, -32.0, -9.0, 24.0, 12.0, 80.0, 2.0, 16.0, -18.0, 47.0, 27.0, -105.0, 6.0, -67.0, 34.0, 23.0, 46.0, 87.0, -57.0, -19.0, 44.0, -17.0, 52.0, ' -34.0', ' -9.0', ' -58.0]']","['[-52.0', 45.0, 86.0, 15.0, -75.0, -71.0, 23.0, 87.0, -61.0, -11.0, 37.0, -16.0, 52.0, -33.0, -6.0, -67.0, -10.0, 18.0, -93.0, -24.0, -37.0, 0.0, 44.0, 18.0, 37.0, -13.0, 36.0, -1.0, -52.0, -18.0, -35.0, 6.0, -39.0, 0.0, 53.0, -4.0, 119.0, -25.0, 48.0, -49.0, -69.0, 75.0, -38.0, 17.0, 10.0, -42.0, 16.0, -24.0, 71.0, -31.0, -7.0, 67.0, 17.0, 74.0, 0.0, -27.0, -18.0, -20.0, 25.0, -71.0, -8.0, -3.0, 23.0, 32.0, 9.0, 10.0, -26.0, 20.0, 0.0, -102.0, 3.0, -84.0, 24.0, 15.0, -48.0, 68.0, -64.0, 1.0, 9.0, ' 10.0', ' 40.0', ' -45.0]']",,,,,,
1740060618.731297,ble-pd-B43A31EF7B26,77f64220-5441-77fc-0223-d4afcdb4aab0,6291,34,-66.0,,-77.0,-62.0,-58.0,-51.0,-54.0,2.8940832555677907,,0.3960434793956456,-1.5352203562150186,-0.7728038377761298,-2.4333691945297846,-1.0594790042240263,0.4449203417238154,,0.1763359185469302,0.2217860249214678,0.2154910312309926,0.2557943335899627,0.7870295067780485,-3.294870376586914,6.986112594604492,1.7915878295898438,-3.54,6.84,1.96,"['[34.0', -11.0, -42.0, -16.0, 31.0, 37.0, -7.0, -42.0, 42.0, -21.0, 27.0, -18.0, 45.0, -9.0, 24.0, -50.0, 20.0, -61.0, 31.0, -35.0, 16.0, -34.0, 14.0, -53.0, -7.0, -60.0, 26.0, -50.0, 8.0, -45.0, 19.0, -38.0, -39.0, -35.0, 12.0, -39.0, -2.0, -12.0, 26.0, -20.0, -39.0, 23.0, -12.0, 30.0, -3.0, 40.0, -13.0, 38.0, -51.0, 11.0, -65.0, 28.0, -21.0, 10.0, -37.0, 18.0, -55.0, -5.0, -78.0, 27.0, -40.0, 5.0, -55.0, 18.0, -41.0, -44.0, -64.0, 9.0, -31.0, -8.0, -29.0, 20.0, -16.0, -31.0, 5.0, -5.0, 32.0, 10.0, 33.0, -15.0, 48.0, ' -47.0]']","['[-25.0', -40.0, -2.0, 39.0, 28.0, -20.0, -42.0, -5.0, 56.0, -19.0, -18.0, -47.0, 10.0, 13.0, -51.0, 5.0, 25.0, 22.0, 9.0, -48.0, 18.0, 18.0, -16.0, 19.0, -6.0, 82.0, -7.0, -30.0, 10.0, 39.0, 0.0, 10.0, 23.0, 113.0, 11.0, -27.0, 21.0, 62.0, 15.0, -10.0, -17.0, 67.0, -25.0, -10.0, -50.0, 22.0, 10.0, -42.0, -9.0, 30.0, 3.0, 18.0, -56.0, 21.0, 7.0, -11.0, 4.0, -7.0, 64.0, 0.0, -44.0, 12.0, 25.0, 6.0, 0.0, 13.0, 101.0, 14.0, -36.0, 19.0, 55.0, 22.0, -16.0, -27.0, 71.0, -27.0, -2.0, -49.0, 32.0, 7.0, -31.0, ' -20.0]']","[nan, nan, nan, nan, nan, nan, nan, nan, nan, nan, nan, nan, nan, nan, nan, nan, nan, nan, nan, nan, nan, nan, nan, nan, nan, nan, nan, nan, nan, nan, nan, nan, nan, nan, nan, nan, nan, nan, nan, nan, nan, nan, nan, nan, nan, nan, nan, nan, nan, nan, nan, nan, nan, nan, nan, nan, nan, nan, nan, nan, nan, nan, nan, nan, nan, nan, nan, nan, nan, nan, nan, nan, nan, nan, nan, nan, nan, nan, nan, nan, nan, nan]","[nan, nan, nan, nan, nan, nan, nan, nan, nan, nan, nan, nan, nan, nan, nan, nan, nan, nan, nan, nan, nan, nan, nan, nan, nan, nan, nan, nan, nan, nan, nan, nan, nan, nan, nan, nan, nan, nan, nan, nan, nan, nan, nan, nan, nan, nan, nan, nan, nan, nan, nan, nan, nan, nan, nan, nan, nan, nan, nan, nan, nan, nan, nan, nan, nan, nan, nan, nan, nan, nan, nan, nan, nan, nan, nan, nan, nan, nan, nan, nan, nan, nan]","['[16.0', -13.0, -23.0, -1.0, 23.0, 13.0, -17.0, -20.0, 33.0, -47.0, 34.0, -39.0, 13.0, -54.0, 7.0, 30.0, 25.0, -52.0, 35.0, -25.0, 5.0, 1.0, 31.0, 52.0, -32.0, 30.0, 2.0, 65.0, 31.0, 71.0, -27.0, 88.0, 64.0, 63.0, -24.0, 90.0, 3.0, 59.0, 3.0, -1.0, 7.0, -9.0, 88.0, -20.0, 25.0, -10.0, 43.0, -14.0, -38.0, -5.0, 15.0, -26.0, -10.0, -4.0, -48.0, -16.0, -69.0, 30.0, -48.0, 45.0, -92.0, -13.0, -67.0, 24.0, -15.0, -40.0, -4.0, -15.0, -20.0, 1.0, -2.0, -38.0, 54.0, 9.0, -21.0, -86.0, -5.0, 2.0, 2.0, ' -13.0', ' 16.0', ' 26.0]']","['[-17.0', -21.0, 6.0, 24.0, 5.0, -21.0, -17.0, 12.0, -25.0, -78.0, -11.0, 9.0, 0.0, -2.0, 14.0, 21.0, -21.0, 41.0, -1.0, 46.0, 0.0, 71.0, -12.0, 42.0, -5.0, 39.0, -75.0, 66.0, -16.0, 17.0, -2.0, -83.0, -15.0, -65.0, 49.0, -73.0, -8.0, -69.0, 52.0, -79.0, -21.0, 42.0, 27.0, 31.0, -32.0, 7.0, -31.0, -4.0, 3.0, 32.0, -66.0, 24.0, -53.0, 4.0, -54.0, 29.0, 1.0, -15.0, -11.0, 59.0, -7.0, 32.0, 32.0, -15.0, 119.0, 54.0, 88.0, -51.0, 114.0, 6.0, 92.0, -37.0, 56.0, 23.0, -37.0, 34.0, -37.0, 41.0, -11.0, ' 53.0', ' -4.0', ' -27.0]']","['[71.0', 75.0, -14.0, -86.0, -48.0, 53.0, 87.0, 10.0, -62.0, 64.0, -97.0, -4.0, -13.0, 9.0, 84.0, -10.0, 71.0, -23.0, -5.0, -21.0, -96.0, -27.0, -16.0, -37.0, -18.0, -50.0, 70.0, 1.0, 60.0, -24.0, -7.0, -80.0, 83.0, -1.0, -64.0, -10.0, 4.0, 44.0, 75.0, 7.0, 44.0, 0.0, -54.0, 100.0, -7.0, 59.0, -11.0, -78.0, -18.0, -64.0, 31.0, -60.0, 9.0, 50.0, 37.0, 48.0, 73.0, 31.0, 45.0, -40.0, 9.0, -86.0, 3.0, -23.0, 58.0, -118.0, -6.0, 49.0, 22.0, 43.0, -57.0, -14.0, -67.0, -80.0, 64.0, 21.0, -68.0, 17.0, -84.0, ' 9.0', ' 43.0', ' 32.0]']","['[53.0', -47.0, -87.0, -19.0, 75.0, 72.0, -22.0, -88.0, 89.0, 0.0, -36.0, 18.0, -85.0, 6.0, 14.0, 44.0, 12.0, -23.0, 116.0, 14.0, 51.0, -25.0, -62.0, -73.0, -27.0, -7.0, -32.0, -18.0, 63.0, 28.0, 48.0, 14.0, 85.0, 14.0, 2.0, -23.0, -85.0, 38.0, -82.0, 109.0, 77.0, -110.0, 37.0, -25.0, -17.0, 63.0, 0.0, 37.0, -41.0, 30.0, 6.0, -99.0, -23.0, -97.0, 5.0, 43.0, 38.0, 11.0, -23.0, 65.0, 14.0, -16.0, -37.0, -43.0, -57.0, -25.0, -12.0, -39.0, 12.0, 74.0, -6.0, 111.0, -84.0, -36.0, 90.0, -62.0, 80.0, 9.0, -17.0, ' -6.0', ' -76.0', ' 24.0]']",,,,,,
1740060619.72911,ble-pd-B43A31EF7B26,545a4254-e01f-b25c-97b4-c0f714c3241d,6292,15,-64.0,,-70.0,-61.0,-57.0,-53.0,-56.0,2.8757617725324818,,0.3479406648383074,-1.5448564719872524,-0.8945724104424544,-2.3770414151922665,-1.1828560641400452,0.3970954613157406,,0.1565604827144923,0.1688366233648351,0.189057130381564,0.3246256927238578,0.9221827256984196,-3.315271615982056,6.992111682891846,1.773046851158142,-3.54,6.84,1.96,"['[44.0', 20.0, -29.0, -40.0, 3.0, 43.0, 24.0, -24.0, 34.0, -71.0, -6.0, 36.0, -2.0, -20.0, 54.0, -15.0, 33.0, -28.0, 8.0, 37.0, -19.0, 31.0, 47.0, 8.0, -5.0, 2.0, 28.0, 0.0, -25.0, 48.0, 17.0, 32.0, -21.0, 63.0, 56.0, -13.0, 7.0, 83.0, 0.0, 8.0, -27.0, 34.0, -70.0, -7.0, 35.0, -4.0, -14.0, 51.0, -18.0, 33.0, -22.0, 9.0, 34.0, -23.0, 38.0, 47.0, 10.0, -4.0, 8.0, 29.0, -2.0, -25.0, 53.0, 14.0, 33.0, -19.0, 65.0, 56.0, -16.0, 12.0, 88.0, 0.0, 8.0, -28.0, 35.0, -67.0, -9.0, 33.0, -8.0, -8.0, 45.0, ' -19.0]']","['[7.0', -39.0, -33.0, 18.0, 44.0, 11.0, -37.0, -35.0, 11.0, 46.0, -20.0, -22.0, -61.0, 114.0, -64.0, -26.0, 2.0, 66.0, 7.0, -30.0, -37.0, 121.0, -55.0, 37.0, -3.0, 91.0, 9.0, -28.0, 25.0, 93.0, -42.0, 21.0, 19.0, 87.0, -12.0, -32.0, 48.0, 69.0, -5.0, -1.0, -32.0, 8.0, 48.0, -20.0, -24.0, -61.0, 114.0, -67.0, -24.0, 0.0, 69.0, 6.0, -33.0, -35.0, 121.0, -56.0, 36.0, -2.0, 92.0, 8.0, -29.0, 25.0, 90.0, -43.0, 20.0, 21.0, 86.0, -14.0, -31.0, 47.0, 63.0, -6.0, -1.0, -32.0, 6.0, 54.0, -20.0, -26.0, -61.0, 115.0, -71.0, ' -23.0]']","[nan, nan, nan, nan, nan, nan, nan, nan, nan, nan, nan, nan, nan, nan, nan, nan, nan, nan, nan, nan, nan, nan, nan, nan, nan, nan, nan, nan, nan, nan, nan, nan, nan, nan, nan, nan, nan, nan, nan, nan, nan, nan, nan, nan, nan, nan, nan, nan, nan, nan, nan, nan, nan, nan, nan, nan, nan, nan, nan, nan, nan, nan, nan, nan, nan, nan, nan, nan, nan, nan, nan, nan, nan, nan, nan, nan, nan, nan, nan, nan, nan, nan]","[nan, nan, nan, nan, nan, nan, nan, nan, nan, nan, nan, nan, nan, nan, nan, nan, nan, nan, nan, nan, nan, nan, nan, nan, nan, nan, nan, nan, nan, nan, nan, nan, nan, nan, nan, nan, nan, nan, nan, nan, nan, nan, nan, nan, nan, nan, nan, nan, nan, nan, nan, nan, nan, nan, nan, nan, nan, nan, nan, nan, nan, nan, nan, nan, nan, nan, nan, nan, nan, nan, nan, nan, nan, nan, nan, nan, nan, nan, nan, nan, nan, nan]","['[1.0', 20.0, 10.0, -15.0, -19.0, 6.0, 21.0, 8.0, 88.0, -82.0, 13.0, -4.0, -1.0, 42.0, -28.0, 89.0, 17.0, -6.0, 15.0, 45.0, -1.0, 61.0, -6.0, 75.0, -11.0, 25.0, -11.0, 6.0, -6.0, 16.0, 9.0, -41.0, 10.0, 3.0, -13.0, 1.0, -3.0, -36.0, -1.0, -57.0, 9.0, -36.0, 50.0, -28.0, 8.0, 0.0, -52.0, 21.0, -92.0, 36.0, -11.0, 22.0, -24.0, 11.0, -23.0, -2.0, 36.0, 5.0, -37.0, 3.0, 20.0, 1.0, 50.0, -24.0, 82.0, 8.0, 41.0, 16.0, 30.0, 16.0, 43.0, 17.0, 49.0, -18.0, -50.0, 25.0, 18.0, -4.0, 1.0, ' 18.0', ' 5.0', ' 14.0]']","['[21.0', 5.0, -18.0, -14.0, 11.0, 21.0, 0.0, -17.0, -19.0, -4.0, 25.0, -6.0, 1.0, 34.0, -5.0, 48.0, -56.0, 18.0, -36.0, 0.0, -12.0, -13.0, 6.0, -95.0, 1.0, 28.0, 2.0, -30.0, 3.0, -69.0, 22.0, -70.0, -16.0, -53.0, -11.0, -39.0, -17.0, -27.0, -20.0, -19.0, 16.0, 83.0, -66.0, -3.0, -1.0, -2.0, 15.0, -20.0, 43.0, 45.0, -15.0, 33.0, 37.0, 6.0, 58.0, -9.0, 117.0, -10.0, 4.0, -11.0, 22.0, -8.0, 50.0, -5.0, 6.0, 17.0, 30.0, -4.0, 24.0, 6.0, -16.0, 9.0, -35.0, -1.0, -76.0, 79.0, -22.0, 7.0, 1.0, ' -51.0', ' 29.0', ' -99.0]']","['[-19.0', -71.0, -30.0, 51.0, 66.0, -2.0, -66.0, -48.0, 41.0, -23.0, -17.0, 5.0, -39.0, 29.0, -22.0, 67.0, -23.0, 29.0, 30.0, 8.0, 79.0, 12.0, -15.0, -34.0, -1.0, 23.0, -62.0, 15.0, -20.0, 22.0, 49.0, -10.0, 31.0, -40.0, 88.0, 23.0, -58.0, 15.0, -74.0, 6.0, -20.0, -46.0, -5.0, -12.0, 8.0, 19.0, -5.0, 65.0, -3.0, 36.0, -48.0, 37.0, 9.0, -57.0, -13.0, -33.0, 36.0, -35.0, 9.0, 23.0, 8.0, 67.0, -31.0, -20.0, -16.0, 19.0, 58.0, -119.0, 11.0, -49.0, -10.0, 51.0, 2.0, 68.0, 7.0, 29.0, 30.0, -14.0, 16.0, ' -23.0', ' -50.0', ' -60.0]']","['[-68.0', -5.0, 64.0, 49.0, -26.0, -72.0, -24.0, 54.0, 26.0, 23.0, 26.0, -12.0, 1.0, -13.0, -64.0, -43.0, -28.0, 39.0, -65.0, -18.0, 17.0, 8.0, 52.0, -21.0, 43.0, -28.0, 11.0, -19.0, -66.0, 21.0, -7.0, 27.0, -43.0, -42.0, 84.0, -30.0, 99.0, 2.0, -14.0, -7.0, -69.0, 20.0, -31.0, -29.0, 11.0, -33.0, 32.0, 18.0, 81.0, -4.0, 1.0, 61.0, 16.0, 56.0, 5.0, -44.0, -17.0, -25.0, 35.0, -58.0, 24.0, 20.0, 7.0, 44.0, -24.0, 49.0, -9.0, 27.0, 36.0, -103.0, 12.0, -55.0, 10.0, 21.0, -50.0, 12.0, 5.0, -1.0, 34.0, ' -23.0', ' 46.0', ' -51.0]']",,,,,,
1740060620.727508,ble-pd-B43A31EF7B26,37556544-50e4-cb9f-a775-cffe508baa22,6293,34,-64.0,,-76.0,-63.0,-60.0,,,2.8622456973681114,,0.3993199664847701,-1.5521083927935924,-0.8051473215590226,,,0.3554758794056049,,0.0783076635940955,0.1687918989032787,0.1961606359924609,,,,,,-3.54,6.84,1.96,"['[11.0', -48.0, -46.0, 18.0, 57.0, 17.0, -45.0, -49.0, 74.0, -26.0, 32.0, -40.0, 43.0, -8.0, 1.0, -11.0, 29.0, -1.0, 41.0, -72.0, 28.0, -13.0, 6.0, -31.0, 2.0, 60.0, 12.0, -71.0, 12.0, -7.0, 21.0, -28.0, 2.0, 68.0, 14.0, -49.0, 18.0, 27.0, 14.0, -28.0, -56.0, 69.0, -27.0, 39.0, -30.0, 46.0, -16.0, 22.0, -17.0, 24.0, -25.0, 47.0, -66.0, 26.0, -28.0, 15.0, -39.0, 0.0, 32.0, 17.0, -76.0, 13.0, -21.0, 27.0, -36.0, -14.0, 33.0, 16.0, -52.0, 10.0, 10.0, 21.0, -27.0, -58.0, 57.0, -27.0, 45.0, -21.0, 46.0, -23.0, 39.0, ' -19.0]']","['[-57.0', -30.0, 35.0, 54.0, 0.0, -54.0, -35.0, 32.0, 9.0, 11.0, -32.0, -25.0, -19.0, 29.0, -73.0, 17.0, 13.0, 91.0, -31.0, -10.0, 5.0, 49.0, -34.0, 35.0, 10.0, 103.0, -20.0, 27.0, -3.0, 58.0, -24.0, 32.0, 50.0, 105.0, -9.0, 16.0, 28.0, 58.0, -25.0, 0.0, 16.0, 26.0, 2.0, -23.0, -37.0, -7.0, 26.0, -70.0, 13.0, 22.0, 87.0, -18.0, -31.0, 14.0, 43.0, -32.0, 26.0, 10.0, 116.0, -17.0, 5.0, 0.0, 54.0, -18.0, 22.0, 50.0, 120.0, -5.0, 2.0, 32.0, 64.0, -20.0, -7.0, 2.0, 48.0, -4.0, -11.0, -43.0, 5.0, 21.0, -62.0, ' 9.0]']","[nan, nan, nan, nan, nan, nan, nan, nan, nan, nan, nan, nan, nan, nan, nan, nan, nan, nan, nan, nan, nan, nan, nan, nan, nan, nan, nan, nan, nan, nan, nan, nan, nan, nan, nan, nan, nan, nan, nan, nan, nan, nan, nan, nan, nan, nan, nan, nan, nan, nan, nan, nan, nan, nan, nan, nan, nan, nan, nan, nan, nan, nan, nan, nan, nan, nan, nan, nan, nan, nan, nan, nan, nan, nan, nan, nan, nan, nan, nan, nan, nan, nan]","[nan, nan, nan, nan, nan, nan, nan, nan, nan, nan, nan, nan, nan, nan, nan, nan, nan, nan, nan, nan, nan, nan, nan, nan, nan, nan, nan, nan, nan, nan, nan, nan, nan, nan, nan, nan, nan, nan, nan, nan, nan, nan, nan, nan, nan, nan, nan, nan, nan, nan, nan, nan, nan, nan, nan, nan, nan, nan, nan, nan, nan, nan, nan, nan, nan, nan, nan, nan, nan, nan, nan, nan, nan, nan, nan, nan, nan, nan, nan, nan, nan, nan]","['[9.0', 22.0, 3.0, -20.0, -15.0, 12.0, 22.0, -2.0, -31.0, 118.0, -11.0, 24.0, 0.0, 4.0, 42.0, -104.0, 14.0, -38.0, 7.0, -42.0, 18.0, -68.0, 3.0, -29.0, 1.0, -53.0, 11.0, -60.0, -37.0, -14.0, -1.0, 44.0, -26.0, 0.0, -20.0, 31.0, -6.0, 14.0, -36.0, 38.0, 18.0, -38.0, -84.0, -18.0, 20.0, -3.0, 23.0, -3.0, 48.0, -40.0, 81.0, -18.0, 45.0, 4.0, 45.0, 1.0, -36.0, 23.0, 31.0, -22.0, 23.0, 33.0, -25.0, 26.0, -92.0, -44.0, -60.0, 27.0, -82.0, 3.0, -62.0, 47.0, -51.0, -24.0, 93.0, 6.0, 41.0, -56.0, 3.0, ' -37.0', ' -40.0', ' 23.0]']","['[20.0', -2.0, -22.0, -10.0, 17.0, 18.0, -6.0, -21.0, 100.0, -16.0, 43.0, -62.0, 5.0, -38.0, -48.0, 45.0, 45.0, -81.0, 21.0, -21.0, -32.0, 11.0, -5.0, 95.0, -36.0, 17.0, 21.0, 36.0, -7.0, 58.0, -41.0, 89.0, 103.0, 96.0, -16.0, 94.0, 1.0, 81.0, -29.0, 33.0, 13.0, -100.0, 85.0, -38.0, 64.0, -2.0, 31.0, 63.0, -101.0, -25.0, 39.0, -11.0, -13.0, 37.0, -53.0, 6.0, -92.0, 28.0, -48.0, -8.0, -65.0, -20.0, -55.0, 29.0, -40.0, -96.0, -74.0, 0.0, -53.0, -4.0, -52.0, 0.0, 2.0, 0.0, 51.0, -120.0, 19.0, -37.0, -1.0, ' -9.0', ' -50.0', ' 109.0]']","['[64.0', 84.0, -4.0, -86.0, -57.0, 44.0, 89.0, 23.0, -79.0, 94.0, -97.0, -3.0, 21.0, 10.0, 66.0, 1.0, 80.0, 5.0, -38.0, -1.0, -117.0, 5.0, 0.0, 14.0, -11.0, -53.0, 78.0, 6.0, 37.0, -17.0, -50.0, -83.0, -8.0, -7.0, -99.0, -11.0, 14.0, 3.0, 90.0, -43.0, 32.0, 27.0, -87.0, 120.0, -13.0, 36.0, -11.0, -82.0, -16.0, -83.0, 30.0, -31.0, -1.0, 91.0, 17.0, 51.0, 45.0, 42.0, 69.0, -53.0, 15.0, -82.0, 17.0, 17.0, 90.0, -52.0, 4.0, 92.0, 17.0, 35.0, -18.0, -67.0, -8.0, -77.0, 32.0, 50.0, -101.0, 29.0, -87.0, ' 6.0', ' 65.0', ' 19.0]']","['[63.0', -34.0, -90.0, -28.0, 69.0, 78.0, -10.0, -86.0, 63.0, 18.0, -72.0, 32.0, -101.0, 4.0, 46.0, 26.0, 30.0, -64.0, 108.0, 3.0, 19.0, -37.0, -87.0, -100.0, -55.0, -45.0, -24.0, -35.0, 84.0, -5.0, 38.0, -39.0, 108.0, 2.0, -19.0, -15.0, -85.0, 28.0, -13.0, 78.0, 85.0, -98.0, 38.0, 3.0, -29.0, 98.0, 2.0, 1.0, -20.0, 21.0, 56.0, -112.0, -2.0, -78.0, 33.0, 69.0, 90.0, 38.0, 8.0, 62.0, 32.0, -44.0, -5.0, -60.0, -10.0, -94.0, -6.0, -42.0, 6.0, 78.0, -21.0, 60.0, -89.0, -49.0, 97.0, -82.0, 65.0, 16.0, -57.0, ' -8.0', ' -48.0', ' 6.0]']",,,,,,
1740060621.730007,ble-pd-B43A31EF7B26,54863871-e34b-5f30-5cb2-b09fac570a86,6294,26,-64.0,,-70.0,-61.0,-60.0,-48.0,-56.0,2.8754587048004305,,0.471577652129127,-1.5488643962697672,-0.842972274281722,-2.363990581106925,-0.6740365209304908,0.3567871533473327,,0.1262777112487149,0.1231708675210285,0.3268060417451712,0.3621811083413312,1.0528410766619425,-3.3411569595336914,6.989850044250488,1.7573819160461426,-3.54,6.84,1.96,"['[47.0', -18.0, -57.0, -20.0, 45.0, 50.0, -10.0, -57.0, 28.0, -61.0, 73.0, -23.0, 57.0, -63.0, 36.0, 4.0, 8.0, -11.0, 61.0, -35.0, 30.0, -44.0, 55.0, -42.0, -6.0, 35.0, 38.0, -31.0, -7.0, -23.0, 44.0, -28.0, -15.0, 50.0, 24.0, -5.0, -6.0, 32.0, 25.0, -32.0, -54.0, 25.0, -63.0, 83.0, -18.0, 57.0, -71.0, 43.0, 12.0, 7.0, -26.0, 66.0, -33.0, 29.0, -56.0, 59.0, -44.0, -5.0, 24.0, 40.0, -31.0, -9.0, -36.0, 50.0, -35.0, -15.0, 37.0, 22.0, -4.0, -9.0, 15.0, 26.0, -34.0, -51.0, 22.0, -65.0, 89.0, -15.0, 56.0, -74.0, 53.0, ' 17.0]']","['[-34.0', -55.0, -1.0, 55.0, 37.0, -30.0, -57.0, -9.0, 15.0, 28.0, -66.0, -19.0, -4.0, 44.0, -70.0, -50.0, 12.0, 106.0, -34.0, -10.0, 0.0, 88.0, -29.0, 11.0, -11.0, 100.0, -14.0, 4.0, 4.0, 94.0, -37.0, 39.0, 14.0, 114.0, 13.0, -12.0, 17.0, 118.0, -13.0, 20.0, -14.0, 19.0, 19.0, -53.0, -23.0, 5.0, 33.0, -65.0, -49.0, 13.0, 103.0, -23.0, -15.0, 5.0, 82.0, -24.0, 5.0, -12.0, 104.0, -10.0, -1.0, 4.0, 90.0, -30.0, 34.0, 11.0, 120.0, 17.0, -13.0, 15.0, 122.0, -8.0, 15.0, -25.0, 22.0, 9.0, -43.0, -26.0, 12.0, 26.0, -57.0, ' -45.0]']","[nan, nan, nan, nan, nan, nan, nan, nan, nan, nan, nan, nan, nan, nan, nan, nan, nan, nan, nan, nan, nan, nan, nan, nan, nan, nan, nan, nan, nan, nan, nan, nan, nan, nan, nan, nan, nan, nan, nan, nan, nan, nan, nan, nan, nan, nan, nan, nan, nan, nan, nan, nan, nan, nan, nan, nan, nan, nan, nan, nan, nan, nan, nan, nan, nan, nan, nan, nan, nan, nan, nan, nan, nan, nan, nan, nan, nan, nan, nan, nan, nan, nan]","[nan, nan, nan, nan, nan, nan, nan, nan, nan, nan, nan, nan, nan, nan, nan, nan, nan, nan, nan, nan, nan, nan, nan, nan, nan, nan, nan, nan, nan, nan, nan, nan, nan, nan, nan, nan, nan, nan, nan, nan, nan, nan, nan, nan, nan, nan, nan, nan, nan, nan, nan, nan, nan, nan, nan, nan, nan, nan, nan, nan, nan, nan, nan, nan, nan, nan, nan, nan, nan, nan, nan, nan, nan, nan, nan, nan, nan, nan, nan, nan, nan, nan]","['[-38.0', -4.0, 37.0, 24.0, -23.0, -36.0, 4.0, 38.0, -41.0, 25.0, -41.0, 9.0, -17.0, 57.0, -4.0, -16.0, -15.0, 47.0, -13.0, 31.0, 14.0, -13.0, 16.0, -24.0, 30.0, -17.0, -5.0, -45.0, -20.0, -43.0, 11.0, -50.0, -45.0, -38.0, 49.0, -76.0, 5.0, -57.0, 39.0, -59.0, -30.0, 39.0, -100.0, -3.0, -11.0, -12.0, -38.0, -34.0, 4.0, 4.0, -5.0, -4.0, -1.0, -13.0, 55.0, -21.0, 48.0, -15.0, 13.0, -24.0, 71.0, 8.0, 42.0, -20.0, 8.0, 25.0, 10.0, -37.0, 26.0, -18.0, 9.0, 6.0, 6.0, 3.0, -14.0, 111.0, 41.0, 6.0, 34.0, ' -6.0', ' 49.0', ' 11.0]']","['[6.0', 39.0, 14.0, -33.0, -31.0, 14.0, 38.0, 5.0, -16.0, 111.0, 39.0, 4.0, 33.0, -2.0, 49.0, 10.0, 9.0, -40.0, 21.0, -24.0, 5.0, -61.0, 14.0, -42.0, -9.0, -2.0, 37.0, -55.0, 6.0, -18.0, 17.0, 34.0, 7.0, 19.0, 5.0, 32.0, 19.0, 44.0, -46.0, 45.0, 25.0, -18.0, -57.0, -56.0, 3.0, -36.0, 42.0, -38.0, -19.0, -18.0, 63.0, -24.0, 39.0, 6.0, 30.0, 1.0, 11.0, 28.0, -9.0, -30.0, 3.0, -19.0, -20.0, -5.0, -61.0, -39.0, -41.0, 30.0, -78.0, -10.0, -72.0, 59.0, -74.0, -41.0, 42.0, -29.0, 37.0, -10.0, 15.0, ' -57.0', ' 0.0', ' 16.0]']","['[13.0', 78.0, 44.0, -47.0, -78.0, -9.0, 71.0, 63.0, -82.0, 33.0, -5.0, 1.0, 77.0, -55.0, 27.0, -43.0, 36.0, 17.0, -104.0, 42.0, -84.0, 14.0, 58.0, 40.0, 44.0, -45.0, 64.0, 15.0, -38.0, 6.0, -64.0, -1.0, -75.0, 1.0, -26.0, -20.0, 94.0, -43.0, 88.0, -73.0, -5.0, 84.0, -82.0, 74.0, -36.0, -18.0, 23.0, -73.0, 47.0, -76.0, 20.0, 38.0, -31.0, 119.0, -24.0, -9.0, -12.0, -7.0, 67.0, -84.0, 19.0, -30.0, 4.0, 41.0, 28.0, 4.0, -17.0, 80.0, 15.0, -44.0, 12.0, -122.0, 33.0, -52.0, -38.0, 86.0, -99.0, 54.0, -55.0, ' 24.0', ' 78.0', ' -29.0]']","['[79.0', 17.0, -67.0, -65.0, 20.0, 80.0, 37.0, -54.0, -34.0, 83.0, -98.0, 53.0, -57.0, 26.0, 75.0, -23.0, 71.0, -49.0, 52.0, 1.0, -83.0, 21.0, -44.0, -25.0, -35.0, -49.0, 52.0, -45.0, 84.0, -13.0, 8.0, -38.0, 69.0, 23.0, -88.0, 0.0, -37.0, 26.0, 86.0, 26.0, 82.0, -34.0, -37.0, 67.0, -39.0, 96.0, -56.0, -36.0, -12.0, -25.0, 47.0, -110.0, 28.0, 3.0, -6.0, 72.0, 46.0, 57.0, 4.0, 6.0, 43.0, -88.0, 13.0, -49.0, 25.0, -102.0, -15.0, 44.0, -14.0, 91.0, -49.0, 0.0, -69.0, -65.0, 83.0, -30.0, 3.0, 2.0, -81.0, ' 55.0', ' -26.0', ' 42.0]']",,,,,,
1740060622.728826,ble-pd-B43A31EF7B26,4fa8db5e-e742-4143-6952-d89952e4dfe9,6295,15,-65.0,-75.0,-76.0,-65.0,-62.0,,-58.0,2.832825224173788,-1.5089188441313417,0.3455890935957674,-1.5535795229797524,-0.924012215724146,,-0.7820171386704953,0.325737158461017,0.2154861176258035,0.096997203814432,0.1128591327473769,0.3730256274976029,,0.9276657744169008,-3.372753620147705,6.990947246551514,1.7515267133712769,-3.54,6.84,1.96,"['[-20.0', 32.0, 41.0, -7.0, -46.0, -23.0, 31.0, 42.0, -22.0, 0.0, 11.0, 22.0, 48.0, -96.0, 73.0, 16.0, -16.0, -49.0, -14.0, 26.0, 29.0, -125.0, 55.0, -61.0, 3.0, -66.0, -19.0, 26.0, -26.0, -97.0, 35.0, -47.0, -36.0, -100.0, 0.0, 23.0, -67.0, -89.0, -2.0, -19.0, 40.0, -19.0, -3.0, 12.0, 24.0, 48.0, -98.0, 84.0, 14.0, -14.0, -52.0, -12.0, 28.0, 28.0, -125.0, 58.0, -62.0, 3.0, -66.0, -18.0, 26.0, -28.0, -96.0, 37.0, -47.0, -37.0, -99.0, 3.0, 22.0, -66.0, -84.0, -2.0, -18.0, 38.0, -18.0, -10.0, 14.0, 27.0, 47.0, -100.0, 88.0, ' 13.0]']","['[43.0', 33.0, -21.0, -46.0, -8.0, 42.0, 35.0, -16.0, 45.0, -95.0, 22.0, 39.0, -2.0, -43.0, 93.0, -25.0, 36.0, -40.0, 21.0, 31.0, -26.0, -1.0, 79.0, -14.0, -5.0, -15.0, 35.0, -10.0, -37.0, 16.0, 33.0, 11.0, -23.0, 23.0, 60.0, -23.0, 15.0, 57.0, 5.0, 0.0, -19.0, 46.0, -95.0, 21.0, 37.0, -6.0, -40.0, 85.0, -26.0, 36.0, -37.0, 22.0, 29.0, -27.0, 7.0, 77.0, -13.0, -6.0, -15.0, 36.0, -12.0, -34.0, 24.0, 31.0, 15.0, -22.0, 27.0, 59.0, -25.0, 20.0, 65.0, 4.0, 2.0, -22.0, 46.0, -94.0, 20.0, 36.0, -8.0, -34.0, 80.0, ' -28.0]']","['[-24.0', 7.0, ' 27.0', 0.0, -27.0, -7.0, 25.0, 15.0, 5.0, 63.0, 69.0, 0.0, 40.0, 10.0, 20.0, 10.0, 8.0, 40.0, 14.0, -20.0, -14.0, 22.0, -29.0, 13.0, 5.0, -41.0, 4.0, -19.0, -15.0, 1.0, -19.0, 15.0, -24.0, -45.0, 16.0, -25.0, -38.0, -43.0, -74.0, -8.0, 7.0, 5.0, 85.0, 75.0, 11.0, 48.0, 5.0, 13.0, -3.0, 7.0, 60.0, 13.0, -11.0, -5.0, 25.0, -17.0, 7.0, 12.0, -32.0, 15.0, -17.0, -6.0, 9.0, -19.0, 17.0, -23.0, -35.0, 34.0, -29.0, -14.0, -48.0, -70.0, -13.0, 4.0, 6.0, 98.0, 79.0, 21.0, 54.0, 1.0, 6.0, ' -14.0]']","['[11.0', ' 26.0', ' -4.0', -27.0, -4.0, 25.0, 11.0, -23.0, 0.0, 95.0, 36.0, 46.0, 36.0, -19.0, -29.0, -57.0, -1.0, 92.0, 0.0, 36.0, 48.0, 14.0, 49.0, -17.0, 29.0, 37.0, 51.0, 3.0, 43.0, 41.0, 3.0, 8.0, -5.0, 40.0, 75.0, -18.0, 99.0, -18.0, 17.0, -20.0, -25.0, -2.0, 78.0, 21.0, 46.0, 26.0, -20.0, -32.0, -58.0, -4.0, 80.0, -1.0, 41.0, 50.0, 7.0, 55.0, -18.0, 26.0, 46.0, 48.0, 9.0, 45.0, 39.0, 7.0, 4.0, 2.0, 50.0, 68.0, -10.0, 106.0, -8.0, 29.0, -17.0, -25.0, -3.0, 59.0, 4.0, 39.0, 14.0, -22.0, -34.0, ' -56.0]']","['[12.0', ' 0.0', ' -13.0', -6.0, 10.0, 11.0, -4.0, -13.0, -49.0, 61.0, -5.0, 12.0, 12.0, -46.0, 11.0, -46.0, -32.0, 5.0, -32.0, -34.0, -6.0, -75.0, 15.0, -117.0, 10.0, -45.0, 21.0, -35.0, -2.0, -58.0, 5.0, -21.0, -14.0, -26.0, 4.0, -12.0, -9.0, 47.0, -15.0, 84.0, 11.0, 54.0, -32.0, 20.0, -15.0, 6.0, 74.0, -32.0, 103.0, -11.0, 23.0, 0.0, 51.0, 8.0, 56.0, -20.0, 41.0, -2.0, 60.0, -22.0, 1.0, -5.0, -40.0, 30.0, -75.0, 9.0, -41.0, 1.0, -40.0, -1.0, -66.0, -7.0, -87.0, 2.0, -11.0, -27.0, -15.0, 4.0, -18.0, -37.0, 23.0, ' -70.0]']","['[-3.0', ' -13.0', ' -3.0', 12.0, 8.0, -7.0, -12.0, -3.0, -32.0, -4.0, -19.0, 10.0, -15.0, -56.0, 30.0, -93.0, 36.0, -31.0, 22.0, -40.0, -6.0, -16.0, 13.0, 28.0, -2.0, -44.0, 12.0, 23.0, 6.0, 89.0, -40.0, 104.0, -2.0, 67.0, -4.0, 58.0, 8.0, 47.0, 18.0, 50.0, -9.0, -22.0, 53.0, 6.0, 4.0, 18.0, -5.0, -6.0, 11.0, -46.0, 22.0, -39.0, -7.0, -1.0, -53.0, 5.0, -114.0, 12.0, -9.0, 11.0, -43.0, -5.0, -99.0, 26.0, -75.0, -11.0, -61.0, 5.0, -44.0, -12.0, 11.0, -22.0, 42.0, 13.0, 57.0, -56.0, 13.0, -15.0, -5.0, 64.0, -22.0, ' 78.0]']","['[-35.0', ' 12.0', 45.0, 19.0, -31.0, -41.0, 2.0, 43.0, -7.0, 13.0, 21.0, 4.0, -3.0, -30.0, -50.0, -22.0, -12.0, 43.0, -67.0, 16.0, -19.0, 15.0, 52.0, 5.0, 32.0, -14.0, 39.0, -6.0, -49.0, 36.0, -16.0, 9.0, -66.0, -34.0, 51.0, -46.0, 117.0, 0.0, 23.0, -29.0, -37.0, 48.0, -45.0, -8.0, -19.0, -7.0, 14.0, 12.0, 55.0, -9.0, -18.0, 46.0, -5.0, 74.0, -21.0, -23.0, -12.0, 8.0, 29.0, -60.0, 30.0, -9.0, -1.0, 33.0, 4.0, 35.0, -2.0, 63.0, 52.0, -90.0, 17.0, -70.0, 14.0, -4.0, -46.0, 39.0, -13.0, 17.0, 12.0, 15.0, 36.0, ' -41.0]']","['[28.0', 43.0, 3.0, -41.0, -33.0, 18.0, 45.0, 15.0, -51.0, 46.0, -5.0, 20.0, 11.0, 3.0, 17.0, -51.0, 20.0, -8.0, -12.0, -3.0, -76.0, 14.0, -6.0, 11.0, -31.0, -26.0, 46.0, -32.0, 45.0, -21.0, -29.0, -12.0, 2.0, 26.0, -104.0, -32.0, 31.0, -20.0, 69.0, 2.0, 29.0, 21.0, -16.0, 22.0, -8.0, -9.0, -27.0, -52.0, 10.0, -22.0, 40.0, -49.0, 14.0, 28.0, 6.0, 45.0, -1.0, 44.0, 4.0, 7.0, 12.0, -66.0, 42.0, 2.0, 15.0, -57.0, -43.0, 98.0, -20.0, 80.0, 10.0, -19.0, -25.0, -46.0, 26.0, -28.0, -18.0, -11.0, -1.0, 28.0, 38.0, ' 38.0]']",,,,,,
1740060623.731471,ble-pd-B43A31EF7B26,92f6b4c0-00f3-da82-8f78-0d052559c0b5,6296,35,-63.0,-93.0,-75.0,-62.0,-61.0,-51.0,-59.0,2.822600283484538,-1.5278403373602456,0.3724228384232969,-1.5437667064691918,-0.7696083917014737,-2.3742823008707594,-2.0321370739551337,0.3439615359850791,0.1675279293604134,0.0890390875884084,0.1215329319044673,0.3930658123150711,0.269572382838956,0.8337871823958268,-3.4019033908844,6.988771438598633,1.743975043296814,-3.54,6.84,1.96,"['[26.0', -58.0, -68.0, 12.0, 76.0, 38.0, -51.0, -73.0, 71.0, -5.0, 52.0, -38.0, 51.0, -14.0, 34.0, -26.0, 18.0, -8.0, 57.0, -90.0, 29.0, -22.0, 16.0, -64.0, 5.0, 52.0, 18.0, -102.0, 18.0, -24.0, 28.0, -49.0, -21.0, 34.0, 12.0, -62.0, 7.0, 5.0, 21.0, -28.0, -78.0, 57.0, -6.0, 55.0, -22.0, 50.0, -20.0, 58.0, -24.0, 10.0, -37.0, 63.0, -73.0, 20.0, -30.0, 25.0, -65.0, 0.0, 19.0, 23.0, -100.0, 16.0, -32.0, 33.0, -55.0, -36.0, 0.0, 14.0, -62.0, -5.0, -14.0, 27.0, -24.0, -77.0, 37.0, -8.0, 55.0, -6.0, 47.0, -26.0, 74.0, ' -19.0]']","['[-72.0', -51.0, 36.0, 76.0, 13.0, -67.0, -57.0, 27.0, 43.0, 9.0, -23.0, -44.0, -6.0, 25.0, -84.0, -4.0, 32.0, 99.0, -27.0, -45.0, 26.0, 31.0, -38.0, 14.0, 20.0, 115.0, -22.0, 8.0, 0.0, 40.0, -19.0, 27.0, 51.0, 113.0, -7.0, 2.0, 45.0, 58.0, -24.0, -8.0, 9.0, 60.0, 5.0, -8.0, -52.0, 10.0, 21.0, -70.0, -11.0, 37.0, 91.0, -9.0, -69.0, 33.0, 24.0, -34.0, -2.0, 21.0, 123.0, -16.0, -26.0, 6.0, 31.0, -9.0, 10.0, 42.0, 118.0, -3.0, -15.0, 45.0, 57.0, -17.0, -18.0, -14.0, 75.0, 4.0, 8.0, -57.0, 21.0, 15.0, -51.0, ' -16.0]']","['[-2.0', 0.0, ' 3.0', 0.0, -3.0, -1.0, 2.0, 2.0, -28.0, -3.0, -19.0, -22.0, -16.0, -2.0, 5.0, 6.0, 6.0, -13.0, 15.0, -16.0, 12.0, -6.0, -4.0, -9.0, -5.0, -44.0, -2.0, -15.0, -40.0, 3.0, -64.0, 10.0, 0.0, -21.0, -20.0, 22.0, -111.0, 13.0, -76.0, 36.0, 1.0, -26.0, 0.0, -14.0, -22.0, -13.0, -3.0, 6.0, 7.0, 5.0, -8.0, 15.0, -16.0, 13.0, -7.0, 0.0, -11.0, -7.0, -46.0, -2.0, -17.0, -38.0, 3.0, -64.0, 10.0, -1.0, -22.0, -16.0, 19.0, -104.0, 12.0, -80.0, 33.0, 1.0, -27.0, 5.0, -9.0, -23.0, -5.0, -5.0, 11.0, ' 4.0]']","['[2.0', ' 3.0', ' 0.0', -3.0, 0.0, 3.0, 1.0, -5.0, -4.0, 60.0, 43.0, 1.0, 53.0, -10.0, 31.0, -12.0, 2.0, 43.0, 4.0, 9.0, 27.0, -5.0, 34.0, -21.0, -14.0, 2.0, 13.0, -31.0, 38.0, -5.0, 0.0, -7.0, -9.0, -26.0, 66.0, -30.0, 62.0, -22.0, -40.0, -27.0, -1.0, -3.0, 60.0, 46.0, 2.0, 55.0, -11.0, 30.0, -12.0, 2.0, 43.0, 3.0, 10.0, 28.0, -6.0, 34.0, -21.0, -12.0, 5.0, 13.0, -30.0, 40.0, -5.0, 6.0, -8.0, -8.0, -25.0, 68.0, -33.0, 72.0, -23.0, -35.0, -29.0, -2.0, -1.0, 59.0, 47.0, 4.0, 57.0, -10.0, 28.0, ' -12.0]']","['[22.0', ' 14.0', ' -13.0', -22.0, 2.0, 23.0, 10.0, -19.0, 10.0, 59.0, 0.0, -5.0, -10.0, -23.0, 19.0, -56.0, 31.0, -84.0, 21.0, -49.0, 3.0, -39.0, 17.0, 39.0, -37.0, -23.0, 9.0, -13.0, -30.0, 41.0, -27.0, 113.0, 50.0, 64.0, -33.0, 100.0, 0.0, 49.0, -49.0, 6.0, 24.0, -56.0, 0.0, -16.0, 39.0, 12.0, 32.0, 9.0, -20.0, -35.0, 87.0, -26.0, 33.0, 19.0, -5.0, -5.0, -96.0, 46.0, -22.0, 1.0, -37.0, 24.0, -64.0, 44.0, -92.0, -106.0, -81.0, 22.0, -103.0, 1.0, -59.0, 45.0, 5.0, -19.0, 75.0, -61.0, 26.0, -53.0, -8.0, -26.0, -36.0, ' 85.0]']","['[8.0', ' -19.0', ' -19.0', 8.0, 23.0, 5.0, -22.0, -14.0, 73.0, -79.0, 27.0, -54.0, -5.0, -21.0, -41.0, 96.0, 15.0, -32.0, 15.0, 9.0, -36.0, 62.0, -13.0, 104.0, -28.0, 61.0, -12.0, 75.0, -1.0, 47.0, -37.0, 9.0, 107.0, 49.0, 6.0, 38.0, -4.0, 30.0, -10.0, -19.0, -2.0, -49.0, 98.0, -20.0, 38.0, -2.0, 1.0, 43.0, -110.0, 6.0, -25.0, 1.0, -40.0, 29.0, -74.0, 22.0, -56.0, -1.0, -61.0, 13.0, -67.0, -16.0, -7.0, 12.0, 67.0, -53.0, 2.0, -26.0, 32.0, 2.0, 5.0, -23.0, 19.0, 16.0, 4.0, -78.0, 5.0, -5.0, 10.0, 20.0, -26.0, ' 71.0]']","['[-57.0', ' 39.0', 87.0, 21.0, -70.0, -76.0, 17.0, 87.0, -43.0, -36.0, 80.0, -33.0, 96.0, -11.0, -46.0, -42.0, -42.0, 47.0, -98.0, -4.0, -1.0, 27.0, 90.0, 82.0, 53.0, 48.0, 17.0, 38.0, -81.0, 7.0, -23.0, 56.0, -78.0, 6.0, 32.0, 15.0, 97.0, -15.0, -5.0, -53.0, -82.0, 78.0, -12.0, -27.0, 31.0, -100.0, 2.0, 6.0, 27.0, -5.0, -49.0, 104.0, -3.0, 64.0, -32.0, -82.0, -99.0, -46.0, -22.0, -59.0, -42.0, 50.0, -3.0, 53.0, -20.0, 81.0, -5.0, 40.0, -8.0, -83.0, 11.0, -40.0, 65.0, 48.0, -88.0, 60.0, -36.0, -17.0, 70.0, 8.0, 42.0, ' -3.0]']","['[67.0', 79.0, -9.0, -86.0, -53.0, 45.0, 87.0, 17.0, -75.0, 78.0, -80.0, -4.0, 35.0, 13.0, 61.0, 15.0, 73.0, 18.0, -40.0, 12.0, -116.0, 18.0, 15.0, 53.0, 4.0, -32.0, 77.0, 18.0, 31.0, -3.0, -59.0, -48.0, -30.0, 0.0, -116.0, -6.0, 2.0, 1.0, 78.0, -39.0, 37.0, 40.0, -85.0, 110.0, -15.0, 23.0, -17.0, -77.0, -37.0, -84.0, 11.0, -20.0, -13.0, 98.0, 0.0, 39.0, 1.0, 26.0, 54.0, -53.0, 6.0, -70.0, 8.0, 34.0, 71.0, -18.0, 2.0, 112.0, 13.0, 54.0, -9.0, -68.0, 1.0, -75.0, 9.0, 63.0, -109.0, 30.0, -76.0, 16.0, 66.0, ' 40.0]']",,,,,,
1740060624.728532,ble-pd-B43A31EF7B26,5e6ed1fc-6e71-656d-4197-eff9642c363a,6297,34,-64.0,-96.0,-75.0,-62.0,,,-59.0,2.838898296723605,-1.4739083958089418,0.413266142165188,-1.52191187445762,,,-2.2341698485322734,0.2709557517457622,0.1446492117782471,0.0605334726463653,0.1172670388584863,,,0.4914778971524904,,,,-3.54,6.84,1.96,"['[-61.0', -15.0, 50.0, 49.0, -17.0, -62.0, -22.0, 48.0, 3.0, 2.0, -48.0, -19.0, -27.0, 33.0, -89.0, 6.0, 22.0, 85.0, -43.0, 10.0, 7.0, 48.0, -40.0, 48.0, 13.0, 72.0, -21.0, 50.0, -8.0, 57.0, -30.0, 45.0, 48.0, 89.0, -7.0, 27.0, 28.0, 60.0, -27.0, 9.0, 33.0, 27.0, -2.0, -35.0, -34.0, -15.0, 30.0, -90.0, 0.0, 32.0, 89.0, -33.0, -14.0, 17.0, 42.0, -38.0, 36.0, 18.0, 92.0, -19.0, 31.0, -4.0, 52.0, -24.0, 36.0, 50.0, 110.0, -5.0, 14.0, 35.0, 67.0, -25.0, 0.0, 19.0, 46.0, -6.0, -22.0, -42.0, -1.0, 22.0, -80.0, ' -8.0]']","['[4.0', 59.0, 35.0, -35.0, -59.0, -1.0, 57.0, 39.0, -81.0, 15.0, -37.0, 49.0, -38.0, 8.0, 7.0, 28.0, -40.0, -30.0, -34.0, 87.0, -35.0, 13.0, 0.0, 45.0, -20.0, -86.0, -6.0, 71.0, -12.0, 9.0, -21.0, 30.0, -15.0, -82.0, -8.0, 47.0, -30.0, -29.0, -3.0, 30.0, 53.0, -78.0, 14.0, -47.0, 40.0, -45.0, 17.0, -17.0, 29.0, -33.0, -12.0, -44.0, 86.0, -31.0, 25.0, -11.0, 57.0, -17.0, -64.0, -12.0, 83.0, -14.0, 24.0, -28.0, 41.0, -1.0, -54.0, -9.0, 53.0, -22.0, -10.0, -10.0, 31.0, 59.0, -68.0, 13.0, -55.0, 32.0, -47.0, 27.0, -42.0, ' 27.0]']","['[-1.0', -2.0, ' 0.0', 2.0, 0.0, -2.0, 0.0, 2.0, 13.0, -44.0, -35.0, 10.0, -41.0, 11.0, -34.0, 6.0, -4.0, -31.0, -11.0, -1.0, -26.0, 5.0, -22.0, 16.0, 18.0, 20.0, -9.0, 32.0, -18.0, 4.0, 26.0, 8.0, 12.0, 34.0, -47.0, 14.0, -4.0, 16.0, 64.0, 10.0, 3.0, 10.0, -45.0, -40.0, 9.0, -45.0, 9.0, -35.0, 5.0, -4.0, -35.0, -10.0, -2.0, -27.0, 5.0, -24.0, 16.0, 18.0, 16.0, -10.0, 31.0, -20.0, 4.0, 24.0, 8.0, 13.0, 34.0, -52.0, 18.0, -17.0, 16.0, 59.0, 13.0, 2.0, 8.0, -48.0, -41.0, 7.0, -46.0, 10.0, -35.0, ' 5.0]']","['[-1.0', ' 0.0', ' 2.0', 0.0, -1.0, 0.0, 1.0, 1.0, -18.0, -32.0, -32.0, -20.0, -33.0, -4.0, -8.0, 5.0, 0.0, -32.0, 8.0, -16.0, -3.0, -1.0, -20.0, -2.0, -1.0, -38.0, -8.0, -1.0, -52.0, 2.0, -53.0, 7.0, 14.0, -1.0, -49.0, 30.0, -125.0, 15.0, -45.0, 37.0, 0.0, -16.0, -26.0, -28.0, -20.0, -30.0, -5.0, -5.0, 4.0, 2.0, -26.0, 9.0, -16.0, -1.0, -2.0, -19.0, -3.0, -3.0, -40.0, -9.0, -3.0, -51.0, 1.0, -54.0, 8.0, 12.0, -4.0, -45.0, 29.0, -125.0, 14.0, -52.0, 35.0, 0.0, -18.0, -25.0, -25.0, -23.0, -26.0, -6.0, -2.0, ' 4.0]']","['[19.0', ' -6.0', ' -22.0', -4.0, 21.0, 16.0, -11.0, -22.0, 86.0, -34.0, 34.0, -55.0, -3.0, -37.0, -30.0, 54.0, 39.0, -75.0, 30.0, -17.0, -30.0, 30.0, -7.0, 109.0, -36.0, 42.0, 0.0, 64.0, -10.0, 71.0, -51.0, 68.0, 115.0, 88.0, -1.0, 84.0, -3.0, 58.0, -29.0, -4.0, 12.0, -83.0, 93.0, -36.0, 58.0, -2.0, 23.0, 49.0, -104.0, -16.0, 16.0, -15.0, -23.0, 35.0, -74.0, 22.0, -95.0, 20.0, -67.0, 9.0, -78.0, -9.0, -47.0, 32.0, 5.0, -90.0, -48.0, -18.0, -16.0, 2.0, -24.0, -2.0, 19.0, 4.0, 42.0, -108.0, 19.0, -31.0, 7.0, 2.0, -46.0, ' 101.0]']","['[-13.0', ' -21.0', ' 1.0', 23.0, 9.0, -17.0, -20.0, 7.0, 27.0, -104.0, 13.0, -21.0, 8.0, 10.0, -41.0, 97.0, -20.0, 62.0, -12.0, 52.0, -19.0, 77.0, -27.0, 19.0, 10.0, 56.0, -16.0, 49.0, 27.0, -12.0, 9.0, -88.0, 2.0, -31.0, 31.0, -70.0, 0.0, -35.0, 39.0, -24.0, -20.0, 32.0, 56.0, 13.0, -16.0, -9.0, -32.0, 13.0, -37.0, 41.0, -95.0, 28.0, -50.0, -6.0, -37.0, 17.0, 59.0, -30.0, -14.0, 11.0, 4.0, -27.0, 55.0, -40.0, 111.0, 71.0, 82.0, -24.0, 107.0, -2.0, 63.0, -48.0, 16.0, 20.0, -78.0, 15.0, -33.0, 50.0, 4.0, 40.0, 21.0, ' -39.0]']","['[80.0', ' 79.0', -21.0, -96.0, -47.0, 60.0, 93.0, 6.0, -70.0, 91.0, -95.0, 0.0, 26.0, 5.0, 68.0, 11.0, 84.0, 13.0, -27.0, 17.0, -115.0, 9.0, -3.0, 25.0, -5.0, -44.0, 79.0, 11.0, 45.0, -5.0, -58.0, -63.0, -24.0, -4.0, -120.0, -16.0, 0.0, -5.0, 86.0, -36.0, 47.0, 27.0, -86.0, 119.0, -23.0, 37.0, -6.0, -80.0, -28.0, -85.0, 26.0, -41.0, -20.0, 84.0, 9.0, 58.0, 33.0, 38.0, 66.0, -43.0, 16.0, -84.0, 11.0, 26.0, 78.0, -31.0, 5.0, 109.0, 19.0, 60.0, 0.0, -71.0, -1.0, -89.0, 27.0, 48.0, -100.0, 41.0, -88.0, 4.0, 63.0, ' 30.0]']","['[54.0', -54.0, -94.0, -13.0, 83.0, 75.0, -25.0, -96.0, 56.0, 16.0, -66.0, 43.0, -103.0, 3.0, 41.0, 35.0, 29.0, -64.0, 105.0, 9.0, 17.0, -28.0, -96.0, -90.0, -59.0, -51.0, -30.0, -44.0, 78.0, -12.0, 38.0, -45.0, 87.0, -3.0, -18.0, -11.0, -101.0, 9.0, -1.0, 52.0, 83.0, -87.0, 37.0, 4.0, -37.0, 100.0, 0.0, 2.0, -22.0, 21.0, 59.0, -101.0, 2.0, -80.0, 28.0, 76.0, 88.0, 45.0, 14.0, 73.0, 41.0, -36.0, 7.0, -64.0, 3.0, -86.0, 0.0, -53.0, 0.0, 82.0, -11.0, 49.0, -63.0, -39.0, 87.0, -81.0, 64.0, 17.0, -62.0, -3.0, -48.0, ' 4.0]']",,,,,,
1740060625.729257,ble-pd-B43A31EF7B26,1e88480d-b9fa-5aba-14b9-6618a2100b5a,6298,0,-63.0,-72.0,-69.0,-59.0,-51.0,-54.0,-63.0,2.8958686387625803,-1.5455492933448365,0.4338262784128178,-1.4806495223182048,-0.7707461217600707,3.141592653589793,-2.835820227130584,0.2240428375634713,0.1913626718396478,0.0604440445291983,0.1550492885986837,0.2821142610558207,1.553343034374938,0.7268496725566862,-3.4133129119873047,6.969995498657227,1.7567631006240845,-3.54,6.84,1.96,"['[27.0', -42.0, -54.0, 7.0, 58.0, 31.0, -39.0, -57.0, -50.0, 67.0, 30.0, -8.0, 6.0, 73.0, -18.0, -13.0, 13.0, 68.0, 2.0, -22.0, 25.0, 107.0, -42.0, 30.0, 32.0, 99.0, -20.0, 11.0, 21.0, 89.0, -11.0, 13.0, 78.0, 100.0, -33.0, 14.0, -22.0, 120.0, -20.0, -20.0, -50.0, -52.0, 91.0, 4.0, -16.0, 16.0, 97.0, -35.0, -16.0, 15.0, 89.0, -13.0, -33.0, 33.0, 111.0, -51.0, 20.0, 33.0, 112.0, -27.0, 13.0, 15.0, 91.0, -18.0, 1.0, 74.0, 98.0, -24.0, 0.0, -23.0, 108.0, -28.0, -22.0, -37.0, -48.0, 114.0, -20.0, -22.0, 24.0, 109.0, -51.0, ' -17.0]']","['[-54.0', -44.0, 26.0, 60.0, 14.0, -53.0, -46.0, 18.0, -13.0, 102.0, -80.0, -30.0, 35.0, 82.0, -63.0, -15.0, 9.0, 75.0, -50.0, -41.0, 29.0, 26.0, -38.0, -31.0, 3.0, 58.0, -23.0, 10.0, -19.0, 21.0, -23.0, -44.0, 1.0, 8.0, 24.0, -44.0, -8.0, -27.0, -31.0, -9.0, 33.0, 3.0, 82.0, -85.0, -26.0, 32.0, 56.0, -55.0, -10.0, 4.0, 46.0, -49.0, -31.0, 20.0, -6.0, -22.0, -39.0, -6.0, 24.0, -17.0, 5.0, -25.0, -7.0, -18.0, -46.0, -24.0, -24.0, 32.0, -46.0, -2.0, -61.0, -23.0, -2.0, 48.0, 17.0, 49.0, -83.0, -21.0, 26.0, 27.0, -42.0, ' -3.0]']","['[-34.0', -2.0, ' 32.0', 10.0, -29.0, -19.0, 24.0, 25.0, 27.0, -119.0, -28.0, -8.0, -42.0, -8.0, -6.0, -3.0, -40.0, -43.0, -50.0, -37.0, -39.0, -32.0, -27.0, 32.0, -90.0, 28.0, -70.0, 3.0, -17.0, -71.0, 57.0, -52.0, 7.0, 0.0, -62.0, -9.0, -42.0, -7.0, 49.0, -9.0, 17.0, 45.0, -124.0, -3.0, -9.0, -41.0, 4.0, -13.0, 8.0, -30.0, -51.0, -49.0, -37.0, -53.0, -19.0, -43.0, 44.0, -90.0, 6.0, -75.0, -1.0, -30.0, -76.0, 39.0, -61.0, -8.0, -3.0, -71.0, -19.0, -72.0, -23.0, 38.0, -6.0, 9.0, 56.0, -119.0, 23.0, -11.0, -35.0, 16.0, -20.0, ' 22.0]']","['[2.0', ' 33.0', ' 6.0', -31.0, -14.0, 26.0, 22.0, -18.0, 52.0, -30.0, 79.0, -12.0, 3.0, 43.0, -29.0, 39.0, 25.0, -33.0, -1.0, -5.0, -49.0, 36.0, -56.0, 52.0, -9.0, -61.0, -28.0, -13.0, -51.0, -27.0, -42.0, -38.0, -46.0, -11.0, -38.0, -35.0, -90.0, -57.0, -35.0, 12.0, -24.0, 42.0, 2.0, 86.0, -10.0, 15.0, 44.0, -26.0, 39.0, 36.0, -18.0, 14.0, 7.0, -36.0, 44.0, -47.0, 42.0, 14.0, -67.0, -8.0, -13.0, -42.0, -6.0, -59.0, -22.0, -46.0, -11.0, -17.0, -31.0, -71.0, -53.0, -48.0, 15.0, -28.0, 28.0, 39.0, 82.0, -6.0, 27.0, 42.0, -22.0, ' 35.0]']","['[29.0', ' 4.0', ' -27.0', -18.0, 17.0, 27.0, -1.0, -27.0, 82.0, -85.0, 31.0, 4.0, -16.0, 12.0, -22.0, 0.0, 29.0, -76.0, 11.0, -12.0, -23.0, -7.0, 7.0, 34.0, -18.0, -31.0, -23.0, 11.0, -25.0, 47.0, -44.0, 23.0, -28.0, 48.0, -30.0, 68.0, -32.0, 20.0, -18.0, -43.0, 12.0, -44.0, 113.0, -18.0, 59.0, 20.0, -3.0, 45.0, -34.0, 57.0, 33.0, 23.0, -14.0, 42.0, -14.0, 35.0, -13.0, 0.0, -67.0, 16.0, -17.0, 9.0, -20.0, 26.0, 11.0, 40.0, -15.0, 17.0, -1.0, 5.0, -3.0, 21.0, 61.0, 17.0, -46.0, -7.0, -17.0, -51.0, 0.0, -9.0, -14.0, ' 27.0]']","['[-2.0', ' -29.0', ' -12.0', 22.0, 24.0, -10.0, -29.0, -4.0, 15.0, -85.0, 6.0, -66.0, -14.0, -2.0, -39.0, 36.0, -73.0, -4.0, -30.0, 20.0, -36.0, 19.0, -41.0, -1.0, 8.0, 86.0, -8.0, 13.0, 2.0, 1.0, -10.0, -23.0, -31.0, -4.0, -5.0, -27.0, 8.0, -5.0, -16.0, -48.0, -24.0, 70.0, -40.0, 26.0, 30.0, -9.0, 11.0, -4.0, -14.0, 56.0, -68.0, 22.0, -17.0, -8.0, -15.0, 23.0, 32.0, -20.0, -62.0, -18.0, 5.0, -24.0, 42.0, -37.0, 29.0, -13.0, 47.0, -26.0, 73.0, -32.0, 21.0, -10.0, -21.0, 21.0, -69.0, 120.0, -27.0, 43.0, 21.0, -7.0, 42.0, ' -24.0]']","['[-50.0', ' -74.0', -1.0, 72.0, 54.0, -36.0, -78.0, -21.0, 72.0, -25.0, 65.0, -8.0, -18.0, -14.0, -25.0, 44.0, -79.0, 6.0, 22.0, -23.0, 121.0, -51.0, 50.0, -78.0, 29.0, -8.0, -96.0, 4.0, -49.0, 5.0, 47.0, -2.0, 64.0, -55.0, 68.0, -19.0, -70.0, 3.0, -113.0, 20.0, -65.0, -17.0, 42.0, -75.0, 18.0, -85.0, 80.0, 37.0, 69.0, 21.0, 1.0, 96.0, 4.0, -45.0, 20.0, -64.0, 21.0, -116.0, 41.0, 4.0, 2.0, 94.0, -46.0, 49.0, -62.0, 39.0, -16.0, -95.0, 22.0, -54.0, 13.0, 38.0, 9.0, 62.0, -59.0, -2.0, -16.0, -4.0, 73.0, -37.0, 1.0, ' -88.0]']","['[-61.0', 27.0, 79.0, 31.0, -57.0, -71.0, 7.0, 77.0, -2.0, -34.0, 57.0, -16.0, 94.0, -80.0, -29.0, -87.0, 3.0, -3.0, -108.0, 4.0, 7.0, -2.0, 52.0, 3.0, 113.0, -40.0, 27.0, -2.0, -83.0, 47.0, -67.0, 66.0, -63.0, 36.0, 77.0, -17.0, 82.0, -15.0, -3.0, -18.0, -46.0, 70.0, -11.0, 44.0, -2.0, -46.0, 11.0, -14.0, 69.0, -76.0, 7.0, 55.0, -24.0, 109.0, -47.0, 33.0, -76.0, -8.0, 4.0, -100.0, 5.0, -22.0, -11.0, 65.0, -23.0, 80.0, -64.0, 39.0, -12.0, -94.0, 8.0, -107.0, 24.0, -49.0, -41.0, 44.0, -86.0, 18.0, -64.0, 73.0, 39.0, ' 37.0]']",,,,,,
1740060626.730159,ble-pd-B43A31EF7B26,718e8f92-76c4-7f27-1e43-67d2902fa10f,6299,20,-69.0,-74.0,-71.0,-62.0,-61.0,-54.0,-57.0,2.8739140713681843,-1.5348421873402271,0.4141801390513032,-1.4603228121401208,-0.8386478973614596,-2.5871582684835848,-1.7819177646021866,0.2129088101913657,0.162644590738076,0.065317745837341,0.1174667343283502,0.3151669586108335,0.8636629198754379,1.1059051485701965,-3.41260290145874,6.975255966186523,1.7740366458892822,-3.54,6.84,1.96,"['[-28.0', -1.0, 26.0, 19.0, -13.0, -28.0, -5.0, 25.0, -23.0, 40.0, -16.0, -14.0, -50.0, 72.0, -81.0, 43.0, -18.0, 2.0, -14.0, -1.0, -10.0, 39.0, -74.0, 78.0, 0.0, 7.0, -21.0, 7.0, 26.0, 5.0, -42.0, 30.0, 35.0, 4.0, -41.0, 8.0, 11.0, -44.0, -7.0, 5.0, 25.0, -22.0, 39.0, -16.0, -15.0, -51.0, 73.0, -82.0, 41.0, -18.0, 3.0, -13.0, -2.0, -10.0, 42.0, -77.0, 79.0, 0.0, 9.0, -23.0, 6.0, 26.0, 10.0, -45.0, 31.0, 35.0, 7.0, -41.0, 8.0, 12.0, -41.0, -9.0, 6.0, 24.0, -19.0, 40.0, -18.0, -15.0, -54.0, 79.0, -83.0, ' 38.0]']","['[7.0', 29.0, 11.0, -21.0, -26.0, 4.0, 28.0, 14.0, -46.0, -10.0, 48.0, 15.0, 51.0, -82.0, 38.0, 68.0, -36.0, -51.0, 13.0, 15.0, 37.0, -113.0, 42.0, -27.0, 3.0, -41.0, -5.0, 19.0, 3.0, -105.0, 48.0, -54.0, -16.0, -90.0, 0.0, 36.0, -36.0, -103.0, 21.0, -19.0, 14.0, -48.0, -9.0, 47.0, 14.0, 49.0, -82.0, 37.0, 71.0, -36.0, -51.0, 12.0, 15.0, 38.0, -112.0, 38.0, -24.0, 3.0, -41.0, -4.0, 18.0, 4.0, -105.0, 44.0, -54.0, -15.0, -90.0, -2.0, 36.0, -35.0, -104.0, 20.0, -18.0, 15.0, -48.0, -7.0, 46.0, 14.0, 46.0, -78.0, 34.0, ' 72.0]']","['[32.0', 0.0, ' -33.0', -8.0, 30.0, 17.0, -24.0, -25.0, -9.0, -94.0, -65.0, 0.0, -65.0, -24.0, -32.0, -13.0, 14.0, -59.0, 6.0, 2.0, -17.0, 0.0, -18.0, 19.0, -16.0, 10.0, -50.0, 20.0, -43.0, -4.0, 9.0, -9.0, 44.0, 51.0, -56.0, 22.0, -42.0, 15.0, 72.0, 3.0, -21.0, -8.0, -108.0, -66.0, -8.0, -64.0, -21.0, -27.0, -6.0, 12.0, -69.0, 10.0, 1.0, -20.0, -4.0, -26.0, 20.0, -19.0, 0.0, -56.0, 17.0, -56.0, -7.0, 1.0, -10.0, 42.0, 42.0, -64.0, 25.0, -63.0, 15.0, 59.0, 6.0, -17.0, -10.0, -117.0, -60.0, -14.0, -62.0, -15.0, -19.0, ' 4.0]']","['[-5.0', ' -33.0', ' -4.0', 32.0, 12.0, -27.0, -20.0, 21.0, -9.0, -73.0, 3.0, -42.0, -2.0, 21.0, 31.0, 49.0, -4.0, -53.0, 25.0, -24.0, -16.0, -24.0, -46.0, 3.0, -15.0, -67.0, -31.0, -11.0, -70.0, -9.0, -55.0, -3.0, -12.0, -50.0, -46.0, 12.0, -116.0, 0.0, -70.0, 26.0, 26.0, -8.0, -51.0, 17.0, -43.0, 8.0, 24.0, 34.0, 52.0, -8.0, -41.0, 25.0, -24.0, -10.0, -24.0, -43.0, 0.0, -14.0, -69.0, -24.0, -15.0, -59.0, -7.0, -57.0, -1.0, -20.0, -58.0, -35.0, 6.0, -107.0, -3.0, -84.0, 24.0, 30.0, -5.0, -33.0, 27.0, -39.0, 20.0, 28.0, 39.0, ' 53.0]']","['[-2.0', ' -31.0', ' -15.0', 23.0, 27.0, -10.0, -32.0, -8.0, 45.0, -67.0, -24.0, -11.0, -1.0, -90.0, -27.0, -89.0, 34.0, -38.0, 0.0, -27.0, -14.0, -5.0, 11.0, 30.0, 0.0, -46.0, 8.0, 45.0, 5.0, 68.0, -34.0, 85.0, 17.0, 39.0, 2.0, 49.0, -14.0, 47.0, 25.0, 34.0, -19.0, -46.0, 123.0, 24.0, 19.0, 26.0, 30.0, 16.0, 46.0, -28.0, 6.0, -18.0, -16.0, 16.0, -52.0, -18.0, -90.0, 0.0, 11.0, 10.0, -46.0, 1.0, -86.0, 33.0, -56.0, 9.0, -32.0, -20.0, -12.0, 0.0, 9.0, -44.0, 58.0, 34.0, 13.0, -85.0, -5.0, -13.0, -30.0, 52.0, 10.0, ' 28.0]']","['[-32.0', ' -5.0', ' 28.0', 22.0, -17.0, -31.0, 0.0, 33.0, 23.0, -101.0, -13.0, -15.0, -31.0, 33.0, 3.0, 9.0, 7.0, 19.0, 25.0, 41.0, -9.0, 70.0, 14.0, 92.0, 0.0, 18.0, -20.0, 23.0, -6.0, 55.0, -16.0, 5.0, -25.0, 9.0, 24.0, -22.0, 11.0, -51.0, 37.0, -100.0, -28.0, 21.0, 9.0, -12.0, 1.0, 17.0, -92.0, -23.0, -78.0, 22.0, -43.0, -15.0, -47.0, -6.0, -46.0, 0.0, -36.0, 0.0, -48.0, 19.0, 22.0, 7.0, 16.0, -17.0, 63.0, 30.0, 24.0, -14.0, 53.0, -17.0, 69.0, -1.0, 90.0, 1.0, -49.0, 88.0, 26.0, 14.0, 8.0, 80.0, 27.0, ' 86.0]']","['[59.0', ' 14.0', -49.0, -50.0, 13.0, 59.0, 28.0, -39.0, -29.0, 50.0, -61.0, 38.0, -42.0, 14.0, 39.0, -26.0, 38.0, -48.0, 49.0, -9.0, -70.0, 5.0, -37.0, -6.0, -61.0, -28.0, 58.0, -40.0, 90.0, -31.0, 9.0, -32.0, 41.0, 17.0, -98.0, -9.0, -19.0, 15.0, 77.0, 19.0, 62.0, -32.0, 5.0, 30.0, -20.0, 53.0, -32.0, -23.0, -21.0, -5.0, 35.0, -94.0, 35.0, -15.0, 17.0, 60.0, 22.0, 73.0, -26.0, 27.0, 30.0, -82.0, 30.0, -38.0, 29.0, -77.0, -21.0, 73.0, -4.0, 103.0, -30.0, 18.0, -38.0, -39.0, 74.0, -60.0, 22.0, -11.0, -25.0, 28.0, -10.0, ' 52.0]']","['[-7.0', -58.0, -35.0, 33.0, 59.0, 7.0, -52.0, -47.0, 68.0, -52.0, 13.0, -6.0, -32.0, 30.0, -2.0, 47.0, -27.0, -5.0, 80.0, -38.0, 74.0, -27.0, -47.0, -24.0, -44.0, 59.0, -83.0, -5.0, 32.0, -12.0, 41.0, -11.0, 65.0, 13.0, -11.0, 13.0, -117.0, 26.0, -91.0, 34.0, -1.0, -69.0, 74.0, -56.0, 33.0, -12.0, -10.0, 32.0, -50.0, 46.0, -34.0, -12.0, 15.0, -102.0, 21.0, 3.0, 10.0, -17.0, -59.0, 97.0, -27.0, 49.0, -15.0, -19.0, -18.0, -10.0, 5.0, -66.0, -16.0, 59.0, -5.0, 117.0, -7.0, 49.0, 18.0, -44.0, 60.0, -38.0, 48.0, -19.0, -38.0, ' 19.0]']",,,,,,
1740060627.729672,ble-pd-B43A31EF7B26,23a2153b-9627-0028-04db-a902bd3305d9,6300,27,-64.0,-79.0,-72.0,-60.0,-64.0,-47.0,-57.0,2.9252619477137847,-1.502003946360951,0.4505184394932164,-1.4590037484522045,-0.8081570901983913,-2.47645646854414,-0.7283810380275447,0.1966801390091817,0.172192206338335,0.1255399906596278,0.1268071060615306,0.3384523429873006,0.5835339435448968,1.2260736609833518,-3.408306360244751,6.96945571899414,1.7875481843948364,-3.54,6.84,1.96,"['[-18.0', 43.0, 46.0, -11.0, -54.0, -22.0, 38.0, 51.0, -37.0, 35.0, -27.0, 30.0, -38.0, 21.0, 5.0, 18.0, -15.0, -46.0, -34.0, 41.0, -18.0, -8.0, -30.0, 28.0, 10.0, -81.0, -25.0, 29.0, 9.0, -29.0, -17.0, 9.0, 5.0, -99.0, -27.0, 16.0, -4.0, -81.0, -14.0, 21.0, 50.0, -36.0, 40.0, -36.0, 30.0, -42.0, 32.0, -4.0, 15.0, -15.0, -33.0, -37.0, 40.0, -20.0, 2.0, -39.0, 30.0, 8.0, -72.0, -28.0, 32.0, 10.0, -21.0, -24.0, 14.0, 6.0, -93.0, -26.0, 16.0, -5.0, -70.0, -16.0, 25.0, 53.0, -35.0, 45.0, -44.0, 27.0, -45.0, 39.0, -16.0, ' 9.0]']","['[50.0', 33.0, -30.0, -54.0, -6.0, 50.0, 39.0, -22.0, -1.0, -52.0, 81.0, 8.0, 29.0, -66.0, 82.0, 39.0, -3.0, -89.0, 51.0, -8.0, 16.0, -90.0, 55.0, -31.0, 8.0, -62.0, 27.0, -21.0, -7.0, -84.0, 56.0, -44.0, -15.0, -62.0, 3.0, 1.0, -16.0, -76.0, 19.0, -31.0, -18.0, -5.0, -46.0, 78.0, 11.0, 22.0, -64.0, 82.0, 39.0, -5.0, -95.0, 47.0, 0.0, 12.0, -90.0, 52.0, -26.0, 10.0, -72.0, 23.0, -17.0, -6.0, -89.0, 54.0, -41.0, -16.0, -72.0, 1.0, 2.0, -17.0, -88.0, 18.0, -28.0, -11.0, -11.0, -41.0, 75.0, 16.0, 17.0, -58.0, 81.0, ' 40.0]']","['[0.0', -13.0, ' -4.0', 11.0, 8.0, -10.0, -10.0, 5.0, 1.0, 38.0, 38.0, -7.0, 45.0, 4.0, 31.0, 18.0, 4.0, 29.0, 23.0, -2.0, 11.0, -6.0, 0.0, -12.0, -6.0, -26.0, 2.0, -15.0, 13.0, 5.0, -20.0, -2.0, -32.0, -47.0, 59.0, -21.0, 19.0, -7.0, -79.0, -9.0, 10.0, 6.0, 41.0, 46.0, -5.0, 46.0, 3.0, 29.0, 15.0, 1.0, 37.0, 20.0, -2.0, 15.0, -8.0, 5.0, -13.0, -1.0, -20.0, 7.0, -12.0, 21.0, 5.0, -13.0, -2.0, -36.0, -47.0, 66.0, -25.0, 40.0, -7.0, -75.0, -10.0, 11.0, 7.0, 46.0, 47.0, -1.0, 50.0, 4.0, 27.0, ' 11.0]']","['[-12.0', ' -2.0', ' 13.0', 6.0, -11.0, -8.0, 9.0, 12.0, 20.0, 37.0, 24.0, 23.0, 22.0, 4.0, -3.0, -17.0, -17.0, 48.0, -14.0, 3.0, 21.0, -2.0, 33.0, 0.0, 31.0, 37.0, 28.0, 10.0, 45.0, 3.0, 46.0, 0.0, -13.0, 7.0, 44.0, -24.0, 123.0, -3.0, 28.0, -17.0, 12.0, 17.0, 30.0, 14.0, 24.0, 15.0, 3.0, -9.0, -21.0, -19.0, 43.0, -17.0, 4.0, 19.0, -2.0, 32.0, 2.0, 32.0, 42.0, 26.0, 11.0, 43.0, 2.0, 47.0, 1.0, -7.0, 15.0, 32.0, -20.0, 119.0, -3.0, 43.0, -15.0, 9.0, 16.0, 23.0, 6.0, 25.0, 7.0, 3.0, -15.0, ' -22.0]']","['[-23.0', ' 8.0', ' 27.0', 6.0, -24.0, -19.0, 12.0, 26.0, -58.0, 92.0, -23.0, 14.0, 1.0, 34.0, 23.0, -51.0, -4.0, 12.0, -8.0, -3.0, 16.0, -68.0, 19.0, -65.0, 31.0, -44.0, 19.0, -73.0, -14.0, -43.0, 7.0, -14.0, -34.0, -7.0, 30.0, -26.0, 4.0, -8.0, 4.0, 5.0, -12.0, 14.0, -115.0, -21.0, 3.0, -28.0, 13.0, -38.0, 37.0, -21.0, 42.0, -18.0, 29.0, -9.0, 70.0, -15.0, 31.0, -1.0, 26.0, -38.0, 58.0, 1.0, 2.0, -2.0, -58.0, -4.0, -46.0, -17.0, -43.0, -15.0, -49.0, 26.0, -43.0, -10.0, 36.0, 62.0, 50.0, -18.0, 36.0, -52.0, 28.0, ' 0.0]']","['[14.0', ' 26.0', ' -1.0', -27.0, -14.0, 19.0, 24.0, -6.0, 32.0, 71.0, 47.0, -17.0, 35.0, -49.0, 29.0, -3.0, 33.0, -69.0, 32.0, -34.0, -3.0, -33.0, 4.0, 14.0, -23.0, 6.0, 33.0, -11.0, 10.0, 35.0, -5.0, 90.0, 40.0, 69.0, -4.0, 86.0, 16.0, 74.0, -39.0, 54.0, 24.0, -65.0, 20.0, -48.0, 22.0, -22.0, 58.0, -1.0, -35.0, -26.0, 56.0, -28.0, 19.0, 14.0, -25.0, 11.0, -58.0, 38.0, -35.0, -8.0, -45.0, -17.0, -58.0, 9.0, -70.0, -53.0, -52.0, 25.0, -78.0, -9.0, -56.0, 29.0, -34.0, -24.0, 55.0, -98.0, 18.0, -13.0, -4.0, -29.0, -25.0, ' 51.0]']","['[-80.0', ' -51.0', 45.0, 83.0, 18.0, -70.0, -69.0, 20.0, 66.0, -73.0, 76.0, -47.0, 10.0, 21.0, -89.0, 27.0, -79.0, 30.0, 11.0, -37.0, 106.0, -21.0, 8.0, -6.0, 7.0, 60.0, -65.0, 23.0, -51.0, 1.0, 26.0, 25.0, -15.0, -19.0, 89.0, 15.0, 2.0, 13.0, -112.0, 22.0, -74.0, -14.0, 67.0, -84.0, 62.0, -72.0, 28.0, 73.0, -8.0, 61.0, -48.0, 68.0, 8.0, -58.0, 22.0, -56.0, -29.0, -40.0, -41.0, 25.0, -47.0, 79.0, -11.0, 22.0, -31.0, 78.0, 18.0, -68.0, 2.0, -67.0, 18.0, 56.0, 23.0, 83.0, -41.0, -22.0, 48.0, -43.0, 97.0, -62.0, -14.0, ' -13.0]']","['[-26.0', 66.0, 71.0, -15.0, -82.0, -46.0, 49.0, 83.0, -46.0, -18.0, 41.0, -40.0, 96.0, -62.0, -10.0, -16.0, -7.0, 38.0, -105.0, 28.0, -28.0, -11.0, 70.0, 50.0, 49.0, -3.0, 30.0, 43.0, -60.0, 15.0, -58.0, 19.0, -95.0, -6.0, 7.0, -19.0, 94.0, -39.0, 31.0, -57.0, -44.0, 81.0, -38.0, 21.0, -2.0, -63.0, 60.0, -53.0, 32.0, -50.0, -8.0, 82.0, -46.0, 94.0, -6.0, -42.0, -40.0, -29.0, 44.0, -66.0, -16.0, 9.0, -10.0, 61.0, 4.0, 56.0, -9.0, 60.0, 24.0, -66.0, 37.0, -102.0, 56.0, -20.0, -72.0, 74.0, -73.0, 46.0, -4.0, -24.0, 89.0, ' -32.0]']",,,,,,
1740060628.730297,ble-pd-B43A31EF7B26,8e9426c4-4517-baba-a1f5-2648b39aabab,6301,15,-64.0,-75.0,-76.0,-64.0,,,-57.0,2.963862337185611,-1.5405855605470922,0.3971212606888007,-1.4907297202022094,,,-0.7976029627730714,0.1089351479734701,0.199971423287113,0.1241191942180705,0.162231151623598,,,1.0463487641596354,,,,-3.54,6.84,1.96,"['[-21.0', 34.0, 43.0, -6.0, -47.0, -25.0, 31.0, 44.0, -25.0, 4.0, 8.0, 18.0, 48.0, -95.0, 75.0, 19.0, -16.0, -49.0, -15.0, 24.0, 33.0, -125.0, 52.0, -56.0, 5.0, -69.0, -18.0, 26.0, -22.0, -99.0, 35.0, -46.0, -32.0, -97.0, -4.0, 24.0, -67.0, -92.0, -5.0, -17.0, 43.0, -22.0, -4.0, 9.0, 21.0, 49.0, -97.0, 80.0, 17.0, -14.0, -54.0, -14.0, 26.0, 30.0, -124.0, 58.0, -58.0, 4.0, -71.0, -16.0, 26.0, -24.0, -97.0, 37.0, -45.0, -33.0, -96.0, 1.0, 24.0, -67.0, -88.0, -4.0, -17.0, 40.0, -19.0, -8.0, 11.0, 22.0, 48.0, -99.0, 86.0, ' 16.0]']","['[43.0', 35.0, -21.0, -48.0, -10.0, 42.0, 36.0, -15.0, 42.0, -93.0, 23.0, 40.0, -2.0, -44.0, 90.0, -21.0, 34.0, -45.0, 22.0, 33.0, -26.0, -2.0, 78.0, -16.0, -6.0, -20.0, 32.0, -7.0, -37.0, 15.0, 31.0, 10.0, -31.0, 17.0, 58.0, -18.0, 7.0, 53.0, 4.0, 1.0, -17.0, 44.0, -92.0, 21.0, 39.0, -7.0, -41.0, 86.0, -23.0, 34.0, -40.0, 23.0, 31.0, -29.0, 3.0, 75.0, -14.0, -6.0, -16.0, 33.0, -9.0, -35.0, 21.0, 30.0, 14.0, -30.0, 26.0, 59.0, -20.0, 8.0, 60.0, 4.0, 4.0, -21.0, 46.0, -92.0, 21.0, 38.0, -8.0, -36.0, 80.0, ' -26.0]']","['[30.0', 9.0, ' -27.0', -16.0, 21.0, 22.0, -16.0, -27.0, -6.0, -1.0, -34.0, 29.0, -11.0, -24.0, -36.0, -48.0, -6.0, 22.0, -9.0, 38.0, 44.0, -13.0, 54.0, -20.0, 10.0, 64.0, 23.0, 19.0, 35.0, 24.0, 23.0, -11.0, 21.0, 69.0, 27.0, 16.0, 91.0, 26.0, 81.0, -10.0, -25.0, -5.0, -26.0, -51.0, 21.0, -25.0, -21.0, -33.0, -38.0, -7.0, -1.0, -8.0, 32.0, 35.0, -17.0, 48.0, -18.0, 2.0, 62.0, 12.0, 20.0, 26.0, 16.0, 22.0, -14.0, 24.0, 66.0, 10.0, 24.0, 76.0, 33.0, 89.0, -3.0, -19.0, -8.0, -52.0, -65.0, 11.0, -33.0, -16.0, -29.0, ' -26.0]']","['[4.0', ' -29.0', ' -10.0', 23.0, 19.0, -19.0, -25.0, 10.0, -3.0, -125.0, -72.0, -40.0, -55.0, 13.0, 14.0, 39.0, -2.0, -107.0, -6.0, -18.0, -28.0, -25.0, -24.0, 10.0, -30.0, -7.0, -42.0, 4.0, -32.0, -37.0, 3.0, -18.0, 17.0, -5.0, -73.0, 32.0, -72.0, 44.0, 35.0, 15.0, 15.0, -1.0, -124.0, -62.0, -45.0, -51.0, 18.0, 21.0, 50.0, -3.0, -113.0, -4.0, -27.0, -41.0, -23.0, -38.0, 14.0, -31.0, -23.0, -49.0, 1.0, -37.0, -41.0, -1.0, -16.0, 11.0, -19.0, -79.0, 28.0, -89.0, 38.0, 16.0, 16.0, 21.0, 0.0, -118.0, -51.0, -48.0, -46.0, 24.0, 28.0, ' 58.0]']","['[-1.0', ' -12.0', ' -4.0', 10.0, 10.0, -5.0, -13.0, -4.0, -44.0, 19.0, -17.0, 11.0, -8.0, -58.0, 33.0, -96.0, 25.0, -25.0, 12.0, -42.0, -4.0, -34.0, 16.0, -1.0, 4.0, -48.0, 14.0, 12.0, 7.0, 65.0, -30.0, 92.0, -3.0, 51.0, 0.0, 45.0, 7.0, 53.0, 13.0, 63.0, -7.0, -12.0, 30.0, 11.0, 0.0, 13.0, 12.0, -15.0, 38.0, -48.0, 27.0, -36.0, 5.0, -3.0, -33.0, 1.0, -96.0, 5.0, 8.0, 4.0, -37.0, -5.0, -96.0, 29.0, -87.0, -7.0, -63.0, 2.0, -47.0, -12.0, -6.0, -20.0, 14.0, 13.0, 60.0, -56.0, 5.0, -12.0, -7.0, 43.0, -16.0, ' 51.0]']","['[-12.0', ' -1.0', ' 11.0', 7.0, -7.0, -12.0, 2.0, 11.0, 44.0, -52.0, 0.0, -8.0, -10.0, 24.0, -4.0, 19.0, 41.0, -15.0, 35.0, 21.0, 6.0, 62.0, -11.0, 117.0, -8.0, 23.0, -15.0, 37.0, 0.0, 71.0, -14.0, 41.0, 12.0, 41.0, -4.0, 25.0, 9.0, -28.0, 15.0, -59.0, -12.0, -63.0, 47.0, -15.0, 15.0, 0.0, -62.0, 30.0, -91.0, -2.0, -12.0, -8.0, -48.0, -7.0, -63.0, 19.0, -67.0, 8.0, -53.0, 20.0, -10.0, 6.0, 9.0, -17.0, 52.0, -10.0, 19.0, 3.0, 22.0, 1.0, 60.0, 1.0, 86.0, 0.0, 23.0, -1.0, 18.0, -8.0, 11.0, 46.0, -29.0, ' 82.0]']","['[21.0', ' -33.0', -45.0, 0.0, 45.0, 31.0, -23.0, -48.0, 26.0, -31.0, -16.0, -9.0, -3.0, 28.0, 33.0, 46.0, 1.0, -30.0, 66.0, -9.0, 50.0, -18.0, -42.0, -10.0, -18.0, 26.0, -56.0, 21.0, 25.0, -19.0, 28.0, -6.0, 56.0, 18.0, -1.0, 52.0, -116.0, 6.0, -52.0, 24.0, 21.0, -50.0, 43.0, -1.0, 18.0, 10.0, -5.0, 13.0, -55.0, 18.0, -6.0, -19.0, -3.0, -79.0, 12.0, 1.0, 15.0, -23.0, -27.0, 53.0, -32.0, 37.0, -16.0, -31.0, -9.0, -8.0, 23.0, -96.0, -37.0, 49.0, -15.0, 70.0, 0.0, 24.0, 30.0, -18.0, 19.0, -11.0, -8.0, -23.0, -49.0, ' 16.0]']","['[-42.0', -35.0, 18.0, 48.0, 16.0, -36.0, -42.0, 3.0, 43.0, -30.0, 13.0, -15.0, -10.0, -14.0, -40.0, 34.0, -25.0, 29.0, -20.0, 9.0, 62.0, -2.0, 26.0, -10.0, 41.0, 16.0, -27.0, 24.0, -63.0, 34.0, 19.0, 14.0, -28.0, -40.0, 115.0, 9.0, 23.0, 15.0, -50.0, -15.0, -44.0, -3.0, -7.0, -21.0, 0.0, 2.0, 31.0, 50.0, 19.0, 16.0, -42.0, 67.0, -13.0, 7.0, -13.0, -51.0, -1.0, -39.0, 12.0, -31.0, 2.0, 57.0, -36.0, 12.0, -13.0, 62.0, 38.0, -65.0, 39.0, -109.0, -2.0, -17.0, 29.0, 42.0, -42.0, 40.0, 10.0, 14.0, 7.0, -21.0, -17.0, ' -56.0]']",,,,,,
1740060629.730837,ble-pd-B43A31EF7B26,251ab690-5d0c-068c-6122-f5316441106e,6302,19,-69.0,-74.0,-73.0,-63.0,-61.0,-54.0,-56.0,2.950450125303754,-1.4985471632660274,0.4059608249789918,-1.4637038283020305,-0.8964692780209399,-2.456640144096094,-0.8538925939703012,0.14919382959944,0.1890432749120273,0.1244703819420678,0.2009366693794554,0.3589113091885462,0.435533869978304,0.7912506466203796,-3.411120653152466,6.966631412506104,1.7985568046569824,-3.54,6.84,1.96,"['[-24.0', -28.0, 4.0, 31.0, 16.0, -20.0, -30.0, 3.0, 1.0, 36.0, -40.0, -26.0, -62.0, 112.0, -105.0, 7.0, 0.0, 42.0, -16.0, -17.0, -25.0, 102.0, -88.0, 85.0, -3.0, 51.0, -15.0, -15.0, 30.0, 73.0, -58.0, 53.0, 43.0, 78.0, -31.0, -18.0, 37.0, 31.0, -8.0, 12.0, 2.0, 8.0, 33.0, -40.0, -26.0, -64.0, 112.0, -105.0, 5.0, 2.0, 42.0, -15.0, -17.0, -27.0, 104.0, -87.0, 84.0, -2.0, 52.0, -14.0, -15.0, 29.0, 79.0, -60.0, 55.0, 43.0, 80.0, -30.0, -21.0, 38.0, 43.0, -9.0, 13.0, 0.0, 9.0, 32.0, -41.0, -26.0, -65.0, 114.0, -105.0, ' 0.0]']","['[-21.0', 15.0, 31.0, 5.0, -27.0, -24.0, 12.0, 31.0, -56.0, 39.0, 18.0, -3.0, 23.0, -24.0, -17.0, 73.0, -42.0, -19.0, -2.0, 1.0, 32.0, -73.0, -8.0, 9.0, 8.0, -19.0, -22.0, 21.0, 21.0, -80.0, 17.0, -34.0, 8.0, -77.0, -24.0, 40.0, -22.0, -113.0, 14.0, -10.0, 31.0, -56.0, 40.0, 17.0, -5.0, 19.0, -23.0, -19.0, 72.0, -42.0, -17.0, -4.0, 1.0, 30.0, -71.0, -13.0, 9.0, 7.0, -16.0, -23.0, 20.0, 22.0, -75.0, 14.0, -31.0, 10.0, -73.0, -25.0, 38.0, -20.0, -110.0, 14.0, -9.0, 31.0, -56.0, 41.0, 16.0, -6.0, 17.0, -15.0, -24.0, ' 75.0]']","['[7.0', -29.0, ' -16.0', 25.0, 23.0, -15.0, -28.0, 7.0, -14.0, -106.0, -33.0, -38.0, -30.0, 7.0, 10.0, 39.0, -1.0, -76.0, 15.0, -15.0, -20.0, -26.0, -42.0, 8.0, -24.0, -40.0, -49.0, 1.0, -73.0, -9.0, -34.0, -6.0, 16.0, -12.0, -70.0, 29.0, -113.0, 15.0, -9.0, 29.0, 11.0, -11.0, -102.0, -24.0, -40.0, -26.0, 14.0, 14.0, 45.0, -1.0, -75.0, 17.0, -18.0, -21.0, -26.0, -45.0, 5.0, -25.0, -46.0, -44.0, -1.0, -73.0, -8.0, -39.0, -4.0, 6.0, -22.0, -67.0, 27.0, -118.0, 13.0, -24.0, 30.0, 17.0, -9.0, -92.0, -13.0, -42.0, -17.0, 18.0, 21.0, ' 49.0]']","['[-31.0', ' -12.0', ' 27.0', 18.0, -20.0, -26.0, 13.0, 30.0, 5.0, 36.0, 48.0, -21.0, 45.0, 32.0, 41.0, 36.0, -12.0, 8.0, 4.0, -19.0, -5.0, -9.0, -15.0, -12.0, 0.0, -43.0, 17.0, -23.0, 1.0, -7.0, -32.0, 4.0, -44.0, -71.0, 15.0, -10.0, -38.0, -7.0, -92.0, 11.0, 29.0, 9.0, 51.0, 54.0, -16.0, 50.0, 31.0, 38.0, 31.0, -10.0, 22.0, 2.0, -16.0, -1.0, -6.0, -9.0, -14.0, 5.0, -37.0, 25.0, -22.0, 9.0, -6.0, -26.0, 4.0, -45.0, -71.0, 25.0, -13.0, -24.0, -10.0, -89.0, 4.0, 28.0, 9.0, 66.0, 59.0, -10.0, 54.0, 28.0, 34.0, ' 25.0]']","['[-28.0', ' -19.0', ' 17.0', 30.0, -3.0, -31.0, -14.0, 24.0, 39.0, -122.0, -28.0, -17.0, -33.0, -30.0, 0.0, -58.0, 33.0, -12.0, 31.0, 12.0, -16.0, 56.0, 25.0, 99.0, -5.0, -18.0, -5.0, 47.0, 0.0, 107.0, -40.0, 77.0, -13.0, 47.0, 17.0, 30.0, 7.0, -1.0, 47.0, -44.0, -33.0, -6.0, 90.0, 7.0, 10.0, 41.0, -70.0, -19.0, -39.0, 0.0, -22.0, -36.0, -46.0, 1.0, -81.0, -13.0, -108.0, 7.0, -35.0, 25.0, -22.0, 4.0, -60.0, 12.0, 0.0, 29.0, -13.0, -15.0, 18.0, -19.0, 61.0, -37.0, 108.0, 18.0, -31.0, 10.0, 17.0, 2.0, -17.0, 115.0, 24.0, ' 110.0]']","['[-13.0', ' 25.0', ' 26.0', -9.0, -30.0, -5.0, 28.0, 22.0, -26.0, -14.0, 10.0, 0.0, -23.0, 111.0, 25.0, 99.0, -28.0, 41.0, 19.0, 51.0, 10.0, 61.0, -4.0, 56.0, -6.0, 59.0, -28.0, -10.0, -6.0, -11.0, 18.0, -59.0, -25.0, -23.0, 6.0, -51.0, 19.0, -79.0, 9.0, -104.0, 3.0, 46.0, -86.0, -26.0, -13.0, -12.0, -90.0, -17.0, -109.0, 42.0, -35.0, 12.0, -22.0, -19.0, 4.0, 20.0, 42.0, 0.0, -51.0, 13.0, 44.0, 3.0, 90.0, -42.0, 98.0, 5.0, 51.0, 9.0, 54.0, -6.0, 49.0, 29.0, 31.0, -27.0, -34.0, 123.0, 23.0, 16.0, 39.0, 11.0, -4.0, ' 40.0]']","['[-46.0', ' -37.0', 18.0, 51.0, 17.0, -38.0, -45.0, 6.0, 54.0, -62.0, 53.0, -36.0, 19.0, 4.0, -28.0, 46.0, -42.0, 34.0, -6.0, 0.0, 93.0, -16.0, 8.0, -8.0, 33.0, 45.0, -85.0, 37.0, -61.0, 21.0, 13.0, 24.0, -3.0, -7.0, 84.0, 22.0, -44.0, -1.0, -105.0, 2.0, -45.0, -3.0, 26.0, -47.0, 30.0, -43.0, 24.0, 35.0, -7.0, 24.0, -40.0, 68.0, -28.0, -39.0, -5.0, -49.0, -7.0, -73.0, -1.0, 19.0, -38.0, 94.0, -34.0, 16.0, -32.0, 62.0, 22.0, -103.0, -7.0, -50.0, 23.0, 44.0, 30.0, 51.0, -51.0, 27.0, 7.0, -2.0, 39.0, -37.0, -16.0, ' -34.0]']","['[-21.0', 35.0, 47.0, 0.0, -48.0, -33.0, 23.0, 52.0, -41.0, 19.0, 14.0, -6.0, 40.0, -36.0, -21.0, -30.0, 3.0, 23.0, -86.0, 37.0, -27.0, 19.0, 58.0, 16.0, 66.0, -38.0, 47.0, 19.0, -70.0, 25.0, -35.0, 20.0, -77.0, -23.0, 63.0, -9.0, 111.0, -30.0, 39.0, -42.0, -27.0, 69.0, -61.0, 30.0, -22.0, -13.0, 27.0, -7.0, 55.0, -34.0, 11.0, 54.0, -25.0, 90.0, -24.0, -33.0, -17.0, -17.0, 59.0, -95.0, 15.0, 0.0, -1.0, 33.0, 5.0, 46.0, 9.0, 19.0, 23.0, -108.0, 19.0, -104.0, 29.0, -14.0, -47.0, 60.0, -55.0, 37.0, -24.0, 0.0, 32.0, ' -46.0]']",,,,,,
1740060630.728616,ble-pd-B43A31EF7B26,bb47b48f-dfd2-4942-1ada-f0eab0719738,6303,8,-62.0,-84.0,-70.0,-60.0,-54.0,-54.0,-68.0,2.893316265173848,-1.5546296073975705,0.4441694634544675,-1.4183262264881709,-0.826510634439475,-2.402424890354446,-1.7216364622637743,0.1410536114115038,0.3665079243527172,0.1430113843526052,0.1702741644317463,0.6450229692283515,0.3039771854415045,1.2352263798174323,-3.4006123542785645,6.940978050231934,1.8104361295700075,-3.54,6.84,1.96,"['[-39.0', 34.0, 62.0, 6.0, -58.0, -45.0, 28.0, 62.0, 42.0, 22.0, -25.0, 40.0, 43.0, -52.0, 51.0, 24.0, 18.0, -27.0, -28.0, 28.0, 25.0, -91.0, 50.0, -41.0, 17.0, -29.0, -21.0, 30.0, -40.0, -59.0, 22.0, -37.0, -31.0, -88.0, 53.0, -3.0, -29.0, -74.0, -2.0, 11.0, 59.0, 49.0, 0.0, -16.0, 46.0, 40.0, -60.0, 63.0, 26.0, 20.0, -38.0, -21.0, 33.0, 15.0, -94.0, 63.0, -40.0, 15.0, -39.0, -12.0, 29.0, -45.0, -61.0, 28.0, -33.0, -40.0, -92.0, 65.0, -5.0, -23.0, -74.0, 3.0, 14.0, 56.0, 57.0, -15.0, -5.0, 53.0, 33.0, -68.0, 73.0, ' 24.0]']","['[50.0', 53.0, -15.0, -63.0, -26.0, 44.0, 56.0, -4.0, 52.0, -121.0, 57.0, 46.0, -29.0, -60.0, 73.0, 5.0, 9.0, -67.0, 46.0, 37.0, -51.0, -23.0, 76.0, -2.0, -7.0, -59.0, 72.0, -5.0, -31.0, -8.0, 41.0, 28.0, -65.0, -31.0, 64.0, -12.0, 42.0, -8.0, 35.0, 21.0, -16.0, 45.0, -122.0, 60.0, 39.0, -34.0, -52.0, 64.0, 0.0, 5.0, -61.0, 48.0, 32.0, -55.0, -5.0, 66.0, 3.0, -9.0, -53.0, 74.0, -8.0, -22.0, 1.0, 39.0, 33.0, -61.0, -18.0, 52.0, -11.0, 45.0, 6.0, 35.0, 19.0, -23.0, 36.0, -122.0, 63.0, 30.0, -42.0, -41.0, 52.0, ' -6.0]']","['[3.0', -6.0, ' -5.0', 6.0, 5.0, -4.0, -6.0, 2.0, -32.0, 19.0, -44.0, 7.0, -20.0, 3.0, -5.0, -1.0, 5.0, -8.0, -12.0, 10.0, 16.0, 1.0, 46.0, -9.0, 28.0, 25.0, 23.0, 3.0, 46.0, 4.0, 29.0, 4.0, 38.0, 34.0, 39.0, 18.0, 101.0, 24.0, 64.0, -17.0, 2.0, -38.0, 6.0, -59.0, 3.0, -26.0, 0.0, -3.0, 4.0, 0.0, -19.0, -16.0, 5.0, 6.0, 1.0, 35.0, -4.0, 18.0, 26.0, 10.0, 4.0, 34.0, 0.0, 32.0, 9.0, 43.0, 33.0, 16.0, 21.0, 84.0, 30.0, 70.0, -13.0, 3.0, -41.0, -8.0, -68.0, 1.0, -31.0, -1.0, 0.0, ' 8.0]']","['[-7.0', ' -3.0', ' 6.0', 4.0, -4.0, -7.0, 2.0, 6.0, -26.0, -56.0, -57.0, -13.0, -26.0, -11.0, 8.0, 26.0, -21.0, -47.0, -20.0, -22.0, -51.0, -4.0, -36.0, 21.0, -39.0, 3.0, -59.0, 0.0, -46.0, -11.0, 19.0, 23.0, 25.0, -4.0, -79.0, 20.0, -63.0, 20.0, 31.0, 9.0, 3.0, -16.0, -60.0, -44.0, -15.0, -21.0, -10.0, 10.0, 25.0, -22.0, -44.0, -17.0, -24.0, -54.0, -4.0, -45.0, 24.0, -46.0, -2.0, -62.0, -1.0, -56.0, -13.0, 12.0, 22.0, 14.0, -11.0, -88.0, 16.0, -83.0, 14.0, 15.0, 14.0, 3.0, -7.0, -60.0, -28.0, -15.0, -14.0, -10.0, 9.0, ' 24.0]']","['[-27.0', ' 2.0', ' 29.0', 12.0, -22.0, -25.0, 7.0, 26.0, -73.0, 118.0, -18.0, 46.0, 11.0, -64.0, 48.0, -83.0, 46.0, 35.0, 24.0, -30.0, 25.0, -26.0, 6.0, -29.0, 18.0, -44.0, 56.0, -13.0, 17.0, 30.0, -6.0, 54.0, 46.0, 38.0, 0.0, 19.0, 28.0, 20.0, -24.0, 98.0, -8.0, -34.0, -46.0, -19.0, -50.0, -27.0, 20.0, -37.0, 52.0, -97.0, 23.0, -64.0, 16.0, -35.0, -35.0, -1.0, -74.0, 15.0, 52.0, -24.0, -9.0, -19.0, -60.0, 18.0, -71.0, -43.0, -52.0, 29.0, -85.0, -2.0, -17.0, -15.0, -49.0, -13.0, 110.0, -73.0, 36.0, 3.0, 15.0, 47.0, -13.0, ' 29.0]']","['[10.0', ' 28.0', ' 5.0', -26.0, -19.0, 16.0, 28.0, -1.0, 82.0, -16.0, 32.0, 30.0, 25.0, 14.0, 12.0, -11.0, 84.0, -46.0, 60.0, -1.0, 26.0, 54.0, -2.0, 104.0, -28.0, -34.0, -3.0, 17.0, 12.0, 51.0, -16.0, 49.0, 22.0, 38.0, -34.0, 87.0, -12.0, 8.0, 33.0, 3.0, 21.0, -107.0, 112.0, -33.0, 24.0, -2.0, -64.0, 35.0, -67.0, -1.0, 53.0, -7.0, -25.0, 6.0, -49.0, 8.0, -79.0, 31.0, -21.0, 49.0, -20.0, 9.0, 0.0, 2.0, 20.0, 28.0, 13.0, 17.0, -27.0, 31.0, 13.0, -39.0, 83.0, -19.0, 20.0, -95.0, 0.0, -57.0, -23.0, 48.0, -50.0, ' 79.0]']","['[46.0', ' -50.0', -81.0, -7.0, 77.0, 63.0, -30.0, -85.0, 52.0, 14.0, -41.0, 30.0, -118.0, 40.0, 13.0, 103.0, -16.0, 18.0, 93.0, 11.0, 47.0, -11.0, -49.0, -2.0, -78.0, 39.0, -66.0, -6.0, 34.0, -23.0, 72.0, -30.0, 56.0, -58.0, 9.0, 5.0, -93.0, 36.0, -52.0, 7.0, 36.0, -81.0, 2.0, -78.0, -36.0, 53.0, -27.0, 37.0, -70.0, 86.0, -56.0, -27.0, 8.0, -101.0, 32.0, -44.0, 55.0, 3.0, -39.0, 83.0, 25.0, 59.0, 9.0, -53.0, 34.0, -35.0, 63.0, -80.0, 65.0, 19.0, -13.0, 110.0, 14.0, 50.0, 25.0, -16.0, 115.0, 3.0, 71.0, -15.0, -47.0, ' -29.0]']","['[-70.0', -69.0, 24.0, 85.0, 35.0, -56.0, -78.0, 0.0, 62.0, -10.0, 111.0, 25.0, 2.0, 8.0, -47.0, 30.0, -88.0, 54.0, -17.0, -15.0, 90.0, -30.0, 76.0, -62.0, 35.0, 25.0, -57.0, -24.0, -85.0, 3.0, 21.0, -21.0, 10.0, -39.0, 85.0, -75.0, 26.0, -5.0, -97.0, -20.0, -76.0, 13.0, 18.0, -89.0, 16.0, -106.0, 31.0, 34.0, 80.0, 26.0, -7.0, 91.0, 17.0, -2.0, 4.0, -79.0, 27.0, -85.0, 25.0, -30.0, 7.0, 70.0, -22.0, 54.0, -15.0, 44.0, -30.0, -28.0, 38.0, -95.0, 35.0, 0.0, 15.0, 67.0, -78.0, -6.0, -29.0, -40.0, 95.0, -38.0, 16.0, ' -101.0]']",,,,,,
1740060631.732113,ble-pd-B43A31EF7B26,3b9c4c16-d524-6e19-acf6-98798244e408,6304,10,-62.0,-86.0,-69.0,-62.0,-54.0,-54.0,,2.8608523314857823,-1.654348878096443,0.4217384565410571,-1.418437147147572,-0.801372762074632,-2.3594621510830667,,0.1177103969233357,0.6635981580475381,0.1010939778088145,0.2279188355034863,0.8008781087194959,0.3194733207224177,,-3.3833017349243164,6.93324375152588,1.831836938858032,-3.54,6.84,1.96,"['[-8.0', -60.0, -32.0, 40.0, 57.0, -2.0, -59.0, -36.0, -32.0, 68.0, -7.0, -70.0, -50.0, 107.0, -101.0, -27.0, -13.0, 87.0, 2.0, -69.0, -13.0, 105.0, -79.0, 31.0, -11.0, 75.0, -7.0, -38.0, 41.0, 66.0, -30.0, 12.0, 45.0, 95.0, -78.0, -13.0, 9.0, 56.0, 0.0, -18.0, -26.0, -41.0, 84.0, -13.0, -75.0, -43.0, 105.0, -106.0, -24.0, -17.0, 88.0, -2.0, -70.0, -6.0, 93.0, -84.0, 28.0, -9.0, 73.0, -17.0, -33.0, 40.0, 55.0, -34.0, 3.0, 50.0, 87.0, -84.0, -10.0, -1.0, 45.0, -5.0, -18.0, -17.0, -49.0, 96.0, -17.0, -79.0, -34.0, 102.0, -107.0, ' -18.0]']","['[-61.0', -13.0, 52.0, 47.0, -23.0, -61.0, -16.0, 46.0, -51.0, 96.0, -33.0, -34.0, 39.0, 0.0, -35.0, 15.0, -18.0, 15.0, -37.0, -13.0, 47.0, -65.0, -35.0, -16.0, 6.0, -3.0, -64.0, 30.0, -2.0, -56.0, -26.0, -35.0, 40.0, -40.0, -31.0, 26.0, -60.0, -76.0, -35.0, -5.0, 51.0, -45.0, 82.0, -31.0, -23.0, 46.0, -18.0, -15.0, 20.0, -15.0, 2.0, -35.0, -1.0, 49.0, -81.0, -21.0, -21.0, 7.0, -16.0, -61.0, 36.0, -9.0, -68.0, -22.0, -37.0, 33.0, -56.0, -17.0, 28.0, -60.0, -83.0, -34.0, -1.0, 55.0, -36.0, 69.0, -28.0, -7.0, 54.0, -35.0, 2.0, ' 26.0]']","['[1.0', 7.0, ' 0.0', -6.0, -1.0, 5.0, 3.0, -4.0, 39.0, 50.0, 83.0, 15.0, 53.0, 0.0, -1.0, -27.0, 4.0, 54.0, 30.0, 11.0, 27.0, 0.0, 1.0, -7.0, 32.0, -6.0, 37.0, -1.0, -1.0, 8.0, -33.0, -10.0, -38.0, -20.0, 43.0, -34.0, -17.0, -29.0, -75.0, 11.0, -3.0, 39.0, 59.0, 81.0, 18.0, 53.0, 0.0, -7.0, -35.0, 4.0, 59.0, 30.0, 18.0, 40.0, 1.0, 19.0, -14.0, 44.0, -1.0, 57.0, 0.0, 16.0, 11.0, -27.0, -15.0, -32.0, -5.0, 62.0, -33.0, 18.0, -27.0, -63.0, 5.0, -3.0, 33.0, 68.0, 73.0, 23.0, 49.0, 0.0, -11.0, ' -43.0]']","['[7.0', ' 0.0', ' -6.0', 0.0, 5.0, 3.0, -5.0, -3.0, 0.0, 51.0, 1.0, 24.0, 2.0, 2.0, -17.0, -38.0, 4.0, 26.0, -1.0, 31.0, 57.0, 1.0, 61.0, -32.0, 48.0, 22.0, 78.0, 6.0, 73.0, 5.0, 17.0, -21.0, 28.0, 51.0, 91.0, 4.0, 123.0, 4.0, 36.0, -20.0, -1.0, -12.0, 39.0, -21.0, 19.0, -8.0, 0.0, -16.0, -32.0, 2.0, 11.0, -10.0, 27.0, 47.0, 0.0, 59.0, -28.0, 38.0, 24.0, 65.0, 6.0, 72.0, 3.0, 26.0, -18.0, 34.0, 53.0, 78.0, 13.0, 122.0, 11.0, 54.0, -22.0, -1.0, -20.0, 22.0, -41.0, 14.0, -21.0, 0.0, -14.0, ' -23.0]']","['[-30.0', ' -21.0', ' 18.0', 30.0, 0.0, -31.0, -16.0, 19.0, -107.0, 96.0, -45.0, 20.0, -11.0, -79.0, 38.0, -92.0, 5.0, 34.0, -5.0, -32.0, 3.0, -57.0, 4.0, -45.0, 26.0, -44.0, 38.0, -15.0, 1.0, 11.0, -3.0, 33.0, 31.0, 31.0, 31.0, -18.0, 37.0, 43.0, -18.0, 98.0, -26.0, 0.0, -58.0, 6.0, -36.0, -7.0, 64.0, -25.0, 73.0, -96.0, 0.0, -56.0, 17.0, -27.0, -20.0, 3.0, -65.0, -1.0, 51.0, -41.0, -7.0, -15.0, -80.0, 19.0, -76.0, -63.0, -84.0, 6.0, -67.0, -22.0, -31.0, 9.0, -77.0, 7.0, 107.0, -40.0, 39.0, 15.0, 19.0, 17.0, -16.0, ' 15.0]']","['[-13.0', ' 24.0', ' 27.0', -10.0, -32.0, -8.0, 29.0, 21.0, 57.0, 12.0, 17.0, 29.0, 16.0, -29.0, 7.0, -35.0, 106.0, -21.0, 67.0, -1.0, 29.0, 54.0, -5.0, 103.0, -14.0, -31.0, 24.0, 16.0, 16.0, 85.0, -20.0, 67.0, 53.0, 78.0, -23.0, 85.0, 5.0, 10.0, 0.0, 34.0, 5.0, -121.0, 77.0, -47.0, 2.0, -17.0, -56.0, 30.0, -65.0, -43.0, 40.0, -38.0, -26.0, -10.0, -76.0, 6.0, -91.0, 30.0, -23.0, 19.0, -21.0, -5.0, -31.0, 7.0, -1.0, 0.0, -12.0, 38.0, -56.0, 30.0, 33.0, -15.0, 69.0, -25.0, 58.0, -89.0, 30.0, -32.0, 1.0, 83.0, -37.0, ' 95.0]']","['[-68.0', ' -22.0', 53.0, 60.0, -8.0, -67.0, -37.0, 40.0, 23.0, -24.0, 119.0, 7.0, 48.0, -49.0, -37.0, -43.0, -74.0, 12.0, -61.0, -6.0, 39.0, -24.0, 82.0, -37.0, 67.0, -8.0, -14.0, -35.0, -91.0, 21.0, -18.0, 30.0, -16.0, 9.0, 70.0, -73.0, 79.0, -27.0, -54.0, -26.0, -69.0, 61.0, 23.0, -58.0, 8.0, -113.0, 44.0, -4.0, 99.0, -11.0, 25.0, 76.0, 8.0, 53.0, -25.0, -52.0, -26.0, -75.0, 8.0, -72.0, 10.0, 29.0, -17.0, 63.0, -29.0, 57.0, -81.0, 27.0, 8.0, -96.0, 41.0, -51.0, 38.0, 21.0, -81.0, 3.0, -65.0, -14.0, 56.0, 8.0, 40.0, ' -50.0]']","['[2.0', 64.0, 43.0, -33.0, -69.0, -16.0, 57.0, 56.0, -81.0, -13.0, 2.0, -12.0, 99.0, -24.0, 23.0, -89.0, 50.0, -35.0, -54.0, -5.0, -83.0, 42.0, 15.0, 49.0, 48.0, -5.0, 91.0, 5.0, 15.0, 7.0, -61.0, 17.0, -55.0, 85.0, -67.0, 30.0, 66.0, -32.0, 85.0, -29.0, 9.0, 61.0, -16.0, 104.0, 12.0, -3.0, -33.0, -43.0, 1.0, -88.0, 27.0, -29.0, -3.0, 77.0, -42.0, 65.0, -55.0, 37.0, -4.0, -57.0, -33.0, -88.0, 16.0, 12.0, 18.0, 11.0, -29.0, 94.0, -78.0, 39.0, -9.0, -85.0, -8.0, -67.0, 30.0, 27.0, -101.0, 1.0, -97.0, 55.0, 16.0, ' 83.0]']",,,,,,
1740060632.731291,ble-pd-B43A31EF7B26,33752c4d-4cb2-f9e8-06d6-a2dfa73a3227,6305,30,-66.0,,-83.0,-63.0,,-48.0,-57.0,2.858089568170934,,0.4665197765868485,-1.4209403854141924,,-2.3594621510830667,-0.940628833450538,0.1232677566504369,,0.0632855250602043,0.235684280347021,,0.3194733207224177,0.7560944595477039,-3.36121940612793,6.916378498077393,1.8556056022644043,-3.54,6.84,1.96,"['[33.0', 41.0, -6.0, -46.0, -22.0, 31.0, 42.0, -1.0, -6.0, -25.0, 36.0, 42.0, 21.0, -42.0, 83.0, 8.0, -8.0, -96.0, 15.0, 22.0, -2.0, -61.0, 26.0, -10.0, 14.0, -93.0, 3.0, -10.0, 11.0, -80.0, 46.0, -28.0, -2.0, -111.0, -14.0, -8.0, -15.0, -98.0, 1.0, 3.0, 1.0, -19.0, -14.0, 20.0, 43.0, 16.0, -45.0, 78.0, 16.0, -15.0, -103.0, 3.0, 30.0, -7.0, -55.0, 28.0, -8.0, 4.0, -101.0, -7.0, -3.0, 13.0, -62.0, 31.0, -24.0, -7.0, -121.0, -6.0, -3.0, -17.0, -100.0, 3.0, 6.0, 9.0, -28.0, 0.0, 18.0, 41.0, 5.0, -39.0, 77.0, ' 7.0]']","['[33.0', -23.0, -47.0, -3.0, 42.0, 35.0, -14.0, -46.0, 74.0, -59.0, 46.0, -16.0, 39.0, -34.0, 5.0, -3.0, 49.0, -16.0, 42.0, -46.0, 22.0, -41.0, 26.0, -35.0, 37.0, 25.0, 11.0, -49.0, -9.0, -34.0, 29.0, -39.0, 12.0, 50.0, -13.0, -27.0, 7.0, 0.0, -24.0, -18.0, -45.0, 74.0, -71.0, 47.0, -8.0, 46.0, -45.0, 21.0, -2.0, 45.0, -27.0, 39.0, -41.0, 26.0, -41.0, 29.0, -34.0, 38.0, 18.0, 9.0, -47.0, -7.0, -48.0, 32.0, -41.0, 10.0, 27.0, -8.0, -22.0, 5.0, -11.0, -16.0, -11.0, -45.0, 73.0, -59.0, 40.0, -2.0, 44.0, -42.0, 34.0, ' 3.0]']","[nan, nan, nan, nan, nan, nan, nan, nan, nan, nan, nan, nan, nan, nan, nan, nan, nan, nan, nan, nan, nan, nan, nan, nan, nan, nan, nan, nan, nan, nan, nan, nan, nan, nan, nan, nan, nan, nan, nan, nan, nan, nan, nan, nan, nan, nan, nan, nan, nan, nan, nan, nan, nan, nan, nan, nan, nan, nan, nan, nan, nan, nan, nan, nan, nan, nan, nan, nan, nan, nan, nan, nan, nan, nan, nan, nan, nan, nan, nan, nan, nan, nan]","[nan, nan, nan, nan, nan, nan, nan, nan, nan, nan, nan, nan, nan, nan, nan, nan, nan, nan, nan, nan, nan, nan, nan, nan, nan, nan, nan, nan, nan, nan, nan, nan, nan, nan, nan, nan, nan, nan, nan, nan, nan, nan, nan, nan, nan, nan, nan, nan, nan, nan, nan, nan, nan, nan, nan, nan, nan, nan, nan, nan, nan, nan, nan, nan, nan, nan, nan, nan, nan, nan, nan, nan, nan, nan, nan, nan, nan, nan, nan, nan, nan, nan]","['[-4.0', 0.0, 7.0, 3.0, -5.0, -3.0, 8.0, 2.0, -2.0, 118.0, 19.0, 0.0, 15.0, 4.0, 24.0, -90.0, 7.0, -30.0, -6.0, -28.0, 18.0, -76.0, 27.0, -36.0, 21.0, -75.0, 30.0, -65.0, 1.0, -18.0, 30.0, 46.0, 10.0, 35.0, 27.0, 26.0, 22.0, 45.0, 5.0, 48.0, -2.0, -38.0, -73.0, -36.0, 37.0, -19.0, 30.0, -28.0, 22.0, -28.0, 80.0, -12.0, 29.0, -16.0, 44.0, -32.0, -41.0, 6.0, 45.0, -43.0, 29.0, -13.0, -25.0, -4.0, -108.0, -66.0, -106.0, -8.0, -98.0, -12.0, -81.0, 31.0, -57.0, -3.0, 55.0, -17.0, 35.0, -47.0, 20.0, ' -40.0', ' 7.0', ' 73.0]']","['[7.0', 4.0, -3.0, -6.0, 0.0, 8.0, 8.0, -4.0, 50.0, -4.0, 28.0, -45.0, 14.0, -47.0, 14.0, 67.0, 35.0, -72.0, 21.0, -2.0, -7.0, 9.0, 23.0, 84.0, -35.0, 16.0, 32.0, 25.0, 9.0, 50.0, -25.0, 96.0, 68.0, 117.0, -13.0, 106.0, -12.0, 92.0, -48.0, 44.0, 5.0, -42.0, 73.0, -13.0, 30.0, 15.0, 24.0, 16.0, -107.0, -13.0, 34.0, -28.0, -21.0, 29.0, -55.0, 5.0, -71.0, 39.0, -78.0, 5.0, -66.0, -7.0, -59.0, 35.0, -15.0, -43.0, -68.0, 28.0, -64.0, 26.0, -32.0, 44.0, 4.0, -2.0, 4.0, -120.0, -5.0, -2.0, -22.0, ' -5.0', ' -20.0', ' 82.0]']","['[-15.0', -68.0, -41.0, 37.0, 71.0, 6.0, -71.0, -59.0, 56.0, -34.0, -7.0, 37.0, -64.0, 39.0, 1.0, 19.0, -18.0, -20.0, 76.0, -25.0, 68.0, -2.0, -29.0, -45.0, -14.0, 22.0, -52.0, -30.0, 26.0, 5.0, 64.0, 22.0, 101.0, 25.0, 30.0, -2.0, -87.0, 40.0, -78.0, 78.0, 17.0, -68.0, 64.0, -44.0, 14.0, 25.0, -35.0, 55.0, -26.0, 48.0, -17.0, -45.0, 41.0, -92.0, -3.0, 4.0, 30.0, -16.0, -61.0, 55.0, 12.0, 23.0, -18.0, -44.0, -36.0, -38.0, -16.0, -74.0, -1.0, 35.0, -30.0, 120.0, -45.0, 42.0, 46.0, -47.0, 72.0, -56.0, 37.0, ' 18.0', ' -60.0', ' 9.0]']","['[-81.0', -17.0, 66.0, 62.0, -19.0, -82.0, -46.0, 52.0, 28.0, -44.0, 74.0, -53.0, 47.0, 8.0, -70.0, 2.0, -48.0, 47.0, -32.0, -29.0, 69.0, 2.0, 31.0, 16.0, 39.0, 54.0, -33.0, 17.0, -70.0, 24.0, -6.0, 38.0, -49.0, -2.0, 75.0, 4.0, 39.0, -9.0, -95.0, -18.0, -72.0, 16.0, 16.0, -54.0, 63.0, -81.0, 18.0, 43.0, 11.0, 23.0, -53.0, 76.0, 5.0, -6.0, -5.0, -44.0, -43.0, -38.0, -31.0, -11.0, -31.0, 68.0, -9.0, 44.0, -10.0, 97.0, 17.0, -33.0, 0.0, -85.0, 27.0, 20.0, 60.0, 64.0, -57.0, 23.0, 3.0, -39.0, 66.0, ' -39.0', ' 0.0', ' -12.0]']",,,,,,
1740060633.730548,ble-pd-B43A31EF7B26,793367bd-6ad9-4384-8245-8f03deee06ea,6306,25,-65.0,-86.0,-73.0,-69.0,,-51.0,-57.0,2.8198524338717945,-1.591612126507174,0.4384878755848925,-1.4169519022076351,,-2.301838195070144,-0.9449576786431166,0.1467215505804922,0.6360384355068531,0.0586596725033855,0.2056281106004958,,0.3679140947667601,0.733928766084214,-3.330151319503784,6.900766372680664,1.8785059452056885,-3.54,6.84,1.96,"['[46.0', 14.0, -35.0, -39.0, 10.0, 46.0, 18.0, -32.0, 37.0, -77.0, 77.0, 3.0, 46.0, -72.0, 45.0, 19.0, 18.0, -55.0, 57.0, -14.0, 17.0, -77.0, 46.0, -37.0, 18.0, -23.0, 32.0, -15.0, -12.0, -74.0, 34.0, -28.0, -15.0, -18.0, 7.0, 18.0, -13.0, -30.0, -5.0, -11.0, -28.0, 34.0, -74.0, 80.0, 6.0, 45.0, -74.0, 54.0, 23.0, 16.0, -66.0, 56.0, -12.0, 15.0, -84.0, 48.0, -36.0, 20.0, -34.0, 31.0, -15.0, -12.0, -80.0, 36.0, -29.0, -15.0, -32.0, 4.0, 19.0, -14.0, -46.0, -5.0, -10.0, -23.0, 30.0, -71.0, 80.0, 9.0, 41.0, -75.0, 59.0, ' 27.0]']","['[1.0', -44.0, -29.0, 24.0, 45.0, 5.0, -42.0, -32.0, 25.0, -9.0, -24.0, -21.0, 17.0, 11.0, -63.0, -40.0, 18.0, 78.0, 0.0, -13.0, 15.0, 48.0, -18.0, -2.0, -15.0, 83.0, 5.0, 0.0, 6.0, 62.0, -25.0, 20.0, -9.0, 110.0, 24.0, -7.0, 16.0, 115.0, 0.0, 0.0, -35.0, 31.0, -18.0, -13.0, -19.0, 22.0, 2.0, -56.0, -37.0, 20.0, 71.0, 8.0, -15.0, 17.0, 35.0, -12.0, -7.0, -12.0, 78.0, 10.0, -2.0, 4.0, 50.0, -20.0, 17.0, -11.0, 108.0, 24.0, -5.0, 14.0, 109.0, 0.0, -2.0, -38.0, 34.0, -29.0, -3.0, -19.0, 28.0, -6.0, -51.0, ' -35.0]']","['[6.0', 1.0, ' -6.0', -4.0, 4.0, 5.0, -3.0, -6.0, -3.0, -78.0, -52.0, -22.0, -51.0, -13.0, -5.0, 12.0, 8.0, -57.0, -7.0, -4.0, -39.0, -5.0, -46.0, 10.0, -37.0, -19.0, -34.0, -11.0, -42.0, -18.0, -21.0, -27.0, 26.0, 4.0, -50.0, 23.0, -113.0, 8.0, 21.0, 23.0, -7.0, -1.0, -78.0, -47.0, -23.0, -49.0, -10.0, 0.0, 18.0, 10.0, -58.0, -3.0, -5.0, -40.0, -6.0, -48.0, 11.0, -38.0, -23.0, -37.0, -13.0, -46.0, -19.0, -30.0, -29.0, 21.0, -1.0, -47.0, 20.0, -119.0, 6.0, 9.0, 23.0, -6.0, 0.0, -75.0, -43.0, -26.0, -45.0, -5.0, 4.0, ' 22.0]']","['[1.0', ' -6.0', ' -2.0', 5.0, 4.0, -5.0, -5.0, 2.0, -1.0, 4.0, 30.0, -18.0, 21.0, 24.0, 37.0, 41.0, 12.0, -6.0, 22.0, -5.0, -6.0, -6.0, -19.0, 1.0, -13.0, -32.0, -26.0, -12.0, -29.0, -6.0, -54.0, -9.0, -42.0, -49.0, 26.0, -14.0, -40.0, -9.0, -93.0, -3.0, 4.0, 0.0, 11.0, 39.0, -17.0, 30.0, 26.0, 36.0, 38.0, 9.0, 4.0, 23.0, -5.0, 1.0, -7.0, -13.0, 1.0, -10.0, -31.0, -20.0, -10.0, -21.0, -3.0, -49.0, -5.0, -45.0, -49.0, 33.0, -18.0, -23.0, -11.0, -96.0, -7.0, 5.0, 0.0, 21.0, 44.0, -13.0, 35.0, 27.0, 36.0, ' 35.0]']","['[35.0', ' 3.0', ' -33.0', -24.0, 21.0, 33.0, -4.0, -36.0, -34.0, 16.0, 13.0, -7.0, -1.0, -52.0, 37.0, 22.0, 11.0, -62.0, 18.0, -45.0, 8.0, -11.0, -6.0, 17.0, -38.0, 12.0, 13.0, 39.0, 15.0, 39.0, -19.0, 58.0, 48.0, 90.0, -55.0, 115.0, -15.0, 98.0, -69.0, 105.0, 31.0, 15.0, 75.0, 32.0, 8.0, 27.0, 53.0, 24.0, 6.0, -25.0, 18.0, -13.0, 15.0, 0.0, -42.0, 29.0, -54.0, 30.0, -33.0, 18.0, -91.0, 11.0, -69.0, 59.0, -35.0, -36.0, -57.0, 60.0, -69.0, 35.0, -37.0, 28.0, -34.0, -7.0, 13.0, -122.0, -52.0, -6.0, -35.0, -18.0, -72.0, ' -36.0]']","['[-4.0', ' -35.0', ' -15.0', 27.0, 29.0, -13.0, -35.0, -9.0, 10.0, -120.0, -52.0, -7.0, -34.0, -21.0, -70.0, -31.0, 23.0, 31.0, 0.0, 23.0, -7.0, 69.0, -31.0, 59.0, -5.0, 34.0, -40.0, 89.0, -27.0, 56.0, -62.0, -8.0, 3.0, -3.0, -31.0, -9.0, -35.0, -42.0, 22.0, -54.0, -21.0, -35.0, 95.0, 44.0, -1.0, 23.0, -23.0, 75.0, 40.0, -7.0, -67.0, 13.0, -47.0, 9.0, -57.0, 17.0, -28.0, -23.0, -15.0, 37.0, -34.0, 27.0, -8.0, 28.0, 49.0, 32.0, 71.0, -17.0, 92.0, 13.0, 101.0, -64.0, 114.0, 39.0, 34.0, -12.0, -6.0, 7.0, 5.0, 54.0, -34.0, ' -22.0]']","['[-30.0', ' 16.0', 40.0, 14.0, -31.0, -35.0, 6.0, 41.0, -13.0, -3.0, 63.0, -31.0, 67.0, -63.0, -33.0, 8.0, -22.0, 57.0, -82.0, 59.0, 9.0, -2.0, 57.0, 10.0, 47.0, -20.0, -9.0, 29.0, -88.0, 22.0, -39.0, 2.0, -99.0, -29.0, 60.0, -19.0, 62.0, -60.0, 5.0, -88.0, -37.0, 61.0, -63.0, -3.0, -18.0, -63.0, 58.0, 7.0, 56.0, -22.0, -10.0, 89.0, -56.0, 60.0, -27.0, -54.0, -5.0, -42.0, 65.0, -52.0, 9.0, 49.0, -15.0, 48.0, -1.0, 67.0, 16.0, -16.0, 21.0, -92.0, 40.0, -87.0, 76.0, 13.0, -76.0, 100.0, -58.0, 54.0, 25.0, -22.0, 24.0, ' -92.0]']","['[28.0', 38.0, -1.0, -39.0, -27.0, 20.0, 40.0, 10.0, -75.0, 100.0, -60.0, 57.0, 21.0, -18.0, 25.0, -91.0, 55.0, -38.0, -44.0, 18.0, -94.0, 45.0, 20.0, -3.0, 12.0, -73.0, 84.0, -46.0, 17.0, -2.0, -28.0, -3.0, 6.0, 4.0, -36.0, -11.0, 65.0, 6.0, 119.0, -11.0, 24.0, 46.0, -78.0, 88.0, -63.0, 29.0, -29.0, -41.0, 71.0, -56.0, 68.0, -27.0, 27.0, 74.0, -35.0, 25.0, 9.0, 22.0, 38.0, -66.0, 54.0, -74.0, 16.0, -6.0, 5.0, -73.0, -23.0, 68.0, -6.0, -4.0, -45.0, -82.0, -48.0, -42.0, 10.0, 13.0, -66.0, 34.0, -64.0, 62.0, 35.0, ' -17.0]']",,,,,,
1740060634.731562,ble-pd-B43A31EF7B26,b9cf6cd3-4969-ca17-083a-123191f3cbc6,6307,11,-62.0,-89.0,-67.0,-62.0,,,,2.784405227130621,-1.587749477662123,0.4402090765974107,-1.4080596073278606,,,,0.1237427064637173,0.5716990601526015,0.0822900298525239,0.2478692576642992,,,,,,,-3.54,6.84,1.96,"['[17.0', 57.0, 20.0, -44.0, -48.0, 13.0, 57.0, 24.0, 0.0, -63.0, 36.0, 49.0, 50.0, -112.0, 91.0, 18.0, -12.0, -75.0, 17.0, 58.0, 11.0, -115.0, 59.0, -36.0, 3.0, -73.0, 10.0, 42.0, -46.0, -83.0, 15.0, -15.0, -30.0, -93.0, 51.0, 29.0, -19.0, -65.0, -28.0, 9.0, 18.0, 3.0, -72.0, 37.0, 52.0, 49.0, -113.0, 93.0, 16.0, -10.0, -77.0, 19.0, 61.0, 9.0, -109.0, 60.0, -34.0, 4.0, -76.0, 15.0, 41.0, -45.0, -76.0, 16.0, -11.0, -31.0, -88.0, 54.0, 27.0, -8.0, -56.0, -26.0, 10.0, 12.0, 6.0, -81.0, 37.0, 57.0, 47.0, -112.0, 95.0, ' 14.0]']","['[55.0', 0.0, -53.0, -36.0, 31.0, 56.0, 6.0, -50.0, 30.0, -89.0, 4.0, 44.0, -11.0, -5.0, 26.0, -15.0, 23.0, -23.0, 12.0, 31.0, -11.0, 49.0, 11.0, 15.0, 8.0, -17.0, 39.0, -9.0, 11.0, 50.0, 1.0, 30.0, -5.0, 30.0, 22.0, -20.0, 63.0, 77.0, 6.0, 1.0, -52.0, 30.0, -81.0, 1.0, 41.0, -15.0, 5.0, 18.0, -19.0, 25.0, -16.0, 9.0, 26.0, -13.0, 63.0, 7.0, 20.0, 7.0, -12.0, 38.0, -14.0, 17.0, 61.0, 0.0, 33.0, -1.0, 42.0, 17.0, -24.0, 65.0, 84.0, 10.0, 0.0, -54.0, 29.0, -73.0, -2.0, 33.0, -19.0, 18.0, 8.0, ' -20.0]']","['[0.0', 4.0, ' 2.0', -3.0, -2.0, 3.0, 4.0, -2.0, 15.0, 15.0, 57.0, 0.0, 38.0, -2.0, 16.0, 4.0, -3.0, 29.0, 27.0, -6.0, -15.0, 4.0, -34.0, 7.0, 0.0, -32.0, -14.0, -7.0, -38.0, 7.0, -39.0, 7.0, -34.0, -54.0, -21.0, -37.0, -87.0, -32.0, -71.0, 17.0, -2.0, 21.0, 27.0, 64.0, 4.0, 45.0, -2.0, 14.0, -3.0, -7.0, 43.0, 28.0, 0.0, -4.0, 2.0, -25.0, 0.0, 12.0, -26.0, 2.0, -4.0, -25.0, 9.0, -40.0, 1.0, -37.0, -49.0, 1.0, -39.0, -64.0, -32.0, -76.0, 16.0, -1.0, 23.0, 38.0, 68.0, 7.0, 49.0, -2.0, 11.0, ' -11.0]']","['[4.0', ' 2.0', ' -4.0', -2.0, 3.0, 3.0, -2.0, -3.0, 24.0, 59.0, 31.0, 22.0, 33.0, -3.0, -8.0, -36.0, -16.0, 60.0, 8.0, 29.0, 48.0, 0.0, 43.0, -29.0, 52.0, 22.0, 74.0, 9.0, 54.0, 10.0, -2.0, -34.0, -12.0, 17.0, 92.0, -13.0, 75.0, -6.0, -31.0, -3.0, -1.0, 18.0, 55.0, 19.0, 21.0, 24.0, -4.0, -12.0, -36.0, -16.0, 53.0, 2.0, 30.0, 51.0, -1.0, 49.0, -30.0, 50.0, 28.0, 77.0, 11.0, 60.0, 8.0, 7.0, -34.0, -3.0, 29.0, 94.0, -5.0, 97.0, 2.0, -12.0, -7.0, -2.0, 14.0, 49.0, 6.0, 20.0, 13.0, -2.0, -14.0, ' -34.0]']","['[-23.0', ' -42.0', ' 1.0', 42.0, 20.0, -31.0, -37.0, 7.0, -89.0, 48.0, -48.0, 3.0, -24.0, -85.0, 39.0, -109.0, 7.0, -24.0, 2.0, -58.0, 10.0, -73.0, 23.0, 0.0, 1.0, -55.0, 30.0, 11.0, 21.0, 36.0, 8.0, 71.0, 29.0, 61.0, 37.0, 40.0, 37.0, 75.0, 24.0, 71.0, -38.0, 18.0, 12.0, 25.0, 0.0, 18.0, 63.0, -21.0, 59.0, -74.0, 24.0, -63.0, 5.0, -35.0, -21.0, -24.0, -103.0, 13.0, 4.0, -7.0, -57.0, -11.0, -118.0, 18.0, -75.0, -60.0, -91.0, -17.0, -68.0, -18.0, -34.0, 4.0, -6.0, 33.0, 70.0, -59.0, 21.0, -3.0, 5.0, 18.0, -18.0, ' 44.0]']","['[-37.0', ' 12.0', ' 43.0', 10.0, -39.0, -30.0, 21.0, 40.0, 35.0, -42.0, 0.0, -2.0, -6.0, -21.0, 0.0, -3.0, 82.0, -12.0, 75.0, 32.0, 34.0, 72.0, 15.0, 122.0, -16.0, 29.0, -8.0, 61.0, 0.0, 115.0, -26.0, 45.0, 51.0, 67.0, -1.0, 54.0, 0.0, -4.0, -22.0, -34.0, -18.0, -93.0, 62.0, -41.0, 4.0, -16.0, -62.0, 33.0, -92.0, -39.0, -13.0, -39.0, -66.0, -10.0, -100.0, 11.0, -66.0, 11.0, -63.0, 30.0, -24.0, 17.0, -26.0, 20.0, 36.0, 0.0, 13.0, 32.0, 4.0, 32.0, 66.0, 32.0, 77.0, -23.0, 66.0, -24.0, 42.0, -2.0, 24.0, 87.0, -35.0, ' 101.0]']","['[71.0', ' -18.0', -83.0, -42.0, 56.0, 80.0, 4.0, -78.0, 12.0, 32.0, -115.0, 6.0, -82.0, 81.0, 12.0, 109.0, 55.0, 32.0, 95.0, 20.0, 0.0, 14.0, -64.0, -4.0, -89.0, 18.0, 0.0, 65.0, 76.0, -1.0, 51.0, -65.0, 32.0, -55.0, -58.0, 52.0, -120.0, 63.0, -8.0, 49.0, 70.0, -83.0, -38.0, 32.0, -7.0, 106.0, -39.0, 34.0, -91.0, 46.0, -58.0, -65.0, -20.0, -83.0, 26.0, 24.0, 72.0, 70.0, 18.0, 91.0, -10.0, 3.0, -27.0, -50.0, 1.0, -61.0, 103.0, -52.0, 37.0, 80.0, -40.0, 94.0, -66.0, 4.0, 73.0, 7.0, 83.0, 1.0, -28.0, -40.0, -46.0, ' -13.0]']","['[-45.0', -83.0, -12.0, 75.0, 64.0, -27.0, -84.0, -35.0, 89.0, 25.0, 32.0, 5.0, -75.0, 0.0, -46.0, 43.0, -89.0, 48.0, 18.0, 10.0, 95.0, -41.0, 11.0, -80.0, -28.0, -34.0, -104.0, -24.0, -50.0, 32.0, 27.0, 36.0, 52.0, -85.0, 93.0, -75.0, -26.0, 10.0, -104.0, 47.0, -51.0, -36.0, 13.0, -115.0, 2.0, -28.0, 71.0, 34.0, 73.0, 95.0, 2.0, 73.0, 12.0, -47.0, 33.0, -60.0, 35.0, -62.0, 32.0, 50.0, 69.0, 92.0, -18.0, 30.0, -75.0, 2.0, -7.0, -97.0, 83.0, -93.0, 48.0, 48.0, 18.0, 85.0, -52.0, -40.0, 86.0, -7.0, 107.0, -71.0, 12.0, ' -113.0]']",,,,,,
1740060635.731689,ble-pd-B43A31EF7B26,ef1f619b-e420-955c-e461-640ae9b1df46,6308,32,-68.0,-76.0,-76.0,-68.0,-57.0,-48.0,,2.888909266201985,-1.5499609528486074,0.4239190528416141,-1.408096225792849,-0.7255552026937158,-2.335855239679225,,0.1715365027884439,0.5224992229632323,0.0941175110829725,0.2355453299171462,0.4825427476666032,0.2728420409462208,,-3.287341833114624,6.872804641723633,1.8892673254013064,-3.54,6.84,1.96,"['[37.0', -10.0, -44.0, -19.0, 30.0, 40.0, -5.0, -43.0, 68.0, -26.0, 24.0, -19.0, 27.0, -43.0, 29.0, -3.0, 48.0, -23.0, 41.0, -39.0, 20.0, -47.0, 20.0, -42.0, 36.0, 3.0, 4.0, -56.0, 2.0, -47.0, 40.0, -65.0, -2.0, 28.0, 0.0, -27.0, -17.0, 4.0, 6.0, -34.0, -39.0, 56.0, -22.0, 28.0, -15.0, 29.0, -50.0, 50.0, -6.0, 42.0, -39.0, 42.0, -34.0, 18.0, -64.0, 25.0, -49.0, 37.0, -19.0, 4.0, -57.0, 6.0, -64.0, 42.0, -71.0, -6.0, 0.0, -7.0, -28.0, -23.0, -19.0, 5.0, -40.0, -35.0, 37.0, -16.0, 32.0, -10.0, 31.0, -53.0, 65.0, ' -10.0]']","['[-23.0', -43.0, -3.0, 39.0, 31.0, -18.0, -44.0, -7.0, 53.0, -16.0, -29.0, -19.0, -14.0, 33.0, -92.0, 17.0, 27.0, 64.0, -5.0, -19.0, 7.0, 72.0, -26.0, 30.0, -9.0, 100.0, 0.0, 9.0, -19.0, 88.0, -12.0, 38.0, 18.0, 121.0, 43.0, 6.0, 31.0, 108.0, 4.0, 23.0, -15.0, 65.0, -22.0, -23.0, -22.0, -8.0, 23.0, -83.0, 16.0, 36.0, 56.0, 4.0, -28.0, 10.0, 58.0, -20.0, 19.0, -2.0, 97.0, 2.0, -4.0, -19.0, 77.0, -3.0, 26.0, 18.0, 125.0, 42.0, 0.0, 26.0, 106.0, 6.0, 14.0, -26.0, 79.0, -26.0, -16.0, -25.0, -1.0, 13.0, -72.0, ' 13.0]']","['[-17.0', 18.0, ' 21.0', -12.0, -25.0, 6.0, 26.0, 3.0, 23.0, -47.0, -49.0, 17.0, -68.0, 11.0, -45.0, -13.0, -21.0, -22.0, -25.0, -6.0, -45.0, 9.0, -53.0, 32.0, 7.0, 9.0, -28.0, 23.0, -58.0, -6.0, -8.0, 8.0, 19.0, 21.0, -63.0, 18.0, -76.0, 9.0, 12.0, 37.0, 0.0, 18.0, -47.0, -49.0, 14.0, -66.0, 11.0, -44.0, -14.0, -21.0, -21.0, -22.0, -5.0, -42.0, 10.0, -56.0, 30.0, 3.0, 8.0, -30.0, 23.0, -66.0, -6.0, -16.0, 6.0, 19.0, 21.0, -67.0, 23.0, -83.0, 10.0, 6.0, 41.0, -2.0, 18.0, -49.0, -46.0, 12.0, -65.0, 11.0, -40.0, ' -14.0]']","['[21.0', ' 20.0', ' -15.0', -25.0, 7.0, 26.0, -1.0, -25.0, -14.0, -12.0, 10.0, -25.0, 4.0, -6.0, 12.0, -18.0, 9.0, 4.0, 19.0, 5.0, 20.0, 6.0, -9.0, -14.0, -22.0, -18.0, -12.0, 0.0, -51.0, 10.0, -68.0, -2.0, -10.0, -3.0, -35.0, 38.0, -96.0, 10.0, -79.0, 22.0, -26.0, -18.0, -7.0, 18.0, -25.0, 12.0, -8.0, 18.0, -18.0, 12.0, 7.0, 22.0, 7.0, 26.0, 6.0, 1.0, -16.0, -23.0, -20.0, -9.0, -1.0, -42.0, 10.0, -67.0, -4.0, -14.0, -6.0, -30.0, 34.0, -90.0, 9.0, -80.0, 18.0, -26.0, -19.0, 1.0, 23.0, -27.0, 20.0, -9.0, 22.0, ' -16.0]']","['[-13.0', ' 20.0', ' 24.0', -6.0, -28.0, -9.0, 24.0, 20.0, -86.0, 69.0, -66.0, 48.0, -46.0, 44.0, 26.0, -81.0, 10.0, 28.0, -9.0, -3.0, 20.0, -58.0, 15.0, -85.0, 19.0, -91.0, -28.0, -84.0, -32.0, -45.0, 19.0, 8.0, -29.0, -81.0, 33.0, -22.0, 3.0, -16.0, -6.0, 12.0, 0.0, 43.0, -87.0, 24.0, 3.0, 40.0, 10.0, -32.0, 82.0, -34.0, 50.0, -7.0, 28.0, -11.0, 60.0, -9.0, 32.0, -5.0, 82.0, -12.0, 76.0, 38.0, 24.0, 8.0, -72.0, -45.0, -4.0, -41.0, -27.0, -12.0, -42.0, 44.0, -18.0, -17.0, 20.0, 62.0, 28.0, -53.0, -13.0, -61.0, 19.0, ' -42.0]']","['[24.0', ' 20.0', ' -13.0', -27.0, -2.0, 27.0, 16.0, -19.0, 32.0, 54.0, 32.0, -56.0, -9.0, -64.0, 17.0, -36.0, 42.0, -101.0, 20.0, -37.0, -3.0, -25.0, -4.0, 45.0, -11.0, -21.0, 49.0, -21.0, -22.0, 15.0, -34.0, 94.0, 95.0, 90.0, 22.0, 67.0, 13.0, 81.0, -60.0, 13.0, 28.0, -81.0, 5.0, -68.0, 74.0, -25.0, 76.0, 4.0, -26.0, -24.0, 94.0, -19.0, 23.0, 16.0, -20.0, 14.0, -91.0, 21.0, -48.0, -53.0, -43.0, -6.0, -42.0, 39.0, -63.0, -90.0, -121.0, 5.0, -65.0, -9.0, -71.0, 40.0, 0.0, -21.0, 90.0, -64.0, 67.0, -50.0, 44.0, -46.0, -26.0, ' 76.0]']","['[3.0', ' -53.0', -43.0, 21.0, 59.0, 22.0, -43.0, -53.0, 56.0, -7.0, -6.0, 29.0, -63.0, -3.0, 11.0, 31.0, -15.0, -101.0, 60.0, -1.0, 26.0, -22.0, -48.0, -33.0, -24.0, -44.0, -29.0, -44.0, 11.0, -12.0, 34.0, 44.0, 86.0, 62.0, 57.0, 15.0, -4.0, -23.0, -31.0, 14.0, 25.0, -50.0, 52.0, -33.0, -14.0, 48.0, 18.0, 25.0, -4.0, 49.0, 78.0, -46.0, 20.0, -54.0, 18.0, 16.0, 2.0, -1.0, -36.0, 30.0, 28.0, 1.0, 10.0, -41.0, -70.0, -64.0, -60.0, -76.0, -43.0, -31.0, -6.0, 47.0, 10.0, 13.0, 24.0, -77.0, 63.0, -6.0, -12.0, -25.0, -50.0, ' -20.0]']","['[-59.0', -27.0, 41.0, 55.0, 0.0, -55.0, -40.0, 24.0, 8.0, -78.0, 65.0, -14.0, 7.0, -26.0, -53.0, -31.0, -62.0, 9.0, -2.0, -30.0, 53.0, -2.0, 33.0, 40.0, 30.0, 110.0, -13.0, 11.0, -18.0, 0.0, 19.0, 56.0, -8.0, 18.0, 50.0, 47.0, 59.0, 36.0, -35.0, -36.0, -54.0, 26.0, 58.0, -56.0, 30.0, -44.0, 17.0, 48.0, 44.0, 41.0, -64.0, 39.0, 23.0, -26.0, -11.0, -55.0, -53.0, -38.0, -112.0, -7.0, -37.0, 20.0, -7.0, 6.0, -18.0, 59.0, 22.0, -1.0, -28.0, -51.0, -43.0, 10.0, 38.0, 58.0, -52.0, -13.0, 23.0, -34.0, 64.0, -2.0, -23.0, ' -35.0]']",,,,,,
1740060636.73067,ble-pd-B43A31EF7B26,dfc17c9b-a8d2-3630-295a-d2c93f5e0c77,6309,32,-68.0,-77.0,-81.0,-64.0,-56.0,-47.0,-62.0,2.885283638693952,-1.534039910061841,0.3831252838959982,-1.4269893563561438,-0.7645512382514545,-2.345641239365875,-1.9177499866347725,0.1322019963173802,0.4999102573076667,0.1387208320994058,0.2651398406887063,0.3246256926778205,0.2363895640420469,0.7791251913577404,-3.2520997524261475,6.86557388305664,1.904260754585266,-3.54,6.84,1.96,"['[11.0', -35.0, -36.0, 10.0, 43.0, 17.0, -31.0, -36.0, 72.0, -53.0, -1.0, -20.0, 10.0, 14.0, -71.0, 28.0, 27.0, 29.0, 23.0, -19.0, 7.0, 39.0, -5.0, 28.0, -20.0, 75.0, 17.0, -4.0, -19.0, 65.0, 0.0, 17.0, 10.0, 113.0, 47.0, -13.0, 32.0, 103.0, 10.0, 0.0, -38.0, 83.0, -63.0, 6.0, -19.0, 14.0, 0.0, -54.0, 24.0, 38.0, 12.0, 29.0, -21.0, 11.0, 18.0, 3.0, 18.0, -7.0, 61.0, 17.0, -9.0, -19.0, 47.0, 10.0, 5.0, 7.0, 102.0, 44.0, -13.0, 25.0, 92.0, 10.0, -3.0, -39.0, 88.0, -69.0, 13.0, -16.0, 18.0, -13.0, -35.0, ' 16.0]']","['[-41.0', -25.0, 24.0, 42.0, 3.0, -39.0, -29.0, 21.0, -54.0, 49.0, -36.0, -4.0, -20.0, 61.0, -67.0, 16.0, -57.0, 67.0, -34.0, 12.0, -16.0, 82.0, -37.0, 37.0, -46.0, 61.0, -4.0, 21.0, 5.0, 91.0, -51.0, 56.0, 5.0, 31.0, 5.0, 0.0, 23.0, 35.0, -1.0, 14.0, 12.0, -38.0, 35.0, -36.0, -10.0, -17.0, 64.0, -83.0, 22.0, -50.0, 71.0, -28.0, 7.0, -13.0, 91.0, -37.0, 43.0, -49.0, 75.0, 0.0, 19.0, 2.0, 101.0, -50.0, 58.0, 7.0, 58.0, 16.0, -3.0, 31.0, 60.0, 1.0, 14.0, 2.0, -20.0, 21.0, -33.0, -13.0, -13.0, 62.0, -92.0, ' 28.0]']","['[-12.0', -25.0, ' 6.0', 26.0, 2.0, -25.0, -9.0, 23.0, 4.0, 32.0, 21.0, 12.0, 45.0, -4.0, 42.0, 9.0, -1.0, 14.0, -4.0, -10.0, 28.0, -17.0, 53.0, -15.0, 0.0, 9.0, 30.0, -23.0, 79.0, -6.0, 40.0, -6.0, -8.0, -15.0, 78.0, -31.0, 113.0, -5.0, 4.0, -41.0, 26.0, 7.0, 27.0, 19.0, 15.0, 42.0, -2.0, 36.0, 10.0, -3.0, 12.0, -10.0, -10.0, 25.0, -17.0, 52.0, -13.0, 3.0, 13.0, 26.0, -21.0, 80.0, -10.0, 48.0, -6.0, -6.0, -14.0, 76.0, -35.0, 117.0, -7.0, 12.0, -39.0, 25.0, 10.0, 25.0, 16.0, 18.0, 33.0, 0.0, 30.0, ' 11.0]']","['[-23.0', ' 10.0', ' 25.0', -2.0, -27.0, -6.0, 25.0, 13.0, 37.0, -31.0, -21.0, 29.0, -49.0, 17.0, -42.0, 5.0, -8.0, -28.0, -34.0, -2.0, -40.0, 1.0, -16.0, 33.0, 18.0, 20.0, -13.0, 6.0, 13.0, -17.0, 63.0, 7.0, 35.0, 14.0, -10.0, -25.0, 40.0, -11.0, 73.0, 1.0, 11.0, 34.0, -33.0, -25.0, 28.0, -54.0, 17.0, -45.0, 4.0, -6.0, -30.0, -35.0, -2.0, -46.0, 4.0, -22.0, 35.0, 18.0, 20.0, -18.0, 10.0, 3.0, -16.0, 58.0, 8.0, 35.0, 16.0, -19.0, -22.0, 29.0, -9.0, 72.0, 6.0, 6.0, 34.0, -35.0, -26.0, 27.0, -60.0, 18.0, -51.0, ' 4.0]']","['[-5.0', ' 8.0', ' 10.0', -3.0, -13.0, -3.0, 10.0, 11.0, -39.0, 35.0, -47.0, 69.0, -27.0, 81.0, -33.0, -13.0, -9.0, 83.0, -20.0, 10.0, 25.0, -38.0, 4.0, -74.0, -2.0, -74.0, -46.0, -47.0, -26.0, -57.0, 38.0, -63.0, -96.0, -107.0, -20.0, -62.0, -15.0, -32.0, 40.0, 49.0, -1.0, 64.0, -40.0, 64.0, -32.0, 59.0, -36.0, 25.0, 48.0, -5.0, -14.0, 23.0, 11.0, -8.0, 81.0, -21.0, 85.0, 14.0, 122.0, 29.0, 83.0, 42.0, 38.0, -18.0, -11.0, 35.0, 58.0, -5.0, 8.0, -5.0, -17.0, -1.0, -55.0, -9.0, -55.0, 23.0, -48.0, -27.0, -61.0, -26.0, -3.0, ' -58.0]']","['[11.0', ' 9.0', ' -7.0', -11.0, 0.0, 13.0, 6.0, -10.0, -52.0, 21.0, -43.0, -32.0, -59.0, -32.0, 0.0, -57.0, 16.0, -66.0, -10.0, -29.0, -13.0, -75.0, 25.0, -43.0, -18.0, -97.0, 6.0, -72.0, -34.0, 3.0, -12.0, 84.0, 57.0, 32.0, 29.0, 50.0, 24.0, 59.0, -37.0, 30.0, 16.0, 13.0, 8.0, 0.0, 70.0, 25.0, 80.0, -21.0, 31.0, -18.0, 105.0, -5.0, 29.0, 28.0, 28.0, -16.0, -17.0, 10.0, 20.0, -36.0, 21.0, 8.0, -42.0, 36.0, -104.0, -106.0, -97.0, -36.0, -79.0, -29.0, -65.0, 55.0, 12.0, -10.0, 35.0, -33.0, 44.0, -72.0, 22.0, -84.0, 33.0, ' 8.0]']","['[-81.0', ' -88.0', 18.0, 100.0, 54.0, -58.0, -98.0, -11.0, 65.0, -88.0, 59.0, 27.0, -41.0, 16.0, -22.0, 12.0, -59.0, -81.0, 29.0, -47.0, 55.0, -6.0, -25.0, -19.0, -14.0, 64.0, -54.0, -27.0, -19.0, -25.0, 36.0, 0.0, 59.0, 46.0, 89.0, 57.0, 47.0, 19.0, -38.0, -37.0, -53.0, -21.0, 119.0, -77.0, 15.0, 0.0, -11.0, 56.0, 32.0, 80.0, 19.0, 16.0, 61.0, -53.0, 9.0, -15.0, 3.0, -10.0, -110.0, 31.0, -16.0, 29.0, 9.0, -25.0, -14.0, -32.0, -19.0, -96.0, -57.0, -85.0, -47.0, 26.0, 20.0, 92.0, -35.0, -99.0, 62.0, -52.0, 38.0, 0.0, -69.0, ' -57.0]']","['[-61.0', 51.0, 99.0, 18.0, -85.0, -81.0, 26.0, 101.0, -53.0, -77.0, 49.0, -63.0, 51.0, -6.0, -64.0, -68.0, -54.0, 74.0, -67.0, -37.0, 13.0, -7.0, 61.0, 21.0, 39.0, 98.0, 20.0, 64.0, -24.0, 14.0, -3.0, 22.0, -24.0, -29.0, 39.0, 18.0, 79.0, 54.0, 4.0, 13.0, -85.0, 80.0, 8.0, -3.0, 67.0, -64.0, 15.0, 39.0, 62.0, 3.0, -109.0, 70.0, 1.0, 21.0, 3.0, -65.0, -28.0, -40.0, -39.0, -49.0, -68.0, 6.0, -27.0, 25.0, -17.0, 54.0, 53.0, 19.0, 18.0, -36.0, -32.0, -26.0, -35.0, 33.0, -77.0, 66.0, -42.0, -43.0, 52.0, -19.0, 6.0, ' -33.0]']",,,,,,
1740060637.731446,ble-pd-B43A31EF7B26,618dfb23-e307-d431-90fa-0022e3866559,6310,18,-64.0,-80.0,-72.0,-64.0,-50.0,-50.0,-56.0,2.819193567818109,-1.5321217682867112,0.3127283489052797,-1.4241992956401222,-0.8512432196041197,-2.3284544986382514,-2.1109665047816555,0.1841641307684068,0.4397351670814311,0.1796130714263272,0.2625031281172028,0.2354259191290925,0.2969257333049619,0.6514243551256098,-3.2321584224700928,6.878881931304932,1.9083935022354128,-3.54,6.84,1.96,"['[-1.0', 44.0, 30.0, -24.0, -47.0, -6.0, 43.0, 33.0, -17.0, 21.0, 53.0, 9.0, 35.0, -67.0, 52.0, 39.0, -8.0, -15.0, 24.0, 12.0, 24.0, -109.0, 36.0, -34.0, 20.0, -35.0, 4.0, 24.0, -1.0, -97.0, 39.0, -48.0, -25.0, -95.0, 8.0, 33.0, -42.0, -96.0, 0.0, 15.0, 34.0, -16.0, 20.0, 53.0, 9.0, 36.0, -69.0, 53.0, 37.0, -6.0, -17.0, 24.0, 12.0, 25.0, -109.0, 36.0, -34.0, 19.0, -35.0, 5.0, 24.0, -2.0, -97.0, 39.0, -49.0, -27.0, -96.0, 8.0, 34.0, -43.0, -97.0, 0.0, 15.0, 32.0, -15.0, 20.0, 53.0, 11.0, 35.0, -70.0, 55.0, ' 37.0]']","['[48.0', 18.0, -37.0, -40.0, 8.0, 47.0, 21.0, -32.0, 53.0, -77.0, 27.0, 34.0, 44.0, -84.0, 32.0, -29.0, 26.0, -47.0, 24.0, 32.0, 13.0, -49.0, 38.0, -53.0, -4.0, -61.0, 20.0, 9.0, -30.0, -25.0, 20.0, 2.0, -43.0, -21.0, 29.0, 8.0, 0.0, 21.0, -17.0, 24.0, -31.0, 53.0, -76.0, 26.0, 34.0, 45.0, -83.0, 31.0, -30.0, 26.0, -46.0, 23.0, 32.0, 12.0, -51.0, 38.0, -53.0, -4.0, -62.0, 21.0, 8.0, -29.0, -23.0, 20.0, 2.0, -41.0, -18.0, 30.0, 7.0, 1.0, 23.0, -16.0, 25.0, -33.0, 53.0, -76.0, 27.0, 33.0, 44.0, -84.0, 28.0, ' -32.0]']","['[8.0', 16.0, ' -4.0', -16.0, 0.0, 16.0, 5.0, -14.0, 0.0, 92.0, 75.0, -16.0, 61.0, 18.0, 21.0, 11.0, 34.0, 36.0, 20.0, 10.0, 0.0, 20.0, 6.0, -24.0, 15.0, -17.0, 34.0, 4.0, 34.0, 18.0, -19.0, 22.0, -33.0, -27.0, 28.0, -9.0, -15.0, -21.0, -76.0, -32.0, -16.0, -2.0, 108.0, 72.0, -10.0, 62.0, 8.0, 18.0, 3.0, 32.0, 50.0, 25.0, 12.0, 8.0, 25.0, 17.0, -23.0, 23.0, -11.0, 43.0, 4.0, 46.0, 19.0, -9.0, 22.0, -27.0, -20.0, 43.0, -12.0, 4.0, -20.0, -68.0, -33.0, -16.0, -3.0, 117.0, 68.0, -4.0, 63.0, 0.0, 13.0, ' -5.0]']","['[15.0', ' -6.0', ' -16.0', 0.0, 17.0, 2.0, -15.0, -8.0, -15.0, 75.0, 0.0, 24.0, 19.0, -41.0, -16.0, -32.0, 1.0, 66.0, 16.0, 8.0, 31.0, 27.0, 40.0, 3.0, 39.0, 26.0, 41.0, 2.0, 68.0, 13.0, 46.0, 5.0, 26.0, 35.0, 86.0, -7.0, 111.0, 1.0, 18.0, -14.0, -4.0, -13.0, 53.0, -16.0, 29.0, 4.0, -43.0, -22.0, -34.0, -6.0, 56.0, 12.0, 6.0, 31.0, 22.0, 40.0, 7.0, 34.0, 30.0, 32.0, 0.0, 61.0, 11.0, 50.0, 0.0, 33.0, 40.0, 78.0, -5.0, 110.0, 5.0, 32.0, -6.0, -1.0, -13.0, 31.0, -31.0, 29.0, -5.0, -44.0, -24.0, ' -37.0]']","['[22.0', ' -14.0', ' -28.0', -1.0, 28.0, 16.0, -20.0, -27.0, -45.0, 36.0, -34.0, 17.0, -5.0, -58.0, 36.0, -67.0, -25.0, -19.0, -23.0, -63.0, -9.0, -46.0, 5.0, -71.0, 23.0, -51.0, 42.0, -25.0, 29.0, -25.0, 16.0, 38.0, 4.0, 1.0, -19.0, 52.0, -7.0, 58.0, -3.0, 100.0, 8.0, 27.0, 2.0, 18.0, 2.0, 12.0, 70.0, -36.0, 125.0, -18.0, 36.0, -23.0, 61.0, -6.0, 20.0, -7.0, -26.0, -20.0, 39.0, -23.0, -32.0, -20.0, -40.0, 18.0, -69.0, -2.0, -46.0, 9.0, -68.0, 29.0, -51.0, 5.0, -34.0, 18.0, 10.0, -40.0, 13.0, -21.0, -8.0, -22.0, 4.0, ' -80.0]']","['[-22.0', ' -27.0', ' 6.0', 30.0, 9.0, -26.0, -22.0, 10.0, -3.0, -28.0, 0.0, -16.0, -10.0, -44.0, 19.0, -105.0, 41.0, -30.0, 45.0, -30.0, 16.0, 11.0, 5.0, 83.0, 6.0, -11.0, -2.0, 60.0, 3.0, 69.0, -34.0, 57.0, 1.0, 54.0, 2.0, 47.0, -31.0, 20.0, -5.0, -26.0, -29.0, -36.0, 48.0, -30.0, 24.0, 1.0, -22.0, 15.0, 4.0, -44.0, 4.0, -43.0, -33.0, -16.0, -44.0, 0.0, -107.0, 14.0, -34.0, 36.0, -56.0, 21.0, -61.0, 34.0, -2.0, 3.0, -30.0, -16.0, 14.0, 11.0, 34.0, 1.0, 98.0, 25.0, 44.0, -25.0, 32.0, -13.0, 10.0, 70.0, -41.0, ' 96.0]']","['[76.0', ' 30.0', -53.0, -68.0, 2.0, 70.0, 46.0, -36.0, 21.0, -4.0, -23.0, -17.0, -8.0, 13.0, 71.0, 78.0, 45.0, -42.0, 47.0, 25.0, -7.0, -30.0, -43.0, -5.0, -1.0, 11.0, -23.0, 37.0, 38.0, -12.0, -21.0, -43.0, 26.0, 94.0, -89.0, 59.0, -57.0, 0.0, -29.0, 0.0, 73.0, -47.0, 9.0, 11.0, 1.0, 44.0, -5.0, 3.0, -77.0, -19.0, 25.0, -58.0, -58.0, -32.0, -1.0, 40.0, 30.0, -3.0, -37.0, 41.0, -45.0, -12.0, -23.0, -2.0, 18.0, -7.0, -1.0, 0.0, -61.0, 72.0, -11.0, 12.0, -2.0, -51.0, 37.0, -7.0, 10.0, 14.0, -45.0, -4.0, -78.0, ' 18.0]']","['[3.0', -69.0, -52.0, 31.0, 75.0, 23.0, -58.0, -64.0, 43.0, -8.0, 4.0, 9.0, -49.0, 0.0, -60.0, 39.0, -11.0, -1.0, 38.0, 53.0, 46.0, 24.0, -17.0, -35.0, 4.0, 38.0, -31.0, 30.0, -12.0, 39.0, 17.0, 12.0, -10.0, -74.0, 68.0, 31.0, -48.0, 14.0, 6.0, 3.0, 9.0, -11.0, 1.0, -20.0, -19.0, 24.0, 10.0, 95.0, 39.0, 42.0, -32.0, 13.0, -12.0, -33.0, -39.0, -24.0, 16.0, -2.0, -13.0, 0.0, 12.0, 39.0, -32.0, -27.0, -41.0, 27.0, 120.0, -113.0, 30.0, -17.0, -8.0, -27.0, -2.0, 52.0, -31.0, 5.0, 22.0, 14.0, 22.0, -12.0, -53.0, ' -82.0]']",,,,,,
1740060638.732054,ble-pd-B43A31EF7B26,0b8c63c6-7814-ad49-d81f-4471046b1926,6311,32,-66.0,-81.0,-78.0,-65.0,-61.0,-48.0,-61.0,2.8404067111650257,-1.5122316833693457,0.3703703401711727,-1.4281848493694804,-1.6212936060229033,-2.4333691945297846,-1.5539443291125572,0.1728030855581288,0.3866673547248309,0.1425239759388502,0.236894603838678,0.7666222722153803,0.2557943335899627,0.7677978022415126,-3.221543073654175,6.878920555114746,1.9022337198257449,-3.54,6.84,1.96,"['[-46.0', -20.0, 34.0, 41.0, -7.0, -46.0, -24.0, 31.0, 2.0, 21.0, -34.0, -29.0, -34.0, 45.0, -39.0, 10.0, 19.0, 100.0, -8.0, -23.0, 7.0, 58.0, 0.0, 18.0, 3.0, 106.0, 2.0, 31.0, -3.0, 66.0, -11.0, 36.0, 36.0, 104.0, 13.0, 23.0, 35.0, 72.0, -7.0, 7.0, 24.0, 17.0, 8.0, -31.0, -33.0, -25.0, 38.0, -39.0, 14.0, 27.0, 94.0, -4.0, -37.0, 13.0, 52.0, 1.0, 12.0, 7.0, 116.0, 4.0, 13.0, -1.0, 61.0, -4.0, 26.0, 34.0, 117.0, 15.0, 13.0, 37.0, 75.0, -6.0, 1.0, 13.0, 30.0, -5.0, -29.0, -36.0, -11.0, 32.0, -39.0, ' 16.0]']","['[-4.0', 42.0, 32.0, -21.0, -47.0, -9.0, 40.0, 35.0, -71.0, 55.0, -3.0, 23.0, -44.0, 23.0, 4.0, -12.0, -39.0, 12.0, -22.0, 69.0, -29.0, 21.0, -11.0, 28.0, -16.0, -56.0, -7.0, 75.0, -8.0, 24.0, -30.0, 43.0, 0.0, -66.0, -13.0, 43.0, -9.0, -20.0, 0.0, 21.0, 41.0, -68.0, 58.0, -11.0, 16.0, -50.0, 32.0, -2.0, -8.0, -34.0, 34.0, -23.0, 63.0, -26.0, 32.0, -11.0, 32.0, -14.0, -28.0, -6.0, 81.0, -9.0, 35.0, -32.0, 50.0, 8.0, -41.0, -10.0, 48.0, -1.0, -3.0, -1.0, 22.0, 44.0, -64.0, 60.0, -17.0, 8.0, -54.0, 39.0, -11.0, ' -5.0]']","['[12.0', 1.0, ' -12.0', -4.0, 10.0, 7.0, -8.0, -10.0, 4.0, -24.0, 26.0, -13.0, 6.0, -8.0, 30.0, -10.0, 16.0, 5.0, 25.0, 0.0, 23.0, -4.0, -7.0, -10.0, -27.0, -23.0, 0.0, -12.0, -12.0, -5.0, -39.0, -18.0, 6.0, -23.0, 7.0, 12.0, -61.0, -3.0, -52.0, -1.0, -7.0, 1.0, -21.0, 32.0, -15.0, 13.0, -7.0, 32.0, -6.0, 17.0, 7.0, 24.0, 2.0, 24.0, -4.0, -3.0, -11.0, -26.0, -24.0, 3.0, -11.0, -6.0, -5.0, -36.0, -20.0, 2.0, -23.0, 17.0, 11.0, -54.0, -5.0, -53.0, -4.0, -8.0, 0.0, -15.0, 37.0, -15.0, 17.0, -6.0, 36.0, ' -4.0]']","['[0.0', ' -12.0', ' -2.0', 11.0, 6.0, -9.0, -9.0, 7.0, -14.0, 39.0, 48.0, -5.0, 46.0, 11.0, 28.0, 20.0, 11.0, 24.0, 4.0, 14.0, 10.0, -1.0, 29.0, -10.0, 3.0, -1.0, 24.0, -14.0, 54.0, 3.0, 12.0, -9.0, -25.0, -13.0, 79.0, -24.0, 100.0, -15.0, -3.0, -28.0, 7.0, -14.0, 43.0, 43.0, -2.0, 45.0, 12.0, 25.0, 21.0, 10.0, 23.0, 0.0, 14.0, 8.0, 0.0, 29.0, -9.0, 7.0, 2.0, 25.0, -14.0, 56.0, 4.0, 16.0, -6.0, -26.0, -12.0, 78.0, -26.0, 106.0, -14.0, 0.0, -27.0, 8.0, -14.0, 43.0, 41.0, -1.0, 44.0, 13.0, 19.0, ' 21.0]']","['[5.0', ' 18.0', ' 3.0', -16.0, -13.0, 8.0, 17.0, 0.0, 16.0, 50.0, 18.0, 42.0, 6.0, 14.0, -19.0, -84.0, -8.0, 58.0, -18.0, -4.0, -1.0, -32.0, -22.0, -84.0, 10.0, -44.0, 0.0, -65.0, 0.0, -54.0, 27.0, -42.0, -63.0, -89.0, -2.0, -59.0, 5.0, -40.0, 15.0, 39.0, 11.0, -29.0, -65.0, -25.0, -5.0, -12.0, 3.0, 15.0, 84.0, 7.0, -10.0, 16.0, 30.0, -4.0, 46.0, -6.0, 43.0, 6.0, 89.0, -12.0, 74.0, -7.0, 29.0, -31.0, -42.0, 2.0, 31.0, -25.0, -10.0, -40.0, -26.0, -38.0, -68.0, -17.0, 26.0, 44.0, 20.0, -34.0, 10.0, -19.0, -1.0, ' -34.0]']","['[16.0', ' 0.0', ' -17.0', -7.0, 13.0, 15.0, -5.0, -16.0, 26.0, 41.0, 18.0, -34.0, 10.0, -20.0, 0.0, -30.0, -2.0, -50.0, -5.0, -37.0, 11.0, -34.0, 32.0, 27.0, -21.0, -86.0, 17.0, -39.0, 9.0, 15.0, 15.0, 107.0, 64.0, 57.0, 37.0, 74.0, 52.0, 80.0, 39.0, 60.0, 12.0, -6.0, 6.0, -1.0, 54.0, -2.0, 25.0, -12.0, -34.0, -3.0, 77.0, -7.0, 25.0, -11.0, 0.0, -39.0, -78.0, 22.0, 33.0, -12.0, -15.0, -7.0, -49.0, 6.0, -108.0, -90.0, -103.0, -28.0, -94.0, -35.0, -86.0, -19.0, -20.0, 0.0, -15.0, -46.0, -17.0, -43.0, -6.0, -14.0, 20.0, ' 85.0]']","['[30.0', ' -51.0', -67.0, 3.0, 70.0, 46.0, -36.0, -74.0, 17.0, 19.0, -30.0, 36.0, -50.0, -8.0, 7.0, 7.0, -24.0, -55.0, 76.0, 15.0, 27.0, 9.0, -17.0, -21.0, -12.0, -5.0, -18.0, -41.0, 31.0, 16.0, 44.0, 76.0, 107.0, 55.0, 7.0, 12.0, -70.0, 0.0, -56.0, 49.0, 52.0, -27.0, 13.0, -2.0, -31.0, 38.0, 4.0, 9.0, -2.0, 44.0, 27.0, -61.0, 8.0, -59.0, -16.0, 6.0, -8.0, -15.0, -46.0, 34.0, 39.0, -4.0, -4.0, -32.0, -80.0, -52.0, -36.0, -35.0, -30.0, 59.0, -2.0, 99.0, -9.0, -8.0, 27.0, -39.0, 37.0, 11.0, -9.0, 2.0, -23.0, ' 0.0]']","['[-67.0', -53.0, 31.0, 73.0, 22.0, -57.0, -64.0, 7.0, 22.0, -44.0, 44.0, 1.0, 3.0, 5.0, -23.0, -5.0, -42.0, 25.0, 2.0, -33.0, 66.0, 13.0, 13.0, 41.0, 41.0, 90.0, -34.0, -8.0, -34.0, -13.0, -3.0, 31.0, -51.0, -13.0, 48.0, 33.0, -3.0, 5.0, -90.0, -45.0, -51.0, -9.0, 48.0, -56.0, 20.0, -34.0, -9.0, 23.0, 7.0, 19.0, -55.0, 46.0, 36.0, -35.0, -3.0, -20.0, -45.0, -40.0, -76.0, 16.0, -17.0, 46.0, 20.0, 32.0, 23.0, 105.0, 43.0, -34.0, -18.0, -39.0, -5.0, 36.0, 66.0, 74.0, -10.0, -30.0, 42.0, -35.0, 51.0, 10.0, -13.0, ' -4.0]']",,,,,,
1740060639.730189,ble-pd-B43A31EF7B26,d2fa3f43-df9f-dc14-6a36-b8895be85590,6312,22,-68.0,-84.0,-83.0,-66.0,-52.0,-51.0,-58.0,2.858273858918367,-1.5122765576337136,0.2276171825757643,-1.4402513659525205,-1.162869800556773,-2.349713143504667,-1.657732387844928,0.2018356194054116,0.3171822860913554,0.1376258234829493,0.2157768183035425,0.5835339434796866,0.2898021773600504,0.7816000651302831,-3.2107934951782227,6.903934478759766,1.900765419006348,-3.54,6.84,1.96,"['[12.0', 39.0, 14.0, -30.0, -34.0, 8.0, 38.0, 17.0, -46.0, 28.0, 38.0, 3.0, -10.0, -11.0, 51.0, 29.0, -52.0, -50.0, 16.0, 16.0, -24.0, -55.0, 15.0, -8.0, 3.0, -71.0, 15.0, -4.0, -12.0, -75.0, 17.0, -51.0, -10.0, -107.0, -18.0, -8.0, -48.0, -119.0, 6.0, -32.0, 19.0, -50.0, 34.0, 34.0, 1.0, -14.0, 0.0, 46.0, 29.0, -53.0, -46.0, 14.0, 18.0, -26.0, -47.0, 11.0, -3.0, 0.0, -70.0, 13.0, -1.0, -12.0, -71.0, 15.0, -46.0, -6.0, -105.0, -19.0, -9.0, -47.0, -117.0, 7.0, -32.0, 23.0, -55.0, 41.0, 28.0, 0.0, -18.0, 5.0, 43.0, ' 29.0]']","['[37.0', 1.0, -36.0, -26.0, 19.0, 37.0, 6.0, -34.0, 44.0, -75.0, 44.0, 17.0, 55.0, -100.0, 38.0, 10.0, 25.0, -59.0, 37.0, -9.0, 30.0, -91.0, 42.0, -55.0, 25.0, -32.0, 23.0, -38.0, 2.0, -76.0, 34.0, -45.0, -25.0, -9.0, 7.0, 7.0, -12.0, -13.0, -9.0, 10.0, -32.0, 40.0, -72.0, 47.0, 17.0, 54.0, -101.0, 45.0, 12.0, 20.0, -64.0, 38.0, -8.0, 27.0, -95.0, 44.0, -55.0, 24.0, -39.0, 26.0, -38.0, 2.0, -81.0, 36.0, -52.0, -27.0, -22.0, 6.0, 6.0, -16.0, -27.0, -9.0, 7.0, -29.0, 33.0, -69.0, 50.0, 17.0, 54.0, -102.0, 49.0, ' 16.0]']","['[-5.0', 7.0, ' 7.0', -6.0, -8.0, 3.0, 11.0, 0.0, -8.0, 45.0, 48.0, 12.0, 47.0, 43.0, 57.0, 16.0, 6.0, 18.0, 17.0, 9.0, 11.0, 0.0, -19.0, -39.0, -6.0, -8.0, 9.0, 7.0, -23.0, 8.0, -71.0, 1.0, -52.0, -25.0, 3.0, 1.0, -35.0, -32.0, -93.0, -18.0, 0.0, -7.0, 58.0, 56.0, 12.0, 55.0, 42.0, 52.0, 14.0, 8.0, 26.0, 14.0, 13.0, 16.0, 3.0, -7.0, -40.0, -2.0, -8.0, 19.0, 9.0, -11.0, 12.0, -65.0, 2.0, -52.0, -21.0, 12.0, 0.0, -25.0, -32.0, -94.0, -23.0, -1.0, -5.0, 68.0, 62.0, 13.0, 63.0, 38.0, 53.0, ' 10.0]']","['[9.0', ' 7.0', ' -6.0', -8.0, 4.0, 10.0, -1.0, -9.0, 6.0, 90.0, 65.0, 9.0, 59.0, -10.0, 1.0, -20.0, 7.0, 57.0, -6.0, 23.0, 42.0, 20.0, 71.0, -28.0, 44.0, 9.0, 67.0, 21.0, 87.0, 44.0, 35.0, 20.0, 1.0, 20.0, 78.0, 0.0, 114.0, 3.0, -10.0, -56.0, -10.0, 7.0, 82.0, 57.0, 7.0, 52.0, -15.0, -10.0, -22.0, 6.0, 53.0, -10.0, 20.0, 40.0, 18.0, 75.0, -23.0, 44.0, 13.0, 67.0, 18.0, 91.0, 42.0, 47.0, 21.0, 6.0, 23.0, 75.0, 0.0, 117.0, 8.0, 5.0, -54.0, -11.0, 8.0, 73.0, 49.0, 5.0, 44.0, -20.0, -16.0, ' -21.0]']","['[5.0', ' 0.0', ' -6.0', -3.0, 4.0, 5.0, -2.0, -5.0, -24.0, 27.0, -11.0, 19.0, 7.0, 36.0, 10.0, 45.0, -36.0, 19.0, -48.0, 15.0, -13.0, -57.0, 6.0, -115.0, 9.0, -16.0, 6.0, -62.0, -9.0, -58.0, 24.0, -52.0, -29.0, -32.0, 4.0, -22.0, 18.0, 3.0, 19.0, 38.0, 6.0, 60.0, -48.0, 21.0, -17.0, 0.0, 23.0, -47.0, 34.0, 19.0, 16.0, 24.0, 27.0, 11.0, 61.0, -15.0, 102.0, -9.0, 24.0, -31.0, 54.0, -4.0, 21.0, -19.0, -14.0, 10.0, 12.0, -9.0, -33.0, -29.0, -60.0, -18.0, -93.0, -3.0, -55.0, 36.0, -16.0, 3.0, -8.0, -68.0, 51.0, ' -94.0]']","['[-1.0', ' -6.0', ' -1.0', 5.0, 4.0, -3.0, -6.0, -2.0, -57.0, 40.0, -17.0, 6.0, -7.0, -65.0, 53.0, -89.0, 5.0, -40.0, 9.0, -48.0, -2.0, -32.0, 15.0, -30.0, 3.0, -18.0, 34.0, -18.0, 14.0, 23.0, 4.0, 69.0, 11.0, 12.0, 8.0, 65.0, 22.0, 73.0, 7.0, 91.0, -1.0, 21.0, -5.0, 3.0, 10.0, 9.0, 70.0, -28.0, 94.0, -30.0, 40.0, -42.0, 43.0, -9.0, -21.0, -5.0, -64.0, 4.0, 0.0, -16.0, -35.0, -16.0, -59.0, 14.0, -86.0, -29.0, -33.0, -1.0, -60.0, -1.0, -44.0, 9.0, -33.0, 5.0, 31.0, -32.0, 12.0, -19.0, -6.0, -30.0, -17.0, ' -36.0]']","['[66.0', ' 73.0', -14.0, -82.0, -45.0, 49.0, 81.0, 12.0, -9.0, 21.0, -59.0, -23.0, 8.0, 5.0, 92.0, 34.0, 59.0, 10.0, 11.0, -25.0, -62.0, -24.0, -21.0, 37.0, -14.0, 11.0, 21.0, -5.0, 27.0, -21.0, -4.0, -25.0, -12.0, 80.0, -74.0, -10.0, -38.0, -14.0, 13.0, -28.0, 52.0, -37.0, -2.0, 36.0, 7.0, 44.0, -14.0, -76.0, -107.0, -47.0, -3.0, -59.0, -17.0, 31.0, 25.0, 60.0, -4.0, 31.0, -18.0, 24.0, -11.0, -15.0, 16.0, -7.0, 72.0, 8.0, -51.0, 70.0, -6.0, 52.0, 20.0, 22.0, 69.0, -81.0, 60.0, -17.0, 6.0, 13.0, -73.0, 16.0, 13.0, ' 112.0]']","['[52.0', -44.0, -83.0, -14.0, 70.0, 66.0, -20.0, -81.0, 61.0, -19.0, 5.0, 11.0, -71.0, 16.0, 16.0, 115.0, 8.0, -5.0, 73.0, 47.0, 18.0, -11.0, -66.0, -29.0, -32.0, 12.0, -52.0, 20.0, -3.0, -5.0, 15.0, -73.0, 0.0, -1.0, -26.0, 18.0, -36.0, -12.0, -42.0, -71.0, 63.0, -46.0, 27.0, -47.0, -25.0, 55.0, -7.0, 53.0, -52.0, 35.0, 11.0, -43.0, -50.0, -57.0, -7.0, 31.0, 47.0, 11.0, 0.0, 51.0, -16.0, 22.0, -11.0, -15.0, 35.0, -9.0, 55.0, -36.0, -21.0, 0.0, 0.0, 38.0, 28.0, -8.0, 6.0, -19.0, 58.0, 23.0, -4.0, -6.0, -92.0, ' -36.0]']",,,,,,
1740060640.72711,ble-pd-B43A31EF7B26,9d6faebb-9a5a-07bd-ec67-35c89a134f84,6313,27,-69.0,-84.0,-72.0,-69.0,,,,2.879261166204845,-1.5694908452285397,0.1756165654469862,-1.3930867830472171,,,,0.1979411291405775,0.4113266951013378,0.1914985929237827,0.2002943648587987,,,,,,,-3.54,6.84,1.96,"['[-9.0', 31.0, 30.0, -12.0, -37.0, -14.0, 28.0, 31.0, -94.0, 52.0, 0.0, 14.0, -48.0, 42.0, 27.0, -20.0, -58.0, -21.0, -36.0, 60.0, -38.0, 24.0, -17.0, 41.0, -30.0, -70.0, -10.0, 56.0, 1.0, 15.0, -17.0, 34.0, -1.0, -90.0, -4.0, 0.0, -13.0, -46.0, 5.0, -3.0, 34.0, -94.0, 59.0, -3.0, 12.0, -54.0, 48.0, 18.0, -24.0, -57.0, -2.0, -38.0, 60.0, -37.0, 40.0, -19.0, 43.0, -31.0, -56.0, -13.0, 57.0, 3.0, 21.0, -21.0, 42.0, 1.0, -81.0, 2.0, 1.0, -13.0, -31.0, 4.0, 1.0, 34.0, -92.0, 63.0, -7.0, 10.0, -55.0, 57.0, 12.0, ' -25.0]']","['[38.0', 20.0, -22.0, -37.0, -1.0, 35.0, 23.0, -22.0, 0.0, -41.0, 29.0, 13.0, 38.0, -58.0, 52.0, 23.0, -3.0, -101.0, 23.0, -6.0, -1.0, -87.0, 21.0, -19.0, 17.0, -88.0, 10.0, -59.0, -2.0, -100.0, 41.0, -75.0, -17.0, -78.0, -27.0, -32.0, -31.0, -100.0, -10.0, -31.0, -17.0, -7.0, -35.0, 29.0, 12.0, 31.0, -55.0, 56.0, 22.0, -8.0, -103.0, 17.0, 3.0, -5.0, -82.0, 18.0, -15.0, 14.0, -94.0, 7.0, -53.0, -2.0, -98.0, 40.0, -73.0, -15.0, -90.0, -29.0, -35.0, -35.0, -108.0, -10.0, -31.0, -12.0, -22.0, -27.0, 26.0, 16.0, 25.0, -49.0, 58.0, ' 18.0]']","['[2.0', 10.0, ' 0.0', -11.0, -3.0, 9.0, 5.0, -7.0, -2.0, -48.0, -43.0, 4.0, -53.0, -25.0, -53.0, -18.0, -2.0, -27.0, -14.0, -12.0, -18.0, 5.0, -3.0, 24.0, -13.0, 5.0, -31.0, 5.0, -25.0, -2.0, 35.0, 11.0, 28.0, 20.0, -90.0, 26.0, -45.0, 28.0, 73.0, 28.0, -9.0, -1.0, -56.0, -44.0, 2.0, -56.0, -23.0, -52.0, -15.0, 2.0, -30.0, -11.0, -11.0, -20.0, 4.0, -11.0, 24.0, -18.0, 1.0, -35.0, 1.0, -37.0, -4.0, 27.0, 7.0, 31.0, 14.0, -95.0, 25.0, -65.0, 29.0, 70.0, 31.0, -9.0, -2.0, -61.0, -45.0, 1.0, -54.0, -24.0, -48.0, ' -12.0]']","['[10.0', ' 0.0', ' -10.0', -1.0, 10.0, 4.0, -9.0, -6.0, -6.0, -48.0, -14.0, -16.0, -11.0, 0.0, 8.0, 15.0, 21.0, -24.0, 25.0, -2.0, -17.0, -12.0, -48.0, -3.0, -34.0, -28.0, -26.0, -18.0, -59.0, -15.0, -50.0, -15.0, 4.0, -33.0, -29.0, 3.0, -116.0, 0.0, -20.0, 31.0, -6.0, -7.0, -43.0, -4.0, -17.0, -1.0, 3.0, 15.0, 19.0, 21.0, -19.0, 29.0, -2.0, -12.0, -14.0, -48.0, -4.0, -31.0, -26.0, -23.0, -18.0, -51.0, -16.0, -53.0, -18.0, 1.0, -36.0, -17.0, 0.0, -106.0, -3.0, -31.0, 23.0, -2.0, -5.0, -36.0, 0.0, -19.0, 4.0, 6.0, 26.0, ' 22.0]']","['[-16.0', ' 27.0', ' 31.0', -10.0, -37.0, -8.0, 32.0, 27.0, 90.0, -49.0, 6.0, 8.0, 18.0, 49.0, -76.0, 24.0, 13.0, 62.0, 10.0, 62.0, 12.0, 53.0, -2.0, 35.0, -1.0, 4.0, -38.0, -16.0, -22.0, -34.0, 1.0, -86.0, -22.0, -70.0, 13.0, -112.0, -16.0, -102.0, 28.0, -95.0, -4.0, -81.0, 0.0, -28.0, -21.0, -31.0, -71.0, 31.0, -62.0, 31.0, -47.0, 23.0, -32.0, 0.0, 15.0, -23.0, 56.0, -5.0, 31.0, 12.0, 82.0, 14.0, 79.0, -35.0, 68.0, 17.0, 67.0, -29.0, 92.0, -21.0, 67.0, -34.0, 40.0, -25.0, 21.0, 53.0, 28.0, 19.0, 24.0, 50.0, 32.0, ' 60.0]']","['[33.0', ' 25.0', ' -18.0', -34.0, 0.0, 36.0, 18.0, -21.0, 29.0, 48.0, 31.0, 19.0, 26.0, 53.0, 27.0, 59.0, -54.0, 4.0, -40.0, -12.0, -9.0, -73.0, 32.0, -114.0, 10.0, -46.0, 15.0, -95.0, 1.0, -75.0, 43.0, -15.0, -4.0, -26.0, 25.0, -21.0, 44.0, 2.0, 24.0, 26.0, 36.0, 48.0, -69.0, -15.0, -6.0, -5.0, 0.0, -75.0, -20.0, 46.0, 42.0, 35.0, 54.0, 14.0, 90.0, -23.0, 107.0, -7.0, 35.0, -39.0, 52.0, -18.0, 22.0, -28.0, -54.0, -16.0, -33.0, -7.0, -67.0, -43.0, -78.0, 4.0, -91.0, -28.0, -92.0, 45.0, -9.0, -10.0, -21.0, -51.0, 75.0, ' -29.0]']","['[-48.0', ' -33.0', 24.0, 50.0, 11.0, -42.0, -43.0, 12.0, 59.0, -64.0, 83.0, -18.0, -3.0, -30.0, -19.0, 37.0, -31.0, 32.0, -6.0, -1.0, 41.0, -4.0, -14.0, 23.0, 6.0, 69.0, -50.0, 22.0, -50.0, 5.0, -38.0, -21.0, -88.0, -28.0, 41.0, 10.0, 39.0, -17.0, -36.0, -90.0, -45.0, 2.0, 43.0, -80.0, 4.0, -23.0, 29.0, 29.0, 16.0, 33.0, -46.0, 55.0, -19.0, -1.0, -3.0, -7.0, -22.0, -6.0, -33.0, 21.0, -36.0, 49.0, 0.0, 45.0, 30.0, 92.0, 55.0, -25.0, 4.0, -75.0, 24.0, -49.0, 81.0, 51.0, -60.0, 4.0, 34.0, 11.0, 35.0, -13.0, -23.0, ' -62.0]']","['[-16.0', 38.0, 44.0, -7.0, -50.0, -28.0, 27.0, 52.0, -64.0, 8.0, 26.0, 13.0, 35.0, -10.0, -22.0, -66.0, -12.0, 33.0, -77.0, 31.0, -42.0, 10.0, 23.0, 11.0, 2.0, -29.0, 21.0, 29.0, -19.0, -6.0, -26.0, -19.0, -39.0, -53.0, -8.0, -18.0, 69.0, -17.0, 108.0, -23.0, -27.0, 88.0, -49.0, 38.0, -22.0, -26.0, -12.0, 1.0, 74.0, -12.0, -2.0, 54.0, -23.0, 58.0, -10.0, -27.0, 6.0, 4.0, 69.0, -50.0, -7.0, -23.0, 7.0, -10.0, -2.0, -35.0, 19.0, 33.0, 21.0, -23.0, 1.0, -104.0, -44.0, -13.0, -65.0, 65.0, -83.0, 19.0, 5.0, 30.0, 18.0, ' -41.0]']",,,,,,
1740060641.731395,ble-pd-B43A31EF7B26,bb8627b0-3bb4-44b9-98cc-13c5f33dcb32,6314,36,-64.0,-83.0,-75.0,-68.0,-60.0,-48.0,-64.0,2.891966575133396,-1.5496276582381836,0.2256171485971148,-1.446940827136636,-1.929222047937232,-2.3981753287981773,-1.341934001314374,0.3218645560513919,0.2715072924075176,0.1793018810529514,0.18947810253901,0.7150007605567652,0.2482514655864595,0.776662969751314,-3.204948902130127,6.93952226638794,1.89316463470459,-3.54,6.84,1.96,"['[16.0', 67.0, 28.0, -48.0, -62.0, 7.0, 65.0, 38.0, -105.0, 20.0, 39.0, 48.0, -57.0, -3.0, 69.0, 28.0, -46.0, 12.0, -21.0, 100.0, -32.0, 4.0, 40.0, 37.0, -2.0, -55.0, 4.0, 108.0, -24.0, 10.0, 1.0, 31.0, 15.0, -90.0, 6.0, 58.0, 0.0, -19.0, -24.0, 3.0, 48.0, -102.0, 15.0, 28.0, 42.0, -69.0, 0.0, 57.0, 37.0, -46.0, 27.0, -25.0, 89.0, -26.0, 6.0, 37.0, 41.0, -3.0, -28.0, -3.0, 117.0, -24.0, 18.0, 1.0, 41.0, 28.0, -68.0, 11.0, 69.0, 6.0, -10.0, -26.0, 3.0, 59.0, -90.0, 9.0, 16.0, 28.0, -76.0, 1.0, 44.0, ' 44.0]']","['[65.0', 3.0, -61.0, -47.0, 29.0, 68.0, 15.0, -56.0, -2.0, 11.0, 38.0, 22.0, 52.0, -8.0, 30.0, -39.0, 3.0, -59.0, 19.0, 21.0, -16.0, -8.0, 5.0, -23.0, 3.0, -98.0, 26.0, -42.0, 3.0, -30.0, 0.0, -36.0, -49.0, -75.0, -20.0, -50.0, -21.0, -31.0, 7.0, -1.0, -47.0, -28.0, 19.0, 47.0, 33.0, 36.0, -10.0, 50.0, -31.0, -9.0, -54.0, 13.0, 48.0, -25.0, -7.0, 15.0, -12.0, 2.0, -109.0, 26.0, -13.0, -2.0, -25.0, 0.0, -26.0, -43.0, -96.0, -17.0, -31.0, -20.0, -35.0, 0.0, 0.0, -30.0, -55.0, 21.0, 52.0, 44.0, 14.0, -10.0, 62.0, ' -17.0]']","['[-9.0', 4.0, ' 11.0', 0.0, -12.0, -2.0, 12.0, 7.0, 0.0, -9.0, 0.0, 7.0, -20.0, 0.0, -27.0, -2.0, 0.0, -39.0, -31.0, 5.0, -52.0, 13.0, -15.0, 31.0, 17.0, 22.0, -14.0, 18.0, 16.0, -2.0, 47.0, 7.0, 5.0, 37.0, -9.0, -16.0, 46.0, -12.0, 55.0, -5.0, 2.0, 0.0, -11.0, -6.0, 8.0, -23.0, -1.0, -32.0, -1.0, 0.0, -40.0, -30.0, 5.0, -55.0, 14.0, -17.0, 31.0, 18.0, 18.0, -14.0, 19.0, 7.0, -2.0, 43.0, 8.0, 4.0, 38.0, -17.0, -11.0, 34.0, -9.0, 53.0, -2.0, 4.0, -2.0, -11.0, -10.0, 7.0, -26.0, 0.0, -35.0, ' -1.0]']","['[7.0', ' 11.0', ' -1.0', -12.0, 0.0, 11.0, 3.0, -11.0, -25.0, -19.0, -42.0, -6.0, -34.0, -3.0, -37.0, 5.0, -9.0, -23.0, 11.0, -8.0, -23.0, 11.0, -27.0, 8.0, 11.0, -28.0, -31.0, 13.0, -70.0, 6.0, -34.0, 12.0, -17.0, 0.0, -98.0, 39.0, -110.0, 14.0, -8.0, 50.0, -12.0, -23.0, -21.0, -39.0, -6.0, -32.0, -1.0, -36.0, 6.0, -8.0, -18.0, 13.0, -9.0, -17.0, 8.0, -25.0, 5.0, 8.0, -31.0, -31.0, 13.0, -73.0, 5.0, -39.0, 12.0, -18.0, -1.0, -96.0, 40.0, -116.0, 16.0, -12.0, 50.0, -9.0, -25.0, -21.0, -41.0, -8.0, -33.0, -3.0, -31.0, ' 8.0]']","['[24.0', ' 24.0', ' -11.0', -30.0, -3.0, 29.0, 19.0, -16.0, 27.0, 45.0, 16.0, 4.0, -12.0, 0.0, -21.0, -55.0, -7.0, -11.0, -4.0, -30.0, 20.0, -21.0, 10.0, -31.0, -8.0, -79.0, 26.0, -68.0, 2.0, -8.0, 40.0, 53.0, 19.0, -7.0, 7.0, 23.0, 43.0, 23.0, -1.0, 76.0, 28.0, -20.0, -21.0, -9.0, 35.0, 8.0, -4.0, 24.0, 2.0, -2.0, 50.0, 2.0, 39.0, -22.0, 6.0, -37.0, -20.0, 22.0, 70.0, -31.0, 36.0, 0.0, -15.0, -8.0, -108.0, -71.0, -58.0, 10.0, -80.0, -38.0, -60.0, 7.0, -73.0, -27.0, 1.0, -15.0, 0.0, -58.0, 2.0, 5.0, -15.0, ' 50.0]']","['[17.0', ' -18.0', ' -28.0', 3.0, 30.0, 11.0, -23.0, -24.0, -4.0, -20.0, -3.0, -58.0, 3.0, 5.0, -14.0, 59.0, 11.0, -66.0, 2.0, -27.0, 10.0, 12.0, 44.0, 65.0, -23.0, -14.0, 16.0, 23.0, -4.0, 30.0, -30.0, 101.0, 85.0, 99.0, -26.0, 99.0, 8.0, 65.0, -8.0, 24.0, 7.0, 20.0, 47.0, 12.0, 46.0, -9.0, -5.0, -3.0, -82.0, -14.0, 45.0, -5.0, 1.0, 3.0, -22.0, -26.0, -70.0, 11.0, -40.0, 4.0, -62.0, 5.0, -28.0, 52.0, -43.0, -52.0, -82.0, 23.0, -66.0, 21.0, -36.0, 5.0, 30.0, 17.0, -29.0, -50.0, -15.0, -13.0, 14.0, 0.0, 19.0, ' 64.0]']","['[57.0', ' 41.0', -27.0, -62.0, -16.0, 50.0, 51.0, -14.0, -7.0, 62.0, -60.0, -16.0, -28.0, 25.0, 55.0, 7.0, 60.0, -15.0, 23.0, -15.0, -46.0, -19.0, -28.0, -105.0, -30.0, -64.0, 19.0, -14.0, 56.0, 17.0, 28.0, -71.0, 109.0, 33.0, -38.0, -35.0, -25.0, 42.0, 46.0, 72.0, 45.0, -42.0, -64.0, 52.0, 14.0, 43.0, -22.0, -22.0, -15.0, -37.0, 23.0, -65.0, 4.0, 0.0, 6.0, 43.0, 103.0, 29.0, 42.0, 0.0, 25.0, -52.0, -37.0, -49.0, 13.0, -117.0, -46.0, 6.0, 26.0, 52.0, -31.0, 12.0, -99.0, -61.0, 75.0, 41.0, -27.0, -6.0, -43.0, 13.0, -17.0, ' 14.0]']","['[21.0', -45.0, -55.0, 4.0, 59.0, 37.0, -35.0, -60.0, 81.0, 20.0, -4.0, -2.0, -33.0, 4.0, -40.0, 17.0, -24.0, -17.0, 84.0, 16.0, 62.0, 19.0, -33.0, -28.0, -9.0, 21.0, -27.0, -24.0, 10.0, 41.0, 45.0, 83.0, 46.0, 34.0, 47.0, 8.0, -57.0, -10.0, -92.0, 71.0, 39.0, -70.0, 17.0, -26.0, -10.0, 12.0, 9.0, 66.0, -7.0, 53.0, 6.0, -60.0, -22.0, -77.0, -25.0, 13.0, -35.0, -8.0, -53.0, 33.0, 11.0, 24.0, -23.0, -18.0, -110.0, 20.0, -9.0, -59.0, -25.0, 34.0, 31.0, 101.0, -17.0, -5.0, 37.0, -50.0, 52.0, 15.0, 12.0, -21.0, -67.0, ' 1.0]']",,,,,,
1740060642.731774,ble-pd-B43A31EF7B26,7530b119-79b3-7bc5-f86d-6fcd561fd648,6315,22,-67.0,-78.0,-79.0,-69.0,,,,2.878115474303894,-1.5539254676053538,0.171276944450702,-1.44656931616457,,,,0.241288619900227,0.2812295780857721,0.1904873074340956,0.1577907799143248,,,,,,,-3.54,6.84,1.96,"['[-31.0', 8.0, 36.0, 15.0, -25.0, -33.0, 5.0, 34.0, -63.0, 73.0, -15.0, -18.0, -46.0, 70.0, 4.0, -11.0, -54.0, 22.0, -19.0, -4.0, -36.0, 37.0, -27.0, 17.0, -13.0, -10.0, 0.0, 9.0, -4.0, 2.0, -19.0, -6.0, 8.0, -46.0, -25.0, -14.0, -17.0, -69.0, -4.0, -32.0, 32.0, -63.0, 76.0, -20.0, -19.0, -48.0, 75.0, -1.0, -13.0, -53.0, 32.0, -20.0, -5.0, -39.0, 46.0, -29.0, 19.0, -15.0, -3.0, 0.0, 11.0, -4.0, 13.0, -21.0, 0.0, 10.0, -37.0, -22.0, -16.0, -15.0, -59.0, -3.0, -31.0, 33.0, -61.0, 77.0, -23.0, -19.0, -50.0, 81.0, -7.0, ' -14.0]']","['[20.0', 36.0, 4.0, -33.0, -27.0, 15.0, 37.0, 7.0, -2.0, -24.0, 50.0, 10.0, 27.0, -71.0, 63.0, 22.0, -12.0, -70.0, 29.0, 6.0, 12.0, -114.0, 31.0, -31.0, 22.0, -81.0, 15.0, -15.0, 3.0, -117.0, 30.0, -65.0, -21.0, -83.0, -27.0, 13.0, -36.0, -97.0, -11.0, -14.0, 9.0, -8.0, -17.0, 49.0, 8.0, 23.0, -66.0, 63.0, 22.0, -15.0, -66.0, 28.0, 6.0, 8.0, -112.0, 29.0, -29.0, 20.0, -81.0, 16.0, -13.0, 2.0, -116.0, 27.0, -65.0, -20.0, -88.0, -29.0, 11.0, -37.0, -103.0, -11.0, -17.0, 13.0, -15.0, -9.0, 48.0, 7.0, 18.0, -61.0, 64.0, ' 21.0]']","['[-11.0', 13.0, ' 16.0', -11.0, -19.0, 7.0, 20.0, 1.0, 6.0, 97.0, 71.0, 19.0, 60.0, 18.0, 21.0, -9.0, -9.0, 61.0, -14.0, 19.0, 26.0, 13.0, 43.0, -36.0, 37.0, 0.0, 59.0, 11.0, 60.0, 28.0, 0.0, 6.0, -34.0, -6.0, 66.0, -13.0, 85.0, -14.0, -58.0, -37.0, 0.0, 8.0, 102.0, 70.0, 19.0, 59.0, 11.0, 15.0, -12.0, -9.0, 66.0, -18.0, 21.0, 26.0, 14.0, 47.0, -34.0, 39.0, 4.0, 61.0, 14.0, 65.0, 30.0, 9.0, 8.0, -28.0, 0.0, 68.0, -10.0, 95.0, -9.0, -48.0, -40.0, -2.0, 7.0, 101.0, 67.0, 19.0, 56.0, 5.0, 7.0, ' -12.0]']","['[15.0', ' 14.0', ' -12.0', -18.0, 6.0, 20.0, -2.0, -18.0, 4.0, 14.0, -8.0, 2.0, -9.0, -32.0, -49.0, -20.0, 2.0, 30.0, -23.0, 14.0, 7.0, 13.0, 46.0, 14.0, 20.0, 28.0, 17.0, 13.0, 48.0, 19.0, 71.0, 6.0, 33.0, 38.0, 9.0, 7.0, 79.0, 33.0, 72.0, -5.0, -18.0, 1.0, 3.0, -17.0, -1.0, -16.0, -36.0, -52.0, -18.0, 3.0, 23.0, -20.0, 11.0, 3.0, 11.0, 41.0, 17.0, 13.0, 28.0, 9.0, 14.0, 40.0, 15.0, 70.0, 4.0, 37.0, 39.0, 1.0, 8.0, 65.0, 34.0, 80.0, -2.0, -19.0, 1.0, -10.0, -28.0, -3.0, -26.0, -37.0, -54.0, ' -16.0]']","['[-9.0', ' -4.0', ' 7.0', 8.0, -2.0, -10.0, -1.0, 8.0, 40.0, -42.0, 7.0, -18.0, -6.0, -14.0, -32.0, -19.0, 33.0, -6.0, 36.0, 2.0, 11.0, 58.0, -6.0, 121.0, -15.0, 15.0, -23.0, 60.0, -1.0, 48.0, -24.0, 30.0, 22.0, 24.0, -1.0, 4.0, -19.0, -29.0, -8.0, -68.0, -12.0, -60.0, 54.0, -13.0, 13.0, -1.0, -48.0, 50.0, -71.0, -7.0, -23.0, -10.0, -41.0, -7.0, -51.0, 8.0, -78.0, 10.0, -22.0, 35.0, -34.0, 13.0, -1.0, 12.0, 43.0, -4.0, 0.0, -2.0, 44.0, 16.0, 59.0, 2.0, 95.0, 7.0, 39.0, -27.0, 8.0, 1.0, 8.0, 76.0, -33.0, ' 111.0]']","['[-1.0', ' 9.0', ' 6.0', -6.0, -9.0, 1.0, 9.0, 6.0, 45.0, -34.0, 9.0, 0.0, 7.0, 75.0, -38.0, 109.0, -16.0, 38.0, -16.0, 51.0, -1.0, 15.0, -4.0, -2.0, 0.0, 14.0, -26.0, -6.0, -17.0, -40.0, 7.0, -80.0, -14.0, -23.0, 5.0, -63.0, -4.0, -53.0, 4.0, -66.0, 1.0, 1.0, -9.0, -1.0, -12.0, -10.0, -60.0, 1.0, -88.0, 35.0, -31.0, 39.0, -30.0, 9.0, 32.0, -2.0, 91.0, -11.0, 1.0, 0.0, 49.0, 9.0, 62.0, -22.0, 74.0, 27.0, 33.0, -5.0, 45.0, -12.0, 14.0, -9.0, -7.0, -9.0, -47.0, 46.0, -9.0, 17.0, 5.0, 4.0, 36.0, ' 4.0]']","['[-19.0', ' 47.0', 53.0, -9.0, -60.0, -36.0, 38.0, 56.0, -83.0, 46.0, -48.0, 0.0, 47.0, 0.0, -21.0, -116.0, 19.0, -7.0, -57.0, -34.0, -54.0, 22.0, 53.0, 19.0, 5.0, -36.0, 91.0, -25.0, 37.0, -11.0, -4.0, 54.0, 19.0, -17.0, -19.0, -8.0, 34.0, 21.0, 90.0, 78.0, -27.0, 39.0, -55.0, 79.0, 15.0, -29.0, -5.0, -46.0, 55.0, -47.0, 0.0, -4.0, 58.0, 54.0, 8.0, -21.0, -25.0, 27.0, 6.0, -64.0, 33.0, -69.0, 22.0, -8.0, -24.0, -48.0, -40.0, 61.0, 19.0, 45.0, -31.0, -41.0, -66.0, -17.0, 33.0, 29.0, -63.0, -17.0, -10.0, 11.0, 88.0, ' 40.0]']","['[60.0', 40.0, -29.0, -62.0, -16.0, 50.0, 49.0, -16.0, 29.0, 29.0, -63.0, -18.0, -8.0, 11.0, 88.0, 37.0, 44.0, 3.0, 59.0, -49.0, -22.0, -33.0, -21.0, 14.0, -42.0, 23.0, 1.0, -22.0, 57.0, -20.0, 14.0, -18.0, 49.0, 71.0, -66.0, -18.0, -97.0, 24.0, -31.0, 17.0, 52.0, -79.0, 13.0, 9.0, 12.0, 39.0, -10.0, -75.0, -110.0, -16.0, -8.0, -82.0, 7.0, -22.0, 39.0, 55.0, 2.0, 33.0, -41.0, 66.0, -2.0, -13.0, 5.0, -12.0, 51.0, -20.0, -62.0, 31.0, 7.0, 92.0, 0.0, 87.0, 43.0, -58.0, 84.0, -47.0, 50.0, 0.0, -48.0, 1.0, 18.0, ' 116.0]']",,,,,,
1740060643.731252,ble-pd-B43A31EF7B26,c65f3c14-0091-e72b-fa83-db48df266ce9,6316,11,-64.0,-74.0,-74.0,-70.0,-52.0,-51.0,-63.0,2.86668358900862,-1.653999071887261,0.2201605978396515,-1.4298064481572297,-1.3857338297467248,-2.3905297063619924,-1.915168648853399,0.1942429637823526,0.1866236765483927,0.074260291237934,0.1297001478879541,0.7135323483831004,0.3424669260226775,0.9346843741431924,-3.19748330116272,6.977617263793945,1.9082787036895752,-3.54,6.84,1.96,"['[-49.0', 17.0, 61.0, 22.0, -46.0, -52.0, 12.0, 57.0, -56.0, 100.0, -9.0, -35.0, 40.0, 0.0, 25.0, 1.0, -19.0, 24.0, -8.0, -11.0, 48.0, -61.0, 3.0, -33.0, -5.0, 7.0, -19.0, 29.0, 8.0, -58.0, -13.0, -46.0, -12.0, -50.0, -22.0, 37.0, -80.0, -71.0, -24.0, -33.0, 58.0, -48.0, 91.0, -4.0, -30.0, 43.0, -13.0, 39.0, 5.0, -18.0, 17.0, -4.0, -4.0, 48.0, -73.0, 12.0, -34.0, -7.0, -3.0, -19.0, 32.0, 3.0, -67.0, -10.0, -48.0, -15.0, -63.0, -14.0, 37.0, -83.0, -75.0, -23.0, -30.0, 58.0, -41.0, 84.0, 0.0, -23.0, 48.0, -22.0, 56.0, ' 7.0]']","['[37.0', 58.0, 2.0, -56.0, -38.0, 31.0, 59.0, 10.0, 51.0, -61.0, 50.0, 68.0, 42.0, -103.0, 121.0, 24.0, 16.0, -84.0, 29.0, 69.0, 3.0, -90.0, 94.0, -21.0, -15.0, -81.0, 6.0, 27.0, -40.0, -64.0, 36.0, -14.0, -45.0, -101.0, 67.0, 6.0, -18.0, -28.0, 2.0, 26.0, 4.0, 56.0, -74.0, 51.0, 69.0, 39.0, -105.0, 118.0, 24.0, 17.0, -85.0, 29.0, 69.0, -2.0, -83.0, 94.0, -15.0, -13.0, -82.0, 9.0, 23.0, -41.0, -53.0, 37.0, -8.0, -44.0, -93.0, 71.0, 1.0, -8.0, -20.0, 6.0, 28.0, -3.0, 63.0, -84.0, 53.0, 73.0, 35.0, -101.0, 109.0, ' 23.0]']","['[-24.0', -24.0, ' 17.0', 28.0, -10.0, -33.0, 0.0, 32.0, -4.0, -100.0, -50.0, -31.0, -52.0, 19.0, 15.0, 35.0, -18.0, -95.0, -33.0, -28.0, -43.0, -3.0, -26.0, 22.0, -33.0, -33.0, -46.0, -5.0, -21.0, -37.0, 32.0, -11.0, 35.0, -1.0, -63.0, 26.0, -42.0, 6.0, 54.0, 7.0, 31.0, -4.0, -94.0, -41.0, -37.0, -48.0, 22.0, 12.0, 44.0, -15.0, -94.0, -35.0, -34.0, -58.0, 2.0, -38.0, 25.0, -39.0, -47.0, -52.0, -7.0, -33.0, -35.0, 24.0, -8.0, 28.0, -14.0, -76.0, 19.0, -67.0, 0.0, 37.0, 10.0, 29.0, -5.0, -87.0, -28.0, -40.0, -43.0, 20.0, 14.0, ' 52.0]']","['[-19.0', ' 20.0', ' 27.0', -15.0, -31.0, 3.0, 31.0, 4.0, 1.0, 15.0, 37.0, -25.0, 15.0, 7.0, 3.0, 42.0, 6.0, 7.0, -7.0, -29.0, -66.0, 12.0, -72.0, 14.0, -27.0, -58.0, -34.0, -22.0, -51.0, 7.0, -30.0, 15.0, -29.0, -70.0, -52.0, -20.0, -119.0, -28.0, -63.0, 14.0, -3.0, 2.0, 36.0, 48.0, -19.0, 24.0, 1.0, 0.0, 33.0, 11.0, 27.0, 0.0, -20.0, -55.0, 10.0, -65.0, 7.0, -17.0, -50.0, -24.0, -20.0, -43.0, 14.0, -36.0, 18.0, -36.0, -67.0, -32.0, -27.0, -106.0, -28.0, -75.0, 14.0, -9.0, 4.0, 53.0, 55.0, -11.0, 36.0, -2.0, -2.0, ' 25.0]']","['[19.0', ' 18.0', ' -8.0', -23.0, -4.0, 20.0, 14.0, -10.0, 67.0, -97.0, 28.0, -42.0, 36.0, 57.0, -47.0, 96.0, -14.0, 6.0, 1.0, 36.0, 35.0, 53.0, 21.0, 8.0, -1.0, 43.0, -2.0, 3.0, 20.0, -83.0, 29.0, -92.0, -12.0, -50.0, -40.0, -47.0, -41.0, -58.0, -1.0, -81.0, 20.0, 0.0, 19.0, -21.0, 18.0, -58.0, -34.0, -22.0, -45.0, 66.0, -39.0, 44.0, -19.0, 4.0, 39.0, -14.0, 93.0, -12.0, -21.0, 8.0, 19.0, 0.0, 118.0, -25.0, 98.0, 75.0, 66.0, 40.0, 70.0, 67.0, 15.0, 6.0, 8.0, -12.0, -66.0, 75.0, -8.0, 24.0, 26.0, -19.0, 71.0, ' -48.0]']","['[13.0', ' -14.0', ' -22.0', 2.0, 23.0, 9.0, -18.0, -18.0, -40.0, 34.0, 5.0, 6.0, 44.0, 5.0, 55.0, -10.0, -69.0, 43.0, -53.0, 0.0, -27.0, -80.0, 4.0, -117.0, 15.0, -1.0, -9.0, -24.0, -13.0, -85.0, 13.0, -57.0, -83.0, -46.0, -22.0, -54.0, -55.0, 19.0, -6.0, 39.0, 2.0, 79.0, -102.0, 21.0, -39.0, 5.0, 46.0, -70.0, 87.0, 25.0, -20.0, 31.0, 29.0, 44.0, 87.0, 15.0, 72.0, -8.0, 38.0, 2.0, 16.0, 23.0, -26.0, 17.0, -45.0, 37.0, -20.0, -22.0, -12.0, -6.0, -59.0, 2.0, -91.0, 15.0, -45.0, 71.0, -28.0, 38.0, -52.0, -54.0, 17.0, ' -81.0]']","['[-18.0', ' -39.0', -8.0, 33.0, 33.0, -8.0, -39.0, -17.0, 50.0, 6.0, 21.0, 5.0, -66.0, -4.0, -115.0, 20.0, -38.0, 42.0, -5.0, 33.0, 28.0, 18.0, 8.0, -15.0, -7.0, 6.0, -3.0, -22.0, -44.0, 44.0, 19.0, 42.0, -46.0, -83.0, 76.0, -57.0, 74.0, -30.0, 15.0, -9.0, -20.0, 12.0, 0.0, -78.0, -13.0, -18.0, 32.0, 38.0, 50.0, 58.0, -21.0, 32.0, 2.0, 6.0, -2.0, -61.0, -4.0, 7.0, -1.0, -26.0, 68.0, 27.0, 23.0, 18.0, -38.0, 34.0, 42.0, 3.0, 80.0, -81.0, 60.0, -34.0, 43.0, 40.0, -63.0, -5.0, 64.0, 10.0, 86.0, -32.0, 79.0, ' -72.0]']","['[-35.0', 4.0, 38.0, 23.0, -23.0, -39.0, -4.0, 34.0, -44.0, -3.0, 80.0, 13.0, 62.0, -36.0, 27.0, -72.0, -42.0, -1.0, -32.0, -23.0, -24.0, -9.0, 67.0, 14.0, -5.0, 0.0, 32.0, -67.0, -3.0, -56.0, -33.0, 18.0, -8.0, -1.0, -51.0, -61.0, 50.0, -52.0, 34.0, -45.0, -32.0, 67.0, 6.0, -28.0, -3.0, -89.0, 15.0, -113.0, 55.0, -10.0, 37.0, 12.0, 40.0, 35.0, 21.0, -27.0, -18.0, -4.0, 8.0, -20.0, 15.0, -35.0, 67.0, 34.0, 25.0, -32.0, -71.0, 92.0, -16.0, 38.0, 0.0, -4.0, 15.0, 0.0, -26.0, -3.0, -52.0, -10.0, 33.0, 19.0, 90.0, ' 12.0]']",,,,,,
1740060644.730701,ble-pd-B43A31EF7B26,e6309acf-7969-292e-7b7c-3695c7a71cdd,6317,29,-70.0,-82.0,-75.0,-66.0,-60.0,-48.0,-57.0,2.856738280233828,-1.6094529089657237,0.2783408139618495,-1.4882318082577697,-1.310648439772385,-2.4200971532662794,-1.253409454519333,0.20637744090746,0.3536758488248203,0.0529458062891609,0.095487149864465,0.7311800093399778,0.3085265800588295,0.8276881375240392,-3.202211380004883,6.999529838562012,1.917153239250183,-3.54,6.84,1.96,"['[-32.0', -25.0, 13.0, 35.0, 12.0, -26.0, -24.0, 15.0, 29.0, 13.0, -22.0, -25.0, -32.0, 38.0, -60.0, -10.0, 15.0, 87.0, -3.0, -9.0, -1.0, 67.0, -5.0, 5.0, -7.0, 105.0, 8.0, 29.0, -16.0, 89.0, -13.0, 46.0, 15.0, 102.0, 45.0, 21.0, 38.0, 106.0, 28.0, 28.0, 4.0, 44.0, 6.0, -17.0, -27.0, -27.0, 25.0, -56.0, -10.0, 22.0, 88.0, 0.0, -26.0, 11.0, 62.0, -5.0, -8.0, -7.0, 103.0, 9.0, 19.0, -12.0, 85.0, -4.0, 42.0, 15.0, 115.0, 45.0, 16.0, 31.0, 106.0, 28.0, 18.0, 0.0, 52.0, -2.0, -16.0, -34.0, -19.0, 12.0, -55.0, ' -5.0]']","['[-22.0', 21.0, 37.0, 1.0, -38.0, -23.0, 19.0, 33.0, -85.0, 42.0, -15.0, 26.0, -44.0, 53.0, -8.0, -7.0, -61.0, 1.0, -36.0, 62.0, -37.0, 55.0, -21.0, 58.0, -37.0, -41.0, -7.0, 77.0, -4.0, 37.0, -31.0, 58.0, 13.0, -64.0, -1.0, 31.0, 6.0, -13.0, -4.0, 12.0, 33.0, -75.0, 45.0, -15.0, 14.0, -50.0, 60.0, -17.0, -17.0, -50.0, 16.0, -34.0, 53.0, -33.0, 68.0, -20.0, 53.0, -43.0, -28.0, -2.0, 78.0, -3.0, 55.0, -32.0, 65.0, 7.0, -42.0, 10.0, 33.0, 12.0, 10.0, 0.0, 23.0, 39.0, -64.0, 46.0, -16.0, 11.0, -58.0, 60.0, -26.0, ' -16.0]']","['[3.0', 8.0, ' -1.0', -9.0, -2.0, 9.0, 2.0, -9.0, -4.0, -72.0, -29.0, -17.0, -53.0, -11.0, -34.0, -3.0, 8.0, -37.0, -2.0, -11.0, -10.0, 2.0, -16.0, 16.0, -13.0, -9.0, -33.0, 6.0, -53.0, 0.0, -11.0, -4.0, 13.0, 12.0, -90.0, 40.0, -96.0, 12.0, 20.0, 23.0, -9.0, -8.0, -72.0, -26.0, -10.0, -51.0, -14.0, -27.0, -6.0, 8.0, -39.0, 2.0, -14.0, -11.0, -1.0, -21.0, 17.0, -21.0, -16.0, -32.0, 4.0, -55.0, 2.0, -19.0, -4.0, 16.0, 8.0, -90.0, 38.0, -110.0, 12.0, 17.0, 26.0, -9.0, -8.0, -71.0, -22.0, -17.0, -50.0, -14.0, -25.0, ' -1.0]']","['[7.0', ' -3.0', ' -9.0', 0.0, 10.0, 2.0, -10.0, -5.0, -22.0, 2.0, 17.0, -18.0, 22.0, 10.0, 20.0, 20.0, 24.0, -11.0, 29.0, -2.0, 3.0, -9.0, -11.0, -14.0, -22.0, -32.0, -2.0, -26.0, -19.0, -5.0, -48.0, -7.0, -6.0, -34.0, 4.0, 1.0, -61.0, -2.0, -47.0, 5.0, -2.0, -20.0, 16.0, 23.0, -18.0, 31.0, 7.0, 23.0, 12.0, 20.0, -8.0, 27.0, 1.0, 5.0, -12.0, -9.0, -14.0, -16.0, -31.0, 0.0, -28.0, -12.0, -4.0, -47.0, -11.0, -6.0, -36.0, 19.0, -3.0, -52.0, -7.0, -52.0, -1.0, -3.0, -18.0, 23.0, 28.0, -21.0, 40.0, 6.0, 28.0, ' 13.0]']","['[-27.0', ' -10.0', ' 20.0', 22.0, -10.0, -27.0, -5.0, 21.0, -18.0, -46.0, -32.0, 28.0, -10.0, 48.0, -60.0, -17.0, 14.0, 87.0, 3.0, 46.0, 18.0, 51.0, -23.0, 0.0, 19.0, 24.0, -40.0, 41.0, -15.0, -19.0, -15.0, -91.0, -53.0, -88.0, -18.0, -102.0, -43.0, -105.0, -3.0, -67.0, -26.0, -12.0, -17.0, 17.0, -31.0, -14.0, -64.0, 53.0, 35.0, -13.0, -80.0, 12.0, -43.0, -20.0, 1.0, 4.0, 36.0, -23.0, 35.0, 27.0, 46.0, 23.0, 66.0, -7.0, 84.0, 57.0, 98.0, -9.0, 119.0, 16.0, 89.0, -28.0, 39.0, 12.0, 35.0, 70.0, 5.0, 15.0, 31.0, 40.0, -10.0, ' -33.0]']","['[-3.0', ' 25.0', ' 17.0', -14.0, -26.0, 0.0, 28.0, 12.0, 36.0, 70.0, 5.0, 14.0, 30.0, 41.0, -9.0, -31.0, 3.0, 28.0, -19.0, 14.0, 8.0, -54.0, 22.0, -55.0, 14.0, -75.0, 4.0, -101.0, -18.0, -71.0, 23.0, -25.0, -23.0, -49.0, 29.0, -68.0, 21.0, -22.0, 42.0, 11.0, 7.0, -36.0, -83.0, -25.0, 10.0, -30.0, 4.0, -35.0, 13.0, 8.0, 40.0, 15.0, 19.0, 4.0, 74.0, -29.0, 40.0, 3.0, 75.0, -31.0, 98.0, 3.0, 36.0, -26.0, -48.0, -19.0, -25.0, -31.0, -25.0, -45.0, -58.0, -32.0, -57.0, -24.0, 16.0, 47.0, 29.0, -29.0, 10.0, -50.0, 62.0, ' 16.0]']","['[50.0', ' -2.0', -51.0, -36.0, 26.0, 54.0, 13.0, -45.0, -29.0, 46.0, -62.0, 49.0, -23.0, 5.0, 36.0, -14.0, 30.0, -28.0, 30.0, 28.0, -34.0, 4.0, -17.0, -13.0, -32.0, -50.0, 14.0, -20.0, 49.0, -8.0, 34.0, 9.0, 74.0, 0.0, -36.0, -14.0, -63.0, -4.0, 51.0, 34.0, 58.0, -6.0, -26.0, 54.0, -44.0, 43.0, -21.0, -26.0, 2.0, -12.0, 33.0, -57.0, 0.0, -12.0, -1.0, 19.0, 23.0, 20.0, 30.0, 9.0, 37.0, -39.0, 11.0, -56.0, -22.0, -100.0, -18.0, 0.0, 5.0, 71.0, -14.0, 31.0, -46.0, -41.0, 41.0, -3.0, -22.0, 27.0, -42.0, 29.0, 2.0, ' 12.0]']","['[-22.0', -55.0, -18.0, 42.0, 47.0, -6.0, -55.0, -34.0, 47.0, -9.0, -9.0, 15.0, -40.0, 24.0, -2.0, 15.0, -19.0, -18.0, 53.0, -34.0, 60.0, -2.0, -9.0, -19.0, 3.0, 14.0, -34.0, -35.0, 1.0, -5.0, 47.0, 24.0, 67.0, 29.0, 48.0, 9.0, -40.0, 25.0, -103.0, 30.0, -3.0, -56.0, 38.0, -34.0, 17.0, 15.0, -16.0, 28.0, -24.0, 32.0, -2.0, -23.0, 44.0, -68.0, 8.0, -6.0, 5.0, -21.0, -44.0, 37.0, 14.0, 28.0, -1.0, -16.0, -13.0, -9.0, -23.0, -60.0, -15.0, -13.0, -21.0, 111.0, -2.0, 37.0, 38.0, -48.0, 59.0, -42.0, 15.0, 0.0, -38.0, ' 23.0]']",,,,,,
1740060645.728433,ble-pd-B43A31EF7B26,7b67a1cf-0f87-8807-d3f7-74d6509ab93e,6318,32,-63.0,-79.0,-72.0,-68.0,-56.0,,,2.8570551964035475,-1.5556751644415354,0.3374856270308743,-1.4346150518214766,-1.09303780847875,,,0.2082140566637196,0.2954237606427037,0.0566185176530295,0.1228098261009978,0.6725293285021495,,,,,,-3.54,6.84,1.96,"['[9.0', 78.0, 42.0, -51.0, -75.0, 2.0, 76.0, 49.0, -76.0, 33.0, -37.0, 54.0, -77.0, 21.0, 33.0, 17.0, -29.0, -15.0, -22.0, 111.0, -34.0, 12.0, 17.0, 38.0, -3.0, -74.0, -12.0, 107.0, 18.0, 5.0, 0.0, 41.0, 27.0, -63.0, -16.0, 61.0, -1.0, -55.0, -9.0, 41.0, 60.0, -72.0, 35.0, -48.0, 43.0, -73.0, 25.0, 23.0, 17.0, -22.0, 6.0, -28.0, 101.0, -26.0, 18.0, 13.0, 45.0, -4.0, -50.0, -10.0, 111.0, 22.0, 17.0, -5.0, 50.0, 31.0, -46.0, -14.0, 60.0, 5.0, -41.0, -13.0, 47.0, 70.0, -63.0, 39.0, -58.0, 32.0, -66.0, 27.0, 13.0, ' 12.0]']","['[80.0', 17.0, -68.0, -60.0, 25.0, 80.0, 25.0, -63.0, -8.0, -22.0, 59.0, 39.0, -6.0, -22.0, 46.0, 2.0, -23.0, -93.0, 29.0, 24.0, -30.0, -30.0, 16.0, -39.0, -1.0, -96.0, -13.0, -31.0, -19.0, -55.0, 24.0, -46.0, -22.0, -74.0, -8.0, -1.0, -32.0, -56.0, 18.0, -26.0, -54.0, -26.0, -14.0, 48.0, 50.0, -24.0, -19.0, 52.0, 6.0, -31.0, -96.0, 24.0, 48.0, -37.0, -26.0, 19.0, -29.0, -1.0, -110.0, -15.0, -10.0, -13.0, -53.0, 25.0, -38.0, -16.0, -87.0, -11.0, 13.0, -32.0, -67.0, 15.0, -16.0, -38.0, -44.0, -5.0, 37.0, 58.0, -40.0, -13.0, 56.0, ' 9.0]']","['[-20.0', 8.0, ' 25.0', -3.0, -26.0, -4.0, 24.0, 12.0, 6.0, -41.0, -64.0, 21.0, -71.0, -18.0, -37.0, -33.0, -30.0, -20.0, -34.0, -4.0, -45.0, 9.0, -22.0, 56.0, -9.0, 22.0, -34.0, 3.0, -23.0, -34.0, 36.0, -13.0, 11.0, 29.0, -48.0, 13.0, -12.0, 13.0, 51.0, 21.0, 8.0, 5.0, -45.0, -66.0, 23.0, -75.0, -13.0, -36.0, -29.0, -27.0, -23.0, -35.0, -3.0, -43.0, 10.0, -27.0, 54.0, -10.0, 19.0, -37.0, 4.0, -36.0, -35.0, 29.0, -12.0, 7.0, 33.0, -60.0, 17.0, -24.0, 15.0, 51.0, 28.0, 5.0, 4.0, -48.0, -68.0, 22.0, -77.0, -10.0, -36.0, ' -25.0]']","['[11.0', ' 22.0', ' -6.0', -24.0, 0.0, 23.0, 9.0, -21.0, -21.0, -39.0, -20.0, 0.0, -31.0, 34.0, -8.0, 28.0, 15.0, -6.0, 17.0, 11.0, -1.0, 9.0, -20.0, -17.0, -32.0, -23.0, -51.0, 7.0, -89.0, -4.0, -59.0, 5.0, -34.0, 11.0, -91.0, 41.0, -124.0, 13.0, -28.0, 49.0, -23.0, -19.0, -36.0, -13.0, -3.0, -22.0, 36.0, -4.0, 31.0, 18.0, -5.0, 22.0, 12.0, 2.0, 8.0, -20.0, -22.0, -30.0, -23.0, -47.0, 5.0, -84.0, 0.0, -62.0, 5.0, -37.0, 7.0, -83.0, 39.0, -124.0, 12.0, -32.0, 46.0, -23.0, -19.0, -29.0, -4.0, -5.0, -17.0, 36.0, 0.0, ' 34.0]']","['[-28.0', ' -6.0', ' 26.0', 19.0, -14.0, -29.0, -2.0, 26.0, -11.0, -85.0, -33.0, -15.0, -17.0, 16.0, -10.0, 80.0, 23.0, -5.0, 11.0, 45.0, -6.0, 58.0, 0.0, 47.0, 38.0, 53.0, -1.0, 45.0, 7.0, 18.0, -27.0, -24.0, -15.0, -3.0, -12.0, -35.0, -67.0, -55.0, -43.0, -96.0, -28.0, -18.0, 44.0, -1.0, -16.0, -7.0, -25.0, 5.0, -42.0, -24.0, -31.0, -8.0, -47.0, 8.0, -35.0, 31.0, 19.0, -45.0, -65.0, -2.0, -8.0, 3.0, 37.0, 16.0, 98.0, 66.0, 53.0, 25.0, 88.0, 67.0, 96.0, 52.0, 100.0, 11.0, 38.0, 20.0, 36.0, 42.0, 29.0, 21.0, 3.0, ' -19.0]']","['[0.0', ' 28.0', ' 14.0', -22.0, -25.0, 7.0, 29.0, 11.0, 38.0, 25.0, 38.0, 43.0, 28.0, 19.0, 4.0, -23.0, 9.0, 49.0, 2.0, 20.0, -4.0, -12.0, -47.0, -79.0, 25.0, 38.0, 6.0, -39.0, -12.0, -75.0, 5.0, -114.0, -81.0, -77.0, -23.0, -90.0, -22.0, -81.0, -29.0, -45.0, 10.0, -36.0, -77.0, -50.0, -44.0, -32.0, -3.0, -10.0, 71.0, 8.0, -40.0, 5.0, 14.0, -1.0, 48.0, 34.0, 89.0, 7.0, 8.0, -5.0, 60.0, 14.0, 68.0, -22.0, 63.0, 50.0, 55.0, 8.0, 40.0, -26.0, 24.0, -6.0, -34.0, -27.0, 14.0, 86.0, 36.0, 19.0, 18.0, -15.0, 11.0, ' -81.0]']","['[-50.0', ' 33.0', 74.0, 19.0, -58.0, -64.0, 11.0, 74.0, -80.0, 14.0, 40.0, 46.0, 70.0, -6.0, -23.0, -72.0, -13.0, -14.0, -119.0, 14.0, -41.0, 52.0, 60.0, 33.0, 37.0, -60.0, 24.0, -27.0, -60.0, -16.0, -66.0, 17.0, -46.0, -11.0, 50.0, -15.0, 110.0, -70.0, 84.0, -69.0, -67.0, 110.0, -34.0, 17.0, -54.0, -58.0, -15.0, -32.0, 63.0, -32.0, 52.0, 99.0, 19.0, 89.0, -30.0, -46.0, -50.0, -30.0, 62.0, -71.0, 30.0, 7.0, 49.0, 58.0, 1.0, 0.0, -27.0, 1.0, -1.0, -85.0, 47.0, -116.0, 65.0, 27.0, -95.0, 42.0, -69.0, 41.0, 18.0, 33.0, 76.0, ' -29.0]']","['[56.0', 67.0, -8.0, -72.0, -47.0, 38.0, 75.0, 15.0, -74.0, 37.0, -82.0, 30.0, 0.0, 37.0, 83.0, -10.0, 75.0, -66.0, -7.0, -49.0, -96.0, -15.0, -7.0, 38.0, -1.0, -21.0, 88.0, -11.0, 64.0, -59.0, -5.0, -25.0, 60.0, 61.0, -65.0, 22.0, -10.0, 18.0, 78.0, -14.0, 36.0, 10.0, -22.0, 91.0, 2.0, 43.0, -35.0, -80.0, -38.0, -68.0, 44.0, -69.0, 46.0, 53.0, 46.0, 41.0, -10.0, 22.0, -21.0, -56.0, -8.0, -87.0, 37.0, -33.0, 31.0, -76.0, -56.0, 82.0, -27.0, 73.0, -55.0, -14.0, -29.0, -70.0, 54.0, -3.0, -62.0, -35.0, -69.0, 19.0, 40.0, ' 60.0]']",,,,,,
1740060646.731845,ble-pd-B43A31EF7B26,86360b48-c206-548f-8941-c5dc893d5a85,6319,34,-62.0,-80.0,-73.0,-68.0,-57.0,-49.0,-65.0,2.789813042040137,-1.4854064606573043,0.3658610758134506,-1.3897109600494326,-1.0251192706078478,-2.3742823008707594,-0.9829644067899768,0.3077492363522403,0.1703190386961142,0.057285897499825,0.1725369525414458,0.3978621030575401,0.269572382838956,0.6881115979485897,-3.195063352584839,7.01302146911621,1.9111335277557373,-3.54,6.84,1.96,"['[79.0', 31.0, -57.0, -69.0, 11.0, 77.0, 38.0, -51.0, -20.0, 8.0, 38.0, 39.0, -22.0, -12.0, 55.0, -8.0, -28.0, -68.0, 27.0, 48.0, -45.0, -3.0, 30.0, -43.0, -9.0, -95.0, 4.0, -3.0, -10.0, -16.0, 21.0, -29.0, -22.0, -79.0, -9.0, -5.0, -22.0, -42.0, 9.0, -8.0, -33.0, -44.0, 14.0, 23.0, 47.0, -36.0, -7.0, 62.0, 1.0, -35.0, -62.0, 17.0, 69.0, -50.0, -2.0, 35.0, -32.0, -10.0, -100.0, 4.0, 30.0, -9.0, -11.0, 22.0, -18.0, -15.0, -88.0, -10.0, 14.0, -22.0, -47.0, 3.0, 0.0, -13.0, -64.0, 19.0, 9.0, 53.0, -49.0, -3.0, 64.0, ' 9.0]']","['[4.0', -72.0, -53.0, 37.0, 78.0, 15.0, -68.0, -59.0, 83.0, -22.0, 43.0, -41.0, 59.0, -14.0, -31.0, -34.0, 25.0, -8.0, 31.0, -97.0, 22.0, -5.0, -26.0, -31.0, 5.0, 32.0, 0.0, -121.0, -3.0, -15.0, -3.0, -30.0, -24.0, 44.0, 5.0, -72.0, 3.0, 24.0, 19.0, -30.0, -73.0, 73.0, -17.0, 51.0, -27.0, 51.0, -17.0, -16.0, -35.0, 16.0, -28.0, 37.0, -82.0, 8.0, -6.0, -16.0, -43.0, 4.0, 8.0, 1.0, -116.0, -6.0, -19.0, 1.0, -38.0, -28.0, 21.0, 3.0, -70.0, -2.0, 10.0, 21.0, -31.0, -77.0, 58.0, -13.0, 56.0, -15.0, 38.0, -20.0, 0.0, ' -33.0]']","['[24.0', 6.0, ' -23.0', -12.0, 18.0, 16.0, -14.0, -24.0, -29.0, 48.0, 60.0, -1.0, 59.0, 39.0, 24.0, 40.0, 31.0, 47.0, 35.0, 25.0, 56.0, 0.0, 49.0, -59.0, 1.0, -22.0, 14.0, -11.0, 5.0, 28.0, -40.0, 33.0, -32.0, -15.0, 45.0, -5.0, 27.0, 2.0, -66.0, 2.0, -23.0, -29.0, 52.0, 63.0, -1.0, 65.0, 38.0, 24.0, 39.0, 33.0, 47.0, 36.0, 24.0, 59.0, 0.0, 50.0, -61.0, 6.0, -18.0, 20.0, -8.0, 11.0, 27.0, -35.0, 32.0, -29.0, -17.0, 48.0, -11.0, 37.0, 1.0, -64.0, 0.0, -22.0, -26.0, 53.0, 65.0, -5.0, 66.0, 38.0, 23.0, ' 40.0]']","['[2.0', ' -23.0', ' -9.0', 21.0, 15.0, -16.0, -20.0, 7.0, 15.0, 23.0, 37.0, -18.0, 59.0, -18.0, 1.0, 1.0, -6.0, 8.0, -16.0, 0.0, 5.0, -12.0, 19.0, -22.0, 34.0, 22.0, 49.0, 3.0, 85.0, 21.0, 66.0, 17.0, 46.0, -7.0, 73.0, -47.0, 123.0, -20.0, 44.0, -37.0, 11.0, 17.0, 19.0, 31.0, -19.0, 54.0, -20.0, -1.0, 1.0, -7.0, 2.0, -18.0, -1.0, 0.0, -12.0, 18.0, -17.0, 34.0, 22.0, 48.0, 5.0, 83.0, 20.0, 68.0, 15.0, 50.0, -4.0, 70.0, -48.0, 123.0, -20.0, 47.0, -39.0, 15.0, 20.0, 18.0, 28.0, -18.0, 51.0, -24.0, -2.0, ' -5.0]']","['[15.0', ' 30.0', ' 0.0', -30.0, -16.0, 21.0, 28.0, -4.0, 37.0, 84.0, 51.0, 36.0, 15.0, -18.0, 18.0, -97.0, -8.0, 16.0, 4.0, -23.0, 4.0, -48.0, -30.0, -71.0, 4.0, -7.0, 23.0, -64.0, -7.0, -44.0, 30.0, -34.0, -35.0, -41.0, 1.0, -28.0, 48.0, 6.0, 7.0, 71.0, 25.0, -26.0, -79.0, -48.0, -10.0, -17.0, 27.0, -9.0, 79.0, 12.0, 7.0, -5.0, 47.0, -16.0, 39.0, -2.0, 17.0, 24.0, 38.0, -24.0, 42.0, -5.0, 1.0, -31.0, -46.0, -34.0, -10.0, -16.0, -41.0, -81.0, -59.0, -31.0, -116.0, -34.0, 4.0, 33.0, 23.0, -20.0, 10.0, -22.0, -2.0, ' -21.0]']","['[27.0', ' -8.0', ' -32.0', -8.0, 26.0, 23.0, -14.0, -30.0, -3.0, 18.0, 16.0, -28.0, 7.0, -21.0, -7.0, -5.0, -7.0, -29.0, 3.0, -45.0, 19.0, -3.0, 41.0, 56.0, -44.0, -51.0, 9.0, 6.0, 16.0, 50.0, 13.0, 113.0, 92.0, 71.0, 22.0, 95.0, 70.0, 85.0, 44.0, 96.0, 17.0, 24.0, 40.0, 18.0, 44.0, 5.0, 3.0, 16.0, -57.0, 1.0, 31.0, 0.0, 16.0, -12.0, -27.0, -52.0, -89.0, 35.0, 36.0, 6.0, -47.0, -16.0, -66.0, 10.0, -110.0, -92.0, -81.0, -16.0, -90.0, -23.0, -60.0, -30.0, -32.0, 1.0, -36.0, -82.0, -45.0, -41.0, -15.0, 14.0, -19.0, ' 96.0]']","['[-61.0', ' -71.0', 5.0, 75.0, 47.0, -40.0, -77.0, -16.0, 74.0, -41.0, 83.0, -42.0, 12.0, -40.0, -101.0, 19.0, -74.0, 88.0, 12.0, 37.0, 94.0, 5.0, 2.0, -7.0, -13.0, 51.0, -73.0, 21.0, -58.0, 46.0, 19.0, 6.0, -110.0, -61.0, 54.0, -21.0, 0.0, -3.0, -57.0, -11.0, -30.0, -26.0, 15.0, -90.0, 24.0, -59.0, 40.0, 95.0, 27.0, 71.0, -79.0, 60.0, -35.0, -59.0, -32.0, -46.0, 8.0, 2.0, -13.0, 55.0, 0.0, 83.0, -38.0, 7.0, 0.0, 111.0, 58.0, -59.0, 34.0, -65.0, 29.0, 2.0, 34.0, 68.0, -32.0, 16.0, 66.0, 1.0, 86.0, -29.0, -57.0, ' -64.0]']","['[-54.0', 35.0, 79.0, 20.0, -64.0, -67.0, 15.0, 77.0, -64.0, 36.0, 36.0, 21.0, 88.0, -16.0, -18.0, -84.0, -17.0, 7.0, -123.0, 7.0, -40.0, 46.0, 79.0, -5.0, 16.0, -54.0, 10.0, -27.0, -61.0, -1.0, -43.0, -8.0, -34.0, -13.0, 22.0, -26.0, 117.0, -52.0, 85.0, -40.0, -73.0, 95.0, -52.0, 13.0, -39.0, -70.0, -8.0, -39.0, 80.0, -23.0, 41.0, 109.0, 15.0, 86.0, -37.0, -64.0, 0.0, -19.0, 74.0, -47.0, 34.0, 21.0, 26.0, 47.0, 10.0, -31.0, -23.0, 12.0, 8.0, -96.0, 43.0, -102.0, 26.0, 39.0, -92.0, 52.0, -64.0, 46.0, 21.0, 30.0, 87.0, ' -52.0]']",,,,,,
1740060647.733308,ble-pd-B43A31EF7B26,37f7eae8-8729-7835-9f7c-3cd14facfaff,6320,26,-69.0,-80.0,-73.0,-64.0,-55.0,-50.0,-65.0,2.817920576817051,-1.5252277763308777,0.2844141528277753,-1.4246396493263669,-0.8734503193867235,-2.3660379339706337,-1.0334141095169218,0.3360758494183272,0.1583007253288046,0.0528439237327086,0.1893839930839893,0.436551967359347,0.22797021592699,0.7253721464549417,-3.19674301147461,7.034620761871338,1.8924832344055176,-3.54,6.84,1.96,"['[-20.0', -38.0, -4.0, 35.0, 27.0, -15.0, -39.0, -8.0, 71.0, -16.0, 0.0, -54.0, 69.0, -39.0, -26.0, -74.0, 53.0, 47.0, 24.0, -74.0, 40.0, 0.0, -16.0, -26.0, 0.0, 75.0, 44.0, -50.0, 9.0, 31.0, -23.0, 19.0, -30.0, 84.0, 57.0, -58.0, 38.0, 102.0, 1.0, -2.0, -14.0, 72.0, -24.0, 11.0, -55.0, 75.0, -49.0, -17.0, -71.0, 51.0, 38.0, 27.0, -78.0, 38.0, -12.0, -11.0, -40.0, 0.0, 63.0, 45.0, -57.0, 0.0, 17.0, -19.0, 5.0, -33.0, 70.0, 57.0, -57.0, 32.0, 96.0, 0.0, -7.0, -18.0, 69.0, -30.0, 25.0, -55.0, 79.0, -62.0, -8.0, ' -67.0]']","['[-34.0', 8.0, 39.0, 17.0, -27.0, -35.0, 3.0, 39.0, -3.0, 51.0, -82.0, 12.0, -47.0, 80.0, -56.0, -18.0, 10.0, 68.0, -21.0, 37.0, 13.0, 84.0, -36.0, 86.0, -13.0, 66.0, -5.0, 57.0, 45.0, 86.0, -22.0, 66.0, 24.0, 91.0, -1.0, 4.0, 42.0, 40.0, 8.0, 36.0, 37.0, 7.0, 47.0, -80.0, 2.0, -37.0, 75.0, -61.0, -27.0, 17.0, 75.0, -18.0, 26.0, 20.0, 84.0, -38.0, 82.0, -13.0, 80.0, 1.0, 50.0, 47.0, 89.0, -24.0, 69.0, 19.0, 103.0, 6.0, -2.0, 47.0, 55.0, 9.0, 35.0, 37.0, 18.0, 45.0, -78.0, -7.0, -26.0, 65.0, -63.0, ' -41.0]']","['[13.0', -6.0, ' -15.0', 2.0, 14.0, 3.0, -14.0, -8.0, -3.0, 19.0, 34.0, -7.0, 27.0, 22.0, 21.0, 11.0, 19.0, -6.0, 39.0, 5.0, 29.0, -14.0, 0.0, -28.0, 0.0, -15.0, 6.0, -5.0, -19.0, 2.0, -56.0, 17.0, -17.0, -17.0, 16.0, -10.0, -54.0, -10.0, -68.0, -12.0, -4.0, -3.0, 26.0, 40.0, -8.0, 32.0, 21.0, 21.0, 8.0, 17.0, -2.0, 39.0, 5.0, 32.0, -13.0, 1.0, -30.0, 4.0, -14.0, 14.0, -3.0, -12.0, 2.0, -53.0, 17.0, -13.0, -16.0, 29.0, -15.0, -36.0, -13.0, -72.0, -17.0, -3.0, -2.0, 36.0, 43.0, -6.0, 35.0, 19.0, 23.0, ' 5.0]']","['[-7.0', ' -13.0', ' 4.0', 14.0, 0.0, -14.0, -4.0, 13.0, 13.0, 59.0, 36.0, 5.0, 38.0, -6.0, 8.0, -22.0, -10.0, 27.0, -11.0, 6.0, 17.0, 8.0, 26.0, -19.0, 31.0, -3.0, 62.0, 3.0, 77.0, 3.0, 27.0, 4.0, 18.0, 2.0, 93.0, -24.0, 107.0, -26.0, -29.0, -41.0, 14.0, 12.0, 55.0, 31.0, 7.0, 35.0, -8.0, 5.0, -23.0, -11.0, 27.0, -16.0, 6.0, 13.0, 10.0, 26.0, -16.0, 31.0, -2.0, 60.0, 3.0, 79.0, 2.0, 33.0, 1.0, 21.0, 6.0, 89.0, -22.0, 114.0, -24.0, -20.0, -39.0, 15.0, 12.0, 52.0, 27.0, 7.0, 31.0, -11.0, 2.0, ' -25.0]']","['[2.0', ' -19.0', ' -13.0', 11.0, 19.0, 0.0, -20.0, -11.0, -27.0, -45.0, -24.0, -25.0, -41.0, -41.0, -2.0, 17.0, 22.0, -59.0, 17.0, -33.0, 12.0, 30.0, 17.0, 93.0, -2.0, 5.0, 14.0, 60.0, 13.0, 76.0, 0.0, 103.0, 73.0, 60.0, 22.0, 72.0, 29.0, 51.0, -2.0, 0.0, -5.0, 4.0, 91.0, 18.0, 25.0, 22.0, 9.0, 23.0, -52.0, -35.0, 16.0, -21.0, -10.0, -19.0, -66.0, -8.0, -94.0, -8.0, -40.0, -14.0, -86.0, -13.0, -54.0, 11.0, -25.0, -45.0, -38.0, 5.0, -6.0, 17.0, 23.0, 35.0, 80.0, 19.0, 21.0, -79.0, 1.0, -9.0, 11.0, 26.0, -31.0, ' 53.0]']","['[-20.0', ' -8.0', ' 15.0', 16.0, -6.0, -20.0, -4.0, 17.0, 18.0, -82.0, 0.0, -11.0, 9.0, 23.0, -30.0, 55.0, 26.0, 35.0, 13.0, 45.0, 13.0, 63.0, -5.0, 38.0, 13.0, 52.0, 6.0, 60.0, 5.0, 4.0, -16.0, -60.0, -11.0, -5.0, -29.0, -58.0, -49.0, -79.0, -48.0, -119.0, -21.0, -33.0, 22.0, -18.0, -10.0, -37.0, -46.0, 19.0, -25.0, -3.0, -67.0, 4.0, -56.0, 1.0, -21.0, 16.0, 37.0, -11.0, -33.0, 6.0, 4.0, 5.0, 52.0, 12.0, 117.0, 59.0, 48.0, 36.0, 93.0, 55.0, 91.0, 30.0, 86.0, 10.0, 27.0, 51.0, 26.0, 25.0, 41.0, 39.0, 2.0, ' -20.0]']","['[-89.0', ' -46.0', 56.0, 85.0, 6.0, -82.0, -65.0, 35.0, -15.0, -3.0, 83.0, 29.0, 64.0, -15.0, -71.0, -55.0, -53.0, 29.0, -69.0, 13.0, 40.0, 47.0, 58.0, -3.0, 43.0, -8.0, -4.0, -47.0, -82.0, 15.0, -17.0, 48.0, -70.0, -16.0, 105.0, -35.0, 79.0, -68.0, 18.0, -70.0, -82.0, 79.0, -29.0, -25.0, -24.0, -76.0, -1.0, 20.0, 94.0, 14.0, -5.0, 106.0, 29.0, 33.0, -43.0, -71.0, -29.0, -48.0, 14.0, -51.0, 46.0, 52.0, 23.0, 25.0, -41.0, 48.0, -12.0, -40.0, 9.0, -118.0, 50.0, -65.0, 74.0, 85.0, -103.0, 49.0, -46.0, 5.0, 50.0, 16.0, 38.0, ' -86.0]']","['[-16.0', 76.0, 70.0, -27.0, -91.0, -39.0, 62.0, 81.0, -102.0, 47.0, -56.0, 3.0, 42.0, 16.0, 45.0, -81.0, 39.0, -27.0, -82.0, -56.0, -92.0, 12.0, 40.0, 51.0, 24.0, -13.0, 80.0, -16.0, 12.0, -53.0, -15.0, 9.0, 5.0, 35.0, -60.0, 22.0, 88.0, 3.0, 77.0, -34.0, -34.0, 65.0, -38.0, 98.0, 18.0, 9.0, -24.0, -81.0, 25.0, -65.0, 41.0, 13.0, 49.0, 95.0, 23.0, 7.0, -41.0, 11.0, 3.0, -62.0, -18.0, -63.0, 50.0, 0.0, 26.0, -49.0, -38.0, 115.0, -39.0, -12.0, -48.0, -45.0, -23.0, -28.0, 8.0, 8.0, -89.0, -30.0, -59.0, 17.0, 76.0, ' 39.0]']",,,,,,
1740060648.731524,ble-pd-B43A31EF7B26,30308376-1ed9-305f-7957-d82717ea11a7,6321,20,-70.0,-88.0,-68.0,-63.0,,,,2.7801974326082965,-1.5545726157502429,0.3345598782573133,-1.4428804385806466,,,,0.3040424157204727,0.1655805094580498,0.0916139815331083,0.187744867367316,,,,-3.200561285018921,7.059996128082275,1.8984706401824951,-3.54,6.84,1.96,"['[-13.0', 25.0, 29.0, -6.0, -34.0, -16.0, 25.0, 32.0, -54.0, 53.0, -39.0, 15.0, -78.0, 109.0, -35.0, 64.0, -29.0, 9.0, -27.0, 46.0, -33.0, 66.0, -10.0, 59.0, -9.0, 8.0, -39.0, 53.0, 7.0, 42.0, -1.0, 7.0, 43.0, 4.0, -10.0, 37.0, -11.0, -25.0, 36.0, 1.0, 33.0, -53.0, 53.0, -38.0, 14.0, -78.0, 109.0, -39.0, 64.0, -29.0, 12.0, -29.0, 45.0, -31.0, 69.0, -12.0, 62.0, -10.0, 11.0, -39.0, 54.0, 10.0, 45.0, 0.0, 7.0, 44.0, 10.0, -11.0, 36.0, -9.0, -23.0, 35.0, 0.0, 34.0, -48.0, 53.0, -42.0, 14.0, -77.0, 110.0, -39.0, ' 64.0]']","['[31.0', 22.0, -17.0, -34.0, -5.0, 31.0, 24.0, -16.0, -68.0, -3.0, 81.0, -1.0, -2.0, -47.0, 77.0, 49.0, -54.0, -62.0, 33.0, 1.0, -36.0, -66.0, 49.0, -55.0, 8.0, -64.0, 13.0, -4.0, -45.0, -70.0, 23.0, -50.0, -19.0, -124.0, 8.0, 23.0, -65.0, -88.0, 16.0, -13.0, -14.0, -71.0, 0.0, 81.0, 0.0, -1.0, -45.0, 77.0, 50.0, -55.0, -61.0, 32.0, 3.0, -39.0, -65.0, 48.0, -53.0, 7.0, -63.0, 12.0, -2.0, -44.0, -68.0, 23.0, -50.0, -19.0, -123.0, 8.0, 25.0, -65.0, -90.0, 18.0, -12.0, -14.0, -74.0, 2.0, 78.0, 0.0, -5.0, -39.0, 76.0, ' 53.0]']","['[0.0', -5.0, ' 0.0', 5.0, 2.0, -5.0, -3.0, 4.0, -2.0, -50.0, -53.0, 5.0, -34.0, 0.0, 0.0, -1.0, 0.0, -53.0, 4.0, -16.0, -3.0, -14.0, -27.0, 13.0, -42.0, 22.0, -46.0, -1.0, -69.0, -20.0, -22.0, 6.0, 22.0, 16.0, -88.0, 17.0, -84.0, 11.0, 34.0, 18.0, 2.0, 0.0, -50.0, -47.0, 5.0, -33.0, 3.0, 2.0, -3.0, 2.0, -55.0, 7.0, -15.0, -5.0, -13.0, -29.0, 12.0, -44.0, 15.0, -44.0, -2.0, -68.0, -20.0, -28.0, 3.0, 20.0, 13.0, -87.0, 15.0, -98.0, 4.0, 23.0, 13.0, 2.0, 1.0, -48.0, -42.0, 5.0, -31.0, 5.0, 11.0, ' -3.0]']","['[-5.0', ' 0.0', ' 5.0', 1.0, -4.0, -2.0, 3.0, 4.0, 13.0, 3.0, 27.0, -3.0, 5.0, 11.0, 36.0, -4.0, 14.0, -16.0, 10.0, 0.0, 0.0, 1.0, -18.0, -11.0, -17.0, -35.0, 4.0, -2.0, -3.0, -7.0, -43.0, -9.0, -8.0, -19.0, -5.0, -14.0, -81.0, -43.0, -59.0, -24.0, 2.0, 14.0, 9.0, 37.0, -3.0, 11.0, 11.0, 37.0, -4.0, 15.0, -7.0, 8.0, 3.0, 0.0, 3.0, -13.0, -12.0, -10.0, -38.0, 11.0, -3.0, 6.0, -4.0, -39.0, -10.0, -13.0, -21.0, 8.0, -15.0, -65.0, -44.0, -64.0, -28.0, 2.0, 13.0, 19.0, 45.0, -5.0, 16.0, 12.0, 36.0, ' -3.0]']","['[14.0', ' -33.0', ' -33.0', 16.0, 42.0, 4.0, -38.0, -29.0, -66.0, -16.0, -87.0, 5.0, -74.0, -77.0, -24.0, -81.0, 7.0, -58.0, -1.0, -88.0, -14.0, -35.0, 22.0, -3.0, -30.0, -43.0, 20.0, 15.0, 18.0, 45.0, 4.0, 105.0, 59.0, 44.0, 25.0, 70.0, 42.0, 55.0, 61.0, 70.0, -4.0, 24.0, 85.0, 41.0, 38.0, 38.0, 50.0, -2.0, 36.0, -17.0, 36.0, -37.0, 35.0, -13.0, -32.0, -42.0, -93.0, -14.0, 3.0, -28.0, -69.0, -54.0, -81.0, -8.0, -98.0, -25.0, -66.0, -16.0, -76.0, 3.0, -33.0, -19.0, 0.0, 36.0, 38.0, -93.0, 37.0, -54.0, 26.0, 11.0, 27.0, ' 33.0]']","['[-39.0', ' -24.0', ' 25.0', 38.0, -5.0, -42.0, -16.0, 29.0, 23.0, -99.0, 18.0, -52.0, 12.0, -2.0, 23.0, 15.0, 16.0, 1.0, 47.0, 25.0, 29.0, 69.0, 35.0, 118.0, 43.0, 27.0, 18.0, 77.0, 54.0, 68.0, 6.0, 40.0, -15.0, 47.0, 1.0, 38.0, -41.0, -1.0, -25.0, -58.0, -43.0, -66.0, 51.0, -81.0, 38.0, -65.0, -59.0, -34.0, -74.0, -3.0, -46.0, -30.0, -83.0, -29.0, -70.0, -3.0, -75.0, -50.0, -51.0, 3.0, -33.0, -20.0, -6.0, 0.0, 55.0, 55.0, 5.0, 19.0, 26.0, 58.0, 45.0, 63.0, 90.0, 23.0, 60.0, 33.0, 83.0, 5.0, 71.0, 78.0, 19.0, ' 75.0]']","['[21.0', ' -62.0', -66.0, 17.0, 77.0, 36.0, -48.0, -74.0, 36.0, -5.0, 15.0, 26.0, -45.0, 38.0, 20.0, 67.0, -16.0, 14.0, 63.0, 44.0, 48.0, -3.0, -42.0, -71.0, -25.0, -31.0, -68.0, 18.0, 23.0, 35.0, 12.0, -11.0, 47.0, -20.0, 10.0, -34.0, -93.0, -2.0, -36.0, 60.0, 32.0, -20.0, 3.0, -33.0, -6.0, 37.0, -18.0, 34.0, -2.0, 53.0, -5.0, -8.0, -21.0, -62.0, -12.0, 21.0, 55.0, -18.0, 28.0, 66.0, 22.0, 32.0, -43.0, -21.0, -79.0, -31.0, 4.0, -92.0, 31.0, 38.0, 36.0, 34.0, -28.0, 33.0, -8.0, 0.0, 30.0, -20.0, -2.0, -14.0, -67.0, ' -58.0]']","['[-75.0', -47.0, 43.0, 77.0, 10.0, -69.0, -61.0, 22.0, -6.0, 0.0, 31.0, -16.0, -9.0, -10.0, -63.0, -51.0, -55.0, -4.0, -42.0, -9.0, 40.0, 20.0, 9.0, -10.0, 47.0, -8.0, -26.0, -45.0, -67.0, 27.0, 18.0, 112.0, 0.0, 13.0, 117.0, -10.0, 31.0, -43.0, -12.0, -16.0, -69.0, 32.0, -2.0, -10.0, 31.0, -27.0, 35.0, 58.0, 85.0, 23.0, 13.0, 76.0, 39.0, 7.0, -16.0, -36.0, -47.0, -50.0, -18.0, -33.0, 43.0, 62.0, 9.0, -3.0, -80.0, 35.0, -24.0, -74.0, -18.0, -89.0, 26.0, -18.0, 56.0, 70.0, -37.0, 4.0, -18.0, -23.0, 46.0, -37.0, -11.0, ' -57.0]']",,,,,,
1740060649.731584,ble-pd-B43A31EF7B26,c34132d5-cd60-53d9-d8af-367d7dfb8965,6322,3,-67.0,,-63.0,-67.0,-50.0,,,2.8255803607443366,,0.3566340215846531,-1.4335649674036584,-0.7499892080286366,,,0.258858359138834,,0.1193091923942511,0.2553020071086558,0.4435862850694185,,,-3.200266122817993,7.070566654205322,1.89266574382782,-3.54,6.84,1.96,"['[0.0', 35.0, 25.0, -20.0, -37.0, -3.0, 31.0, 27.0, 30.0, 45.0, -32.0, 23.0, -30.0, -10.0, -38.0, 28.0, -26.0, -10.0, -12.0, 55.0, -29.0, -70.0, -19.0, -59.0, 17.0, -27.0, -7.0, 16.0, -31.0, -29.0, -37.0, -61.0, -66.0, -83.0, -28.0, -23.0, -10.0, -90.0, -47.0, 3.0, 21.0, 21.0, 14.0, -8.0, 32.0, -27.0, -39.0, -19.0, 16.0, -27.0, -36.0, -4.0, 59.0, -35.0, -80.0, -8.0, -67.0, 12.0, -49.0, 0.0, 6.0, -34.0, -36.0, -33.0, -54.0, -74.0, -99.0, -38.0, -15.0, -9.0, -101.0, -35.0, 8.0, 13.0, 13.0, -16.0, 13.0, 40.0, -28.0, -61.0, 0.0, ' 7.0]']","['[35.0', 13.0, -27.0, -31.0, 6.0, 37.0, 16.0, -25.0, -29.0, -110.0, 86.0, 46.0, 0.0, -101.0, 66.0, -34.0, -4.0, -101.0, 31.0, 23.0, -19.0, -41.0, 28.0, -39.0, -9.0, -97.0, 25.0, -36.0, -4.0, -44.0, 12.0, 13.0, -32.0, -70.0, -45.0, 31.0, 5.0, -57.0, 30.0, 21.0, -27.0, -36.0, -118.0, 89.0, 37.0, 9.0, -96.0, 75.0, -39.0, 0.0, -96.0, 34.0, 7.0, -8.0, -20.0, 34.0, -22.0, -12.0, -88.0, 26.0, -39.0, 2.0, -35.0, 21.0, 25.0, -14.0, -48.0, -35.0, 35.0, 10.0, -28.0, 41.0, 21.0, -33.0, -42.0, -118.0, 89.0, 28.0, 14.0, -83.0, 77.0, ' -40.0]']","[nan, nan, nan, nan, nan, nan, nan, nan, nan, nan, nan, nan, nan, nan, nan, nan, nan, nan, nan, nan, nan, nan, nan, nan, nan, nan, nan, nan, nan, nan, nan, nan, nan, nan, nan, nan, nan, nan, nan, nan, nan, nan, nan, nan, nan, nan, nan, nan, nan, nan, nan, nan, nan, nan, nan, nan, nan, nan, nan, nan, nan, nan, nan, nan, nan, nan, nan, nan, nan, nan, nan, nan, nan, nan, nan, nan, nan, nan, nan, nan, nan, nan]","[nan, nan, nan, nan, nan, nan, nan, nan, nan, nan, nan, nan, nan, nan, nan, nan, nan, nan, nan, nan, nan, nan, nan, nan, nan, nan, nan, nan, nan, nan, nan, nan, nan, nan, nan, nan, nan, nan, nan, nan, nan, nan, nan, nan, nan, nan, nan, nan, nan, nan, nan, nan, nan, nan, nan, nan, nan, nan, nan, nan, nan, nan, nan, nan, nan, nan, nan, nan, nan, nan, nan, nan, nan, nan, nan, nan, nan, nan, nan, nan, nan, nan]","['[-10.0', -58.0, -26.0, 46.0, 48.0, -22.0, -54.0, -11.0, -4.0, -51.0, -24.0, -62.0, -6.0, -48.0, 11.0, -42.0, -45.0, -78.0, -24.0, -13.0, 12.0, 23.0, 48.0, 65.0, 24.0, 0.0, -3.0, 57.0, 30.0, 97.0, 8.0, 103.0, 53.0, 61.0, 27.0, 77.0, -9.0, 65.0, -19.0, -4.0, -45.0, -13.0, 75.0, 11.0, 56.0, -21.0, -22.0, -36.0, -58.0, 12.0, 5.0, 10.0, -60.0, 3.0, -89.0, 12.0, -112.0, -74.0, -69.0, -36.0, -59.0, -17.0, -39.0, 11.0, -16.0, -26.0, -43.0, -35.0, 13.0, 15.0, 6.0, 50.0, 65.0, 51.0, 12.0, -4.0, 15.0, 12.0, 25.0, ' 68.0', ' 22.0', ' 88.0]']","['[-56.0', -8.0, 51.0, 34.0, -33.0, -53.0, 5.0, 55.0, 13.0, -57.0, -1.0, -34.0, 27.0, 47.0, 35.0, 85.0, 5.0, 28.0, -1.0, 70.0, -9.0, 86.0, -37.0, 90.0, 70.0, 73.0, 41.0, 38.0, 4.0, -6.0, -19.0, -29.0, 6.0, 21.0, 26.0, -52.0, -12.0, -40.0, -48.0, -70.0, -32.0, -8.0, -23.0, -23.0, -39.0, -19.0, -63.0, -8.0, -73.0, -43.0, -85.0, -22.0, -41.0, 11.0, -13.0, 56.0, 18.0, -7.0, -32.0, -21.0, 34.0, 22.0, 87.0, 16.0, 105.0, 45.0, 44.0, 15.0, 92.0, -4.0, 74.0, 5.0, 24.0, -25.0, -7.0, 78.0, 18.0, 67.0, -13.0, ' 8.0', ' -31.0', ' -22.0]']","['[11.0', -42.0, -41.0, 14.0, 50.0, 19.0, -36.0, -44.0, 65.0, 4.0, 51.0, -29.0, -27.0, -103.0, 44.0, 25.0, -69.0, 0.0, 39.0, 24.0, 90.0, -32.0, -6.0, -85.0, 0.0, -21.0, -110.0, -10.0, -26.0, 27.0, 11.0, 6.0, 19.0, -28.0, 7.0, -17.0, -94.0, 9.0, -80.0, -60.0, -4.0, -25.0, 4.0, -71.0, -58.0, -16.0, 81.0, 45.0, 98.0, 41.0, 4.0, 67.0, -28.0, -61.0, -44.0, -11.0, -3.0, -65.0, 3.0, 62.0, 41.0, 95.0, -41.0, 7.0, -15.0, 50.0, -10.0, -88.0, 45.0, -12.0, -2.0, 15.0, 75.0, 47.0, -48.0, -8.0, 0.0, 71.0, 39.0, ' 39.0', ' -76.0', ' -97.0]']","['[-49.0', -26.0, 31.0, 47.0, 3.0, -45.0, -37.0, 19.0, -1.0, -5.0, 50.0, 72.0, 31.0, -45.0, -65.0, -116.0, -18.0, -3.0, -88.0, 18.0, 32.0, 60.0, 16.0, 40.0, 74.0, 5.0, -17.0, -37.0, -92.0, 32.0, -9.0, 14.0, -60.0, 22.0, 91.0, -41.0, 49.0, 0.0, 20.0, -59.0, -50.0, 66.0, 9.0, 23.0, -53.0, -37.0, -79.0, 64.0, 67.0, -56.0, 2.0, 69.0, 14.0, 72.0, -53.0, -12.0, -95.0, -29.0, -21.0, -94.0, 5.0, 18.0, 15.0, 16.0, 0.0, 38.0, -37.0, -24.0, 2.0, -105.0, 11.0, -77.0, -34.0, 13.0, -46.0, 0.0, -74.0, -32.0, -3.0, ' 106.0', ' 16.0', ' 58.0]']",,,,,,
1740060650.728127,ble-pd-B43A31EF7B26,fadd6cb3-c88b-3097-71ae-a5267969f133,6323,8,-63.0,,-70.0,-66.0,-49.0,,-58.0,2.8299468796676304,,0.417936794084969,-1.445209106637812,-0.8212938442993843,,-0.950810265655018,0.2951173306697765,,0.1264447996399821,0.2386388744841391,0.4596195380829171,,0.6056322189413818,-3.20439338684082,7.06896162033081,1.8899391889572144,-3.54,6.84,1.96,"['[-42.0', -38.0, 18.0, 50.0, 14.0, -40.0, -40.0, 13.0, 20.0, 107.0, -53.0, -38.0, -20.0, 96.0, -29.0, 9.0, -2.0, 73.0, -11.0, -56.0, 16.0, 47.0, -24.0, 30.0, -17.0, 75.0, -52.0, -11.0, 9.0, 18.0, -21.0, 8.0, 33.0, 29.0, -4.0, -14.0, -23.0, -2.0, -16.0, 25.0, 21.0, 22.0, 104.0, -45.0, -37.0, -23.0, 87.0, -27.0, 13.0, -8.0, 66.0, -11.0, -51.0, 12.0, 34.0, -21.0, 28.0, -14.0, 69.0, -53.0, -3.0, 2.0, 1.0, -22.0, 6.0, 28.0, 14.0, 0.0, -10.0, -26.0, -18.0, -21.0, 29.0, 26.0, 24.0, 100.0, -34.0, -35.0, -24.0, 77.0, -22.0, ' 18.0]']","['[-25.0', 32.0, 47.0, -1.0, -47.0, -29.0, 28.0, 48.0, 9.0, -7.0, 47.0, 0.0, -16.0, -53.0, 22.0, 23.0, -36.0, -34.0, 0.0, 28.0, -21.0, -107.0, 21.0, -15.0, 17.0, -41.0, -11.0, 47.0, -50.0, -87.0, -4.0, -3.0, -32.0, -83.0, 26.0, 21.0, -21.0, -98.0, -27.0, 22.0, 45.0, 6.0, -24.0, 54.0, 4.0, -12.0, -70.0, 26.0, 22.0, -36.0, -46.0, 1.0, 37.0, -23.0, -114.0, 24.0, -20.0, 19.0, -51.0, 0.0, 49.0, -51.0, -89.0, -1.0, -5.0, -37.0, -89.0, 27.0, 23.0, -18.0, -97.0, -21.0, 17.0, 41.0, 2.0, -41.0, 62.0, 13.0, -8.0, -81.0, 31.0, ' 19.0]']","[nan, nan, nan, nan, nan, nan, nan, nan, nan, nan, nan, nan, nan, nan, nan, nan, nan, nan, nan, nan, nan, nan, nan, nan, nan, nan, nan, nan, nan, nan, nan, nan, nan, nan, nan, nan, nan, nan, nan, nan, nan, nan, nan, nan, nan, nan, nan, nan, nan, nan, nan, nan, nan, nan, nan, nan, nan, nan, nan, nan, nan, nan, nan, nan, nan, nan, nan, nan, nan, nan, nan, nan, nan, nan, nan, nan, nan, nan, nan, nan, nan, nan]","[nan, nan, nan, nan, nan, nan, nan, nan, nan, nan, nan, nan, nan, nan, nan, nan, nan, nan, nan, nan, nan, nan, nan, nan, nan, nan, nan, nan, nan, nan, nan, nan, nan, nan, nan, nan, nan, nan, nan, nan, nan, nan, nan, nan, nan, nan, nan, nan, nan, nan, nan, nan, nan, nan, nan, nan, nan, nan, nan, nan, nan, nan, nan, nan, nan, nan, nan, nan, nan, nan, nan, nan, nan, nan, nan, nan, nan, nan, nan, nan, nan, nan]","['[12.0', 32.0, 5.0, -29.0, -20.0, 19.0, 31.0, 0.0, 2.0, 88.0, -13.0, 38.0, -21.0, 0.0, -26.0, -58.0, 24.0, 64.0, 15.0, -19.0, -6.0, -57.0, -41.0, -55.0, -51.0, -71.0, -21.0, -76.0, -32.0, -111.0, 9.0, -53.0, -26.0, -56.0, 3.0, -53.0, 25.0, -3.0, 45.0, 51.0, 31.0, 20.0, -49.0, 34.0, -5.0, 41.0, 74.0, 19.0, 95.0, 8.0, 35.0, -15.0, 52.0, -25.0, 78.0, -23.0, 2.0, 67.0, 103.0, 24.0, 39.0, 6.0, 4.0, -40.0, -10.0, -15.0, -12.0, -2.0, -46.0, -39.0, -51.0, -51.0, -81.0, -29.0, -25.0, -38.0, -18.0, -33.0, -19.0, ' -76.0', ' 7.0', ' -37.0]']","['[31.0', -3.0, -32.0, -13.0, 25.0, 27.0, -10.0, -32.0, -27.0, 4.0, -29.0, -16.0, -35.0, -86.0, -7.0, -76.0, -23.0, -77.0, 10.0, -49.0, 33.0, -55.0, 52.0, 26.0, -47.0, -76.0, -15.0, -3.0, 11.0, 55.0, 39.0, 42.0, 31.0, 50.0, 0.0, 84.0, 31.0, 62.0, 34.0, 62.0, 14.0, 17.0, 74.0, 3.0, 41.0, -1.0, 44.0, -19.0, -14.0, 32.0, 93.0, 8.0, 8.0, -21.0, -20.0, -62.0, -60.0, -24.0, -22.0, -10.0, -65.0, -32.0, -124.0, -11.0, -69.0, -38.0, -75.0, 3.0, -89.0, 6.0, -33.0, 26.0, 12.0, 20.0, 10.0, -81.0, 27.0, -24.0, 36.0, ' 40.0', ' 27.0', ' 89.0]']","['[42.0', 46.0, -9.0, -52.0, -28.0, 32.0, 51.0, 1.0, -18.0, -14.0, -63.0, -37.0, -2.0, 69.0, 39.0, 62.0, 49.0, 8.0, 51.0, -30.0, -12.0, -49.0, 15.0, -26.0, -21.0, 6.0, 65.0, 18.0, 73.0, -21.0, 33.0, -30.0, 49.0, 33.0, -37.0, -6.0, -13.0, 12.0, -29.0, 92.0, 45.0, -89.0, -13.0, 13.0, 65.0, 10.0, -12.0, -63.0, -101.0, -22.0, -6.0, -81.0, -5.0, -51.0, 45.0, -25.0, 89.0, 30.0, 15.0, 23.0, -16.0, -47.0, -8.0, -17.0, 6.0, -23.0, -12.0, 32.0, -14.0, 48.0, 31.0, 70.0, -29.0, -42.0, 108.0, 26.0, 49.0, -26.0, -8.0, ' -56.0', ' 19.0', ' 31.0]']","['[33.0', -26.0, -53.0, -9.0, 46.0, 43.0, -16.0, -52.0, 113.0, 22.0, 18.0, -53.0, -10.0, -24.0, 50.0, 81.0, -1.0, 3.0, 64.0, 22.0, 65.0, -23.0, 21.0, -88.0, -22.0, -22.0, -59.0, 9.0, 13.0, 20.0, 1.0, 9.0, 0.0, -5.0, -16.0, 20.0, -48.0, -43.0, -64.0, -14.0, 23.0, -74.0, -22.0, -63.0, -6.0, 2.0, 73.0, 11.0, 17.0, 44.0, 5.0, 11.0, -36.0, -45.0, -31.0, 4.0, 17.0, -8.0, 17.0, 86.0, 11.0, 59.0, -28.0, 29.0, -30.0, 42.0, 31.0, -24.0, -16.0, 12.0, 31.0, 2.0, 88.0, 27.0, -42.0, -1.0, 42.0, 59.0, 7.0, ' -47.0', ' -61.0', ' -94.0]']",,,,,,
1740060651.731899,ble-pd-B43A31EF7B26,c278e3ef-327e-4be7-b1b6-b319097f0bc0,6324,32,-62.0,,-72.0,-63.0,-61.0,,-64.0,2.839172069683665,,0.3430473726513958,-1.4471430942214274,-0.890581349828499,,-1.256825230456276,0.3769701194055799,,0.133681091019675,0.1669596440733042,0.4286319891737352,,0.7904542643632879,-3.207143545150757,7.074689865112305,1.8765215873718264,-3.54,6.84,1.96,"['[-57.0', 38.0, 83.0, 14.0, -73.0, -63.0, 30.0, 84.0, -58.0, 30.0, -74.0, 17.0, -33.0, 18.0, -18.0, 33.0, -7.0, 56.0, -44.0, 56.0, 0.0, 15.0, -14.0, 60.0, -3.0, 32.0, -6.0, 95.0, 12.0, 33.0, -34.0, 58.0, 29.0, 0.0, -14.0, 63.0, 3.0, 1.0, -27.0, 44.0, 82.0, -43.0, 22.0, -74.0, 1.0, -20.0, 17.0, -32.0, 29.0, 1.0, 66.0, -44.0, 29.0, 8.0, 18.0, -21.0, 63.0, -1.0, 49.0, -3.0, 78.0, 10.0, 39.0, -39.0, 59.0, 29.0, 24.0, -15.0, 55.0, 5.0, 15.0, -30.0, 42.0, 76.0, -24.0, 14.0, -70.0, -16.0, -7.0, 17.0, -45.0, ' 24.0]']","['[61.0', 74.0, -12.0, -82.0, -42.0, 55.0, 78.0, -2.0, -64.0, 26.0, 7.0, 75.0, -53.0, 0.0, 69.0, 14.0, -37.0, -50.0, 5.0, 100.0, -39.0, -15.0, 31.0, -17.0, -10.0, -95.0, -7.0, 68.0, 9.0, -32.0, 22.0, -8.0, 0.0, -103.0, 3.0, 33.0, -12.0, -70.0, 13.0, 12.0, 12.0, -76.0, 33.0, -9.0, 76.0, -58.0, 2.0, 64.0, 22.0, -40.0, -36.0, -5.0, 111.0, -39.0, -12.0, 26.0, -3.0, -11.0, -88.0, -8.0, 88.0, 12.0, -25.0, 14.0, 5.0, 5.0, -100.0, 0.0, 46.0, -11.0, -68.0, 7.0, 19.0, 32.0, -84.0, 37.0, -26.0, 74.0, -62.0, 6.0, 56.0, ' 23.0]']","[nan, nan, nan, nan, nan, nan, nan, nan, nan, nan, nan, nan, nan, nan, nan, nan, nan, nan, nan, nan, nan, nan, nan, nan, nan, nan, nan, nan, nan, nan, nan, nan, nan, nan, nan, nan, nan, nan, nan, nan, nan, nan, nan, nan, nan, nan, nan, nan, nan, nan, nan, nan, nan, nan, nan, nan, nan, nan, nan, nan, nan, nan, nan, nan, nan, nan, nan, nan, nan, nan, nan, nan, nan, nan, nan, nan, nan, nan, nan, nan, nan, nan]","[nan, nan, nan, nan, nan, nan, nan, nan, nan, nan, nan, nan, nan, nan, nan, nan, nan, nan, nan, nan, nan, nan, nan, nan, nan, nan, nan, nan, nan, nan, nan, nan, nan, nan, nan, nan, nan, nan, nan, nan, nan, nan, nan, nan, nan, nan, nan, nan, nan, nan, nan, nan, nan, nan, nan, nan, nan, nan, nan, nan, nan, nan, nan, nan, nan, nan, nan, nan, nan, nan, nan, nan, nan, nan, nan, nan, nan, nan, nan, nan, nan, nan]","['[-26.0', 1.0, 26.0, 13.0, -19.0, -24.0, 5.0, 25.0, -5.0, -85.0, -4.0, -14.0, -2.0, 15.0, 18.0, 65.0, 12.0, 2.0, 21.0, 41.0, 3.0, 59.0, 2.0, 55.0, 29.0, 51.0, 0.0, 40.0, 27.0, 9.0, -3.0, -24.0, -46.0, -29.0, -25.0, -42.0, -65.0, -69.0, -25.0, -92.0, -21.0, -9.0, 40.0, -26.0, -16.0, -18.0, -35.0, -24.0, -50.0, -7.0, -32.0, -14.0, -44.0, -7.0, -33.0, 24.0, 0.0, -27.0, -53.0, 15.0, -2.0, -3.0, 48.0, -3.0, 97.0, 74.0, 70.0, 19.0, 76.0, 54.0, 84.0, 32.0, 80.0, 4.0, 17.0, 26.0, 42.0, 39.0, 30.0, ' 34.0', ' 18.0', ' 6.0]']","['[8.0', 27.0, 7.0, -23.0, -18.0, 12.0, 26.0, 2.0, 19.0, 31.0, 43.0, 40.0, 30.0, 33.0, 16.0, 2.0, -4.0, 45.0, -2.0, 20.0, 6.0, -12.0, -37.0, -60.0, 10.0, 24.0, -22.0, -39.0, -25.0, -79.0, 9.0, -115.0, -60.0, -72.0, -1.0, -66.0, -9.0, -48.0, -21.0, -21.0, 16.0, -17.0, -82.0, -34.0, -38.0, -25.0, -12.0, 0.0, 43.0, 11.0, -31.0, 16.0, 11.0, -2.0, 51.0, 29.0, 81.0, 14.0, 20.0, 15.0, 56.0, 38.0, 63.0, -10.0, 68.0, 12.0, 32.0, -17.0, 18.0, -37.0, -11.0, -1.0, -49.0, -28.0, 6.0, 88.0, 8.0, 17.0, 5.0, ' -14.0', ' -16.0', ' -66.0]']","['[37.0', -82.0, -99.0, 11.0, 107.0, 64.0, -59.0, -108.0, 80.0, 3.0, 0.0, 7.0, -61.0, -17.0, -15.0, 88.0, -22.0, 27.0, 104.0, 55.0, 58.0, -4.0, -12.0, -55.0, -54.0, 3.0, -52.0, -8.0, 14.0, 50.0, 56.0, -14.0, 19.0, -27.0, -27.0, -17.0, -87.0, 13.0, -110.0, 87.0, 75.0, -79.0, 15.0, -53.0, -24.0, 36.0, 19.0, 36.0, -52.0, 57.0, -21.0, -59.0, -40.0, -83.0, -19.0, 0.0, 76.0, 27.0, 7.0, 83.0, 33.0, 28.0, -43.0, -19.0, -17.0, -12.0, 39.0, -35.0, 12.0, 33.0, 22.0, 111.0, -60.0, -9.0, 45.0, -27.0, 88.0, 30.0, 4.0, ' -11.0', ' -43.0', ' 0.0]']","['[-103.0', -75.0, 51.0, 111.0, 29.0, -90.0, -94.0, 21.0, 21.0, -30.0, 90.0, 29.0, 21.0, -7.0, -40.0, -34.0, -66.0, 0.0, -46.0, -8.0, 62.0, 38.0, 17.0, -50.0, 24.0, -16.0, -71.0, -46.0, -65.0, 5.0, -42.0, 49.0, -3.0, -31.0, 95.0, 1.0, 66.0, -53.0, -40.0, -15.0, -80.0, 30.0, 28.0, -74.0, -19.0, -52.0, -6.0, 24.0, 78.0, 42.0, 16.0, 98.0, 39.0, -14.0, -32.0, -20.0, 6.0, -52.0, 15.0, 27.0, 32.0, 62.0, 26.0, 68.0, -50.0, 13.0, 9.0, -92.0, -11.0, -106.0, 51.0, -32.0, 65.0, 110.0, -73.0, -11.0, 25.0, 2.0, 65.0, ' 17.0', ' 4.0', ' -91.0]']",,,,,,
1740060652.731609,ble-pd-B43A31EF7B26,73609060-6d07-7cfe-899b-283c20fddd8e,6325,29,-62.0,,-74.0,-63.0,-58.0,,,2.8870365313234414,,0.3559666334154792,-1.4179435302395262,-0.8440729564772973,,,0.3918429419872909,,0.1041779183511263,0.1501998054117038,0.4213226573661689,,,,,,-3.54,6.84,1.96,"['[-37.0', -70.0, -7.0, 65.0, 53.0, -30.0, -72.0, -19.0, 54.0, -28.0, -18.0, -56.0, 48.0, 6.0, -50.0, -25.0, 37.0, 56.0, 4.0, -87.0, 30.0, 23.0, -15.0, -18.0, 12.0, 109.0, 13.0, -64.0, 5.0, 27.0, -8.0, -10.0, 4.0, 103.0, -1.0, -35.0, 16.0, 64.0, -13.0, 1.0, -31.0, 57.0, -41.0, -4.0, -52.0, 54.0, -1.0, -40.0, -23.0, 36.0, 43.0, 11.0, -91.0, 28.0, 14.0, -8.0, -22.0, 11.0, 100.0, 16.0, -77.0, 0.0, 18.0, -1.0, -18.0, 0.0, 97.0, 0.0, -41.0, 11.0, 61.0, -9.0, -8.0, -41.0, 56.0, -48.0, 7.0, -47.0, 57.0, -10.0, -30.0, ' -19.0]']","['[-61.0', 16.0, 72.0, 32.0, -51.0, -66.0, 7.0, 71.0, -12.0, 63.0, -73.0, -11.0, -36.0, 44.0, -47.0, -7.0, 14.0, 86.0, -40.0, 25.0, 6.0, 37.0, -31.0, 32.0, 4.0, 48.0, -17.0, 73.0, 19.0, 42.0, -33.0, 46.0, 30.0, 23.0, -8.0, 46.0, 23.0, 21.0, -19.0, 40.0, 67.0, -2.0, 55.0, -75.0, -22.0, -26.0, 46.0, -56.0, -11.0, 21.0, 93.0, -39.0, 6.0, 11.0, 42.0, -34.0, 28.0, 6.0, 66.0, -14.0, 59.0, 20.0, 46.0, -34.0, 43.0, 31.0, 42.0, -10.0, 39.0, 26.0, 31.0, -22.0, 39.0, 61.0, 8.0, 47.0, -74.0, -32.0, -16.0, 44.0, -63.0, ' -16.0]']","[nan, nan, nan, nan, nan, nan, nan, nan, nan, nan, nan, nan, nan, nan, nan, nan, nan, nan, nan, nan, nan, nan, nan, nan, nan, nan, nan, nan, nan, nan, nan, nan, nan, nan, nan, nan, nan, nan, nan, nan, nan, nan, nan, nan, nan, nan, nan, nan, nan, nan, nan, nan, nan, nan, nan, nan, nan, nan, nan, nan, nan, nan, nan, nan, nan, nan, nan, nan, nan, nan, nan, nan, nan, nan, nan, nan, nan, nan, nan, nan, nan, nan]","[nan, nan, nan, nan, nan, nan, nan, nan, nan, nan, nan, nan, nan, nan, nan, nan, nan, nan, nan, nan, nan, nan, nan, nan, nan, nan, nan, nan, nan, nan, nan, nan, nan, nan, nan, nan, nan, nan, nan, nan, nan, nan, nan, nan, nan, nan, nan, nan, nan, nan, nan, nan, nan, nan, nan, nan, nan, nan, nan, nan, nan, nan, nan, nan, nan, nan, nan, nan, nan, nan, nan, nan, nan, nan, nan, nan, nan, nan, nan, nan, nan, nan]","['[-19.0', 4.0, 21.0, 7.0, -17.0, -16.0, 8.0, 22.0, 52.0, -32.0, 34.0, 8.0, 23.0, 30.0, -32.0, 17.0, 12.0, 75.0, 0.0, 65.0, -8.0, 60.0, -40.0, 20.0, 12.0, 54.0, -16.0, 20.0, -18.0, -32.0, -23.0, -109.0, -71.0, -39.0, -18.0, -70.0, -57.0, -73.0, -36.0, -66.0, -15.0, -49.0, -37.0, -27.0, -30.0, -24.0, -52.0, 43.0, 0.0, 20.0, -78.0, 23.0, -45.0, 15.0, -3.0, 40.0, 51.0, -1.0, -10.0, 17.0, 40.0, 25.0, 66.0, 2.0, 109.0, 79.0, 66.0, 2.0, 79.0, 12.0, 53.0, 7.0, 27.0, 0.0, 19.0, 89.0, 3.0, 37.0, 11.0, ' 44.0', ' -26.0', ' -17.0]']","['[9.0', 21.0, 1.0, -20.0, -11.0, 13.0, 20.0, -1.0, 19.0, 90.0, 2.0, 36.0, 11.0, 43.0, -25.0, -17.0, -44.0, 34.0, -34.0, -1.0, -14.0, -55.0, -16.0, -95.0, -9.0, -38.0, -6.0, -78.0, -17.0, -59.0, 18.0, -44.0, -41.0, -54.0, 14.0, -43.0, 39.0, -4.0, 29.0, 31.0, 17.0, 24.0, -88.0, 24.0, -21.0, 7.0, -8.0, -3.0, 25.0, 39.0, 29.0, 24.0, 46.0, 4.0, 81.0, -16.0, 81.0, 17.0, 65.0, -6.0, 71.0, 0.0, 19.0, -29.0, -45.0, -18.0, 11.0, -23.0, -18.0, -68.0, -47.0, -47.0, -70.0, -23.0, -50.0, 38.0, -35.0, -6.0, -23.0, ' -30.0', ' 34.0', ' -14.0]']","['[-63.0', 36.0, 89.0, 28.0, -69.0, -79.0, 11.0, 87.0, -85.0, 25.0, 28.0, 25.0, 62.0, -1.0, -8.0, -122.0, -38.0, -8.0, -99.0, -34.0, -32.0, 33.0, 46.0, 25.0, 34.0, -2.0, 30.0, -30.0, -31.0, -21.0, -46.0, 42.0, -6.0, 9.0, 48.0, -5.0, 83.0, -30.0, 85.0, -46.0, -80.0, 107.0, -25.0, 30.0, -12.0, -48.0, -18.0, -35.0, 93.0, -10.0, 24.0, 80.0, 48.0, 73.0, -7.0, -32.0, -52.0, -35.0, -2.0, -67.0, 9.0, -6.0, 43.0, 25.0, -18.0, -5.0, -33.0, 10.0, -8.0, -44.0, 6.0, -96.0, 21.0, 33.0, -79.0, 15.0, -75.0, -5.0, 11.0, ' 28.0', ' 66.0', ' -23.0]']","['[64.0', 81.0, -3.0, -85.0, -57.0, 46.0, 91.0, 21.0, -63.0, 10.0, -82.0, -11.0, 0.0, 28.0, 70.0, 3.0, 61.0, -27.0, -7.0, -35.0, -76.0, -26.0, -8.0, 48.0, 13.0, 6.0, 70.0, 28.0, 52.0, -41.0, 15.0, -22.0, 18.0, 39.0, -75.0, 22.0, -28.0, 26.0, 48.0, 20.0, 42.0, -6.0, 7.0, 83.0, 24.0, 39.0, -23.0, -61.0, -80.0, -73.0, 16.0, -59.0, 3.0, 35.0, 43.0, 35.0, -18.0, 12.0, -5.0, -34.0, -41.0, -61.0, 18.0, -43.0, 44.0, -18.0, -23.0, 88.0, -22.0, 77.0, -42.0, 18.0, -44.0, -80.0, 73.0, -23.0, -44.0, -27.0, -61.0, ' 6.0', ' 23.0', ' 116.0]']",,,,,,
1740060653.732147,ble-pd-B43A31EF7B26,6b5cdffe-8c01-5773-dbbc-a9adefe74382,6326,36,-61.0,,-70.0,-69.0,-64.0,-47.0,-57.0,2.8891308412046794,,0.3105493505013769,-1.4135348002129542,-0.6328511564609423,-2.386292818040914,-0.9225531941741688,0.4902775370658228,,0.1021151419616702,0.1581276198579494,0.6957176328732824,0.219021414344096,0.5746031553866047,-3.205430746078491,7.071263313293457,1.8704890012741089,-3.54,6.84,1.96,"['[-64.0', -64.0, 22.0, 80.0, 32.0, -57.0, -70.0, 10.0, 57.0, 12.0, -6.0, -54.0, 31.0, -4.0, -71.0, 5.0, 28.0, 49.0, -2.0, -89.0, 38.0, 11.0, -44.0, 32.0, 4.0, 95.0, 0.0, -65.0, 7.0, 14.0, -13.0, 26.0, -6.0, 66.0, 17.0, -39.0, 22.0, 35.0, 18.0, -4.0, -8.0, 71.0, 16.0, 5.0, -59.0, 39.0, 1.0, -66.0, 4.0, 31.0, 42.0, 10.0, -100.0, 35.0, 20.0, -44.0, 19.0, 3.0, 92.0, 3.0, -92.0, 7.0, 18.0, -12.0, 16.0, -20.0, 65.0, 23.0, -54.0, 17.0, 42.0, 29.0, -15.0, -32.0, 80.0, 21.0, 15.0, -61.0, 43.0, 6.0, -58.0, ' 5.0]']","['[-48.0', 46.0, 76.0, 6.0, -72.0, -55.0, 36.0, 80.0, -59.0, -21.0, -40.0, 29.0, -34.0, -19.0, -7.0, 5.0, -13.0, 16.0, -43.0, 52.0, 3.0, -32.0, 6.0, 41.0, 2.0, -7.0, -13.0, 100.0, 0.0, -25.0, -2.0, 34.0, 51.0, -11.0, -24.0, 67.0, 19.0, -28.0, -44.0, 46.0, 78.0, -43.0, -18.0, -38.0, 13.0, -24.0, -19.0, -28.0, 7.0, -3.0, 28.0, -42.0, 25.0, 13.0, -28.0, -5.0, 48.0, 4.0, 21.0, -12.0, 76.0, 2.0, -21.0, -5.0, 39.0, 47.0, 8.0, -17.0, 56.0, 24.0, -16.0, -37.0, 44.0, 73.0, -22.0, -12.0, -36.0, -2.0, -15.0, -18.0, -43.0, ' 7.0]']","[nan, nan, nan, nan, nan, nan, nan, nan, nan, nan, nan, nan, nan, nan, nan, nan, nan, nan, nan, nan, nan, nan, nan, nan, nan, nan, nan, nan, nan, nan, nan, nan, nan, nan, nan, nan, nan, nan, nan, nan, nan, nan, nan, nan, nan, nan, nan, nan, nan, nan, nan, nan, nan, nan, nan, nan, nan, nan, nan, nan, nan, nan, nan, nan, nan, nan, nan, nan, nan, nan, nan, nan, nan, nan, nan, nan, nan, nan, nan, nan, nan, nan]","[nan, nan, nan, nan, nan, nan, nan, nan, nan, nan, nan, nan, nan, nan, nan, nan, nan, nan, nan, nan, nan, nan, nan, nan, nan, nan, nan, nan, nan, nan, nan, nan, nan, nan, nan, nan, nan, nan, nan, nan, nan, nan, nan, nan, nan, nan, nan, nan, nan, nan, nan, nan, nan, nan, nan, nan, nan, nan, nan, nan, nan, nan, nan, nan, nan, nan, nan, nan, nan, nan, nan, nan, nan, nan, nan, nan, nan, nan, nan, nan, nan, nan]","['[36.0', -25.0, -48.0, 0.0, 48.0, 25.0, -32.0, -46.0, -15.0, -30.0, 8.0, -43.0, 38.0, -6.0, 0.0, 40.0, 15.0, -68.0, -12.0, -42.0, 2.0, 12.0, 50.0, 38.0, -16.0, -44.0, 21.0, 18.0, 26.0, 63.0, -31.0, 104.0, 72.0, 79.0, -33.0, 85.0, 14.0, 29.0, 27.0, 17.0, 21.0, 8.0, 87.0, 8.0, 56.0, -35.0, 16.0, -12.0, -39.0, -27.0, 57.0, 13.0, 11.0, 18.0, -37.0, -22.0, -59.0, 2.0, -3.0, 1.0, -47.0, -30.0, -42.0, 35.0, -49.0, -29.0, -41.0, 38.0, -55.0, 47.0, 15.0, -24.0, 49.0, 13.0, 2.0, -103.0, -23.0, -43.0, 15.0, ' -19.0', ' 17.0', ' 16.0]']","['[-37.0', -43.0, 15.0, 50.0, 14.0, -43.0, -37.0, 18.0, 3.0, -100.0, -24.0, -37.0, 11.0, -18.0, 19.0, 13.0, 23.0, -8.0, -5.0, 33.0, -30.0, 42.0, -22.0, 45.0, 14.0, 59.0, -30.0, 49.0, 16.0, -7.0, -19.0, -49.0, -42.0, -28.0, -20.0, -13.0, -91.0, -58.0, 6.0, -98.0, -49.0, -13.0, 57.0, 23.0, 2.0, 17.0, 11.0, -14.0, 14.0, -7.0, -38.0, -4.0, -52.0, 25.0, -27.0, 49.0, -11.0, -21.0, -74.0, 38.0, -26.0, 3.0, 48.0, -6.0, 105.0, 78.0, 73.0, -7.0, 64.0, 80.0, 64.0, 13.0, 87.0, 49.0, 16.0, 12.0, -11.0, 36.0, -36.0, ' 3.0', ' 3.0', ' -40.0]']","['[-43.0', -50.0, 6.0, 56.0, 33.0, -31.0, -57.0, -12.0, 37.0, -2.0, 73.0, -2.0, 1.0, -58.0, -98.0, -19.0, -64.0, 25.0, -8.0, 46.0, 59.0, 7.0, -10.0, 5.0, 6.0, -17.0, -37.0, -20.0, -56.0, 27.0, -13.0, 56.0, -92.0, -16.0, 87.0, -43.0, 64.0, -39.0, -14.0, -19.0, -24.0, -6.0, 0.0, -74.0, -19.0, -52.0, 57.0, 79.0, 60.0, 50.0, 0.0, 56.0, -26.0, -36.0, -21.0, -20.0, -21.0, -12.0, 19.0, 12.0, 39.0, 54.0, -8.0, 25.0, -42.0, 96.0, -1.0, -56.0, 30.0, -110.0, 48.0, -52.0, 48.0, 46.0, -24.0, 1.0, 53.0, 34.0, 89.0, ' -35.0', ' -38.0', ' -77.0]']","['[-38.0', 25.0, 57.0, 15.0, -45.0, -48.0, 10.0, 56.0, -42.0, 4.0, 24.0, 36.0, 98.0, -17.0, 2.0, -78.0, 2.0, -37.0, -89.0, -24.0, -26.0, 31.0, 56.0, 32.0, 9.0, -7.0, 30.0, -39.0, -11.0, -26.0, -23.0, -5.0, -35.0, 27.0, -30.0, 10.0, 100.0, -28.0, 120.0, -56.0, -52.0, 54.0, -3.0, 18.0, -33.0, -82.0, -20.0, -56.0, 54.0, -38.0, 46.0, 69.0, 46.0, 55.0, -23.0, -54.0, -24.0, -4.0, -6.0, -46.0, 21.0, -18.0, 36.0, 11.0, 37.0, -20.0, -31.0, 74.0, -34.0, -49.0, 3.0, -109.0, 35.0, 32.0, -50.0, 3.0, -57.0, 16.0, 37.0, ' 50.0', ' 91.0', ' -14.0]']",,,,,,
1740060654.731371,ble-pd-B43A31EF7B26,20825f74-9d0f-5154-e2cc-372569cd918d,6327,22,-64.0,-82.0,-82.0,-62.0,-56.0,-48.0,-58.0,2.869568857733612,-1.484796064135458,0.2757591456011268,-1.4619615883169013,0.200859355825349,-2.370846531684653,-1.2610965886275884,0.4567632526438296,0.3709784730060924,0.0950819831941231,0.1603819524311879,0.5148495138564908,0.2821142610957634,0.7534140492750574,-3.2113633155822754,7.069365501403809,1.8670810461044312,-3.54,6.84,1.96,"['[-31.0', -60.0, -9.0, 54.0, 44.0, -25.0, -61.0, -14.0, 67.0, -8.0, -69.0, 3.0, 25.0, 19.0, -94.0, -43.0, 63.0, 61.0, -35.0, -23.0, 57.0, 66.0, -43.0, 8.0, 6.0, 84.0, -7.0, -13.0, 33.0, 84.0, -6.0, 45.0, 2.0, 117.0, 19.0, -24.0, 58.0, 112.0, -6.0, 47.0, -17.0, 73.0, -11.0, -64.0, 3.0, 30.0, 9.0, -90.0, -44.0, 65.0, 57.0, -30.0, -25.0, 60.0, 58.0, -42.0, 2.0, 8.0, 82.0, -6.0, -17.0, 33.0, 78.0, -6.0, 42.0, -4.0, 115.0, 21.0, -28.0, 55.0, 114.0, -6.0, 46.0, -22.0, 76.0, -15.0, -57.0, 3.0, 36.0, 0.0, -87.0, ' -46.0]']","['[-53.0', 12.0, 60.0, 28.0, -42.0, -56.0, 5.0, 60.0, -41.0, 38.0, -74.0, 0.0, -70.0, 105.0, -44.0, 16.0, -14.0, 33.0, -57.0, 20.0, -26.0, 84.0, -9.0, 56.0, -27.0, 14.0, -34.0, 60.0, -3.0, 57.0, -5.0, 53.0, 56.0, 31.0, -27.0, 25.0, 34.0, -18.0, -13.0, 0.0, 60.0, -33.0, 37.0, -77.0, 0.0, -68.0, 107.0, -51.0, 14.0, -10.0, 41.0, -61.0, 17.0, -21.0, 89.0, -13.0, 57.0, -27.0, 22.0, -34.0, 59.0, 0.0, 63.0, -4.0, 56.0, 56.0, 38.0, -27.0, 23.0, 39.0, -8.0, -14.0, 4.0, 56.0, -27.0, 35.0, -84.0, 1.0, -65.0, 108.0, -57.0, ' 8.0]']","['[10.0', -3.0, ' -11.0', 0.0, 11.0, 3.0, -10.0, -6.0, -2.0, 60.0, 58.0, -10.0, 56.0, 7.0, 41.0, 9.0, 33.0, 1.0, 30.0, 3.0, 26.0, 10.0, 12.0, -36.0, 2.0, -11.0, 29.0, 7.0, 7.0, 26.0, -49.0, 21.0, -16.0, -36.0, 22.0, -7.0, -28.0, -17.0, -85.0, -31.0, -5.0, 1.0, 69.0, 65.0, -9.0, 61.0, 4.0, 41.0, 3.0, 32.0, 9.0, 31.0, 3.0, 30.0, 10.0, 16.0, -36.0, 11.0, -11.0, 37.0, 8.0, 19.0, 26.0, -43.0, 18.0, -10.0, -36.0, 39.0, -11.0, -11.0, -17.0, -84.0, -34.0, -4.0, 3.0, 75.0, 69.0, -8.0, 66.0, -3.0, 39.0, ' -3.0]']","['[-4.0', ' -11.0', ' 2.0', 11.0, 0.0, -11.0, -4.0, 9.0, 17.0, 57.0, 38.0, 6.0, 41.0, -42.0, 2.0, -35.0, -4.0, 57.0, -4.0, 1.0, 23.0, 3.0, 45.0, -7.0, 49.0, -4.0, 63.0, 0.0, 98.0, 10.0, 68.0, -10.0, 35.0, 7.0, 110.0, -28.0, 118.0, -7.0, 7.0, -41.0, 12.0, 17.0, 47.0, 28.0, 7.0, 35.0, -44.0, 0.0, -36.0, -7.0, 57.0, -7.0, 0.0, 18.0, 2.0, 45.0, -2.0, 48.0, -2.0, 59.0, 0.0, 97.0, 6.0, 72.0, -15.0, 38.0, 13.0, 106.0, -27.0, 120.0, -4.0, 15.0, -37.0, 12.0, 15.0, 39.0, 19.0, 8.0, 27.0, -44.0, -6.0, ' -36.0]']","['[1.0', ' -5.0', ' -4.0', 1.0, 6.0, 1.0, -5.0, -7.0, -81.0, 39.0, -21.0, 20.0, -1.0, -62.0, 59.0, -76.0, 23.0, -32.0, 13.0, -49.0, 7.0, -31.0, 18.0, -42.0, 9.0, -38.0, 42.0, -28.0, 24.0, 5.0, 13.0, 48.0, 25.0, 32.0, 0.0, 53.0, 6.0, 54.0, 4.0, 105.0, 4.0, 6.0, 22.0, -25.0, 4.0, -29.0, 70.0, -55.0, 97.0, -58.0, 29.0, -47.0, 40.0, -15.0, -21.0, -13.0, -59.0, -3.0, 21.0, -26.0, -17.0, -23.0, -39.0, 2.0, -72.0, -22.0, -59.0, 0.0, -88.0, 13.0, -55.0, 6.0, -68.0, 4.0, 73.0, -67.0, 57.0, -26.0, 40.0, -27.0, 8.0, ' -57.0]']","['[-5.0', ' -3.0', ' 3.0', 6.0, 0.0, -6.0, -3.0, 3.0, 63.0, -60.0, 53.0, -23.0, 41.0, -37.0, 20.0, -62.0, 54.0, -9.0, 50.0, -10.0, 14.0, 58.0, 1.0, 113.0, -4.0, 5.0, -3.0, 46.0, 9.0, 48.0, -15.0, 51.0, 6.0, 50.0, -2.0, 71.0, -24.0, 27.0, -11.0, -5.0, -8.0, -104.0, 69.0, -52.0, 31.0, -26.0, -20.0, 32.0, -17.0, -19.0, -15.0, -23.0, -30.0, -3.0, -63.0, 12.0, -106.0, 9.0, -31.0, 33.0, -52.0, 10.0, -28.0, 20.0, 5.0, 13.0, -8.0, 0.0, -5.0, 21.0, 22.0, 12.0, 82.0, 8.0, 75.0, -29.0, 15.0, -16.0, -4.0, 67.0, -63.0, ' 83.0]']","['[14.0', ' -78.0', -70.0, 28.0, 90.0, 39.0, -63.0, -83.0, 79.0, -3.0, 23.0, 21.0, -58.0, 30.0, -30.0, 97.0, -15.0, 7.0, 73.0, 44.0, 84.0, -12.0, -27.0, -94.0, -18.0, -36.0, -57.0, -1.0, -3.0, 50.0, 30.0, -40.0, 21.0, -26.0, 34.0, -38.0, -56.0, 0.0, -90.0, 58.0, 28.0, -53.0, 15.0, -61.0, -16.0, 14.0, -5.0, 77.0, -12.0, 57.0, 10.0, -19.0, -27.0, -91.0, -14.0, -20.0, 87.0, -3.0, 39.0, 46.0, 35.0, 44.0, -53.0, -12.0, -50.0, 9.0, 21.0, -91.0, 28.0, -15.0, 43.0, 62.0, -33.0, 35.0, -3.0, -18.0, 60.0, 0.0, 37.0, -22.0, -77.0, ' -76.0]']","['[-88.0', -45.0, 57.0, 86.0, 5.0, -81.0, -64.0, 33.0, -5.0, -17.0, 61.0, 0.0, 35.0, -21.0, -77.0, -77.0, -66.0, -21.0, -48.0, -5.0, 43.0, 31.0, 56.0, -30.0, 23.0, -18.0, -9.0, -45.0, -59.0, 23.0, -12.0, 108.0, -32.0, -4.0, 92.0, 0.0, 75.0, -60.0, 5.0, -11.0, -86.0, 58.0, 10.0, -24.0, 14.0, -67.0, 37.0, 30.0, 123.0, 34.0, 20.0, 87.0, 35.0, 29.0, -32.0, -59.0, -50.0, -31.0, -15.0, -33.0, 30.0, 40.0, 17.0, 29.0, -104.0, 37.0, -16.0, -40.0, -26.0, -93.0, 43.0, -66.0, 49.0, 82.0, -80.0, 2.0, -26.0, -21.0, 57.0, -30.0, 32.0, ' -94.0]']",,,,,,
1740060655.730715,ble-pd-B43A31EF7B26,063263de-d38b-d333-099d-1ee745882da6,6328,23,-68.0,-90.0,-71.0,-63.0,-66.0,-48.0,-57.0,2.856516705231133,-1.528764720574612,0.2705705088493254,-1.4820217160698683,-1.997978329819224,-2.4126856070915226,-1.1313363985013538,0.4640766591818371,0.7412898907381472,0.1461858057929524,0.2101302010680316,1.2437585019764632,0.2650967402858731,0.6957176328976952,-3.2228453159332275,7.065834045410156,1.8436707258224487,-3.54,6.84,1.96,"['[-34.0', 21.0, 47.0, 11.0, -40.0, -37.0, 16.0, 48.0, -29.0, 75.0, -81.0, 51.0, -91.0, 103.0, -81.0, 70.0, -7.0, 53.0, -41.0, 61.0, 9.0, 68.0, -56.0, 100.0, -2.0, 13.0, -49.0, 70.0, 53.0, 25.0, -14.0, 49.0, 44.0, 6.0, -23.0, 50.0, 4.0, -46.0, -6.0, 30.0, 48.0, -25.0, 76.0, -85.0, 48.0, -88.0, 105.0, -84.0, 64.0, -1.0, 58.0, -39.0, 60.0, 10.0, 73.0, -61.0, 104.0, 0.0, 22.0, -47.0, 67.0, 57.0, 34.0, -17.0, 50.0, 45.0, 11.0, -23.0, 45.0, 7.0, -40.0, -5.0, 30.0, 48.0, -17.0, 82.0, -87.0, 46.0, -86.0, 107.0, -88.0, ' 54.0]']","['[33.0', 42.0, -5.0, -47.0, -26.0, 30.0, 44.0, -1.0, -75.0, -40.0, 57.0, 40.0, -25.0, -31.0, 55.0, 82.0, -62.0, -100.0, -7.0, 49.0, -29.0, -78.0, 65.0, -41.0, -9.0, -118.0, -31.0, 38.0, -47.0, -105.0, 49.0, -51.0, -13.0, -125.0, -6.0, 48.0, -51.0, -107.0, 8.0, -13.0, 0.0, -78.0, -35.0, 51.0, 41.0, -35.0, -20.0, 50.0, 87.0, -64.0, -97.0, -7.0, 51.0, -29.0, -76.0, 61.0, -35.0, -9.0, -118.0, -34.0, 42.0, -43.0, -103.0, 49.0, -50.0, -13.0, -124.0, -8.0, 54.0, -51.0, -109.0, 7.0, -10.0, 5.0, -81.0, -24.0, 47.0, 46.0, -38.0, -12.0, 43.0, ' 92.0]']","['[-3.0', 0.0, ' 3.0', 1.0, -3.0, -1.0, 2.0, 2.0, -1.0, 55.0, 39.0, 13.0, 36.0, -1.0, 5.0, -5.0, -2.0, 54.0, -8.0, 12.0, 19.0, 22.0, 46.0, 0.0, 34.0, 8.0, 44.0, 9.0, 75.0, 23.0, 49.0, 10.0, 3.0, 5.0, 77.0, -2.0, 122.0, -1.0, 17.0, -31.0, 3.0, -3.0, 50.0, 31.0, 13.0, 31.0, -7.0, 1.0, -8.0, -5.0, 53.0, -10.0, 12.0, 17.0, 22.0, 45.0, 6.0, 34.0, 12.0, 39.0, 8.0, 72.0, 23.0, 56.0, 12.0, 5.0, 9.0, 71.0, 0.0, 124.0, 4.0, 28.0, -26.0, 2.0, -4.0, 47.0, 22.0, 13.0, 23.0, -9.0, -3.0, ' -9.0]']","['[0.0', ' 4.0', ' 0.0', -3.0, -2.0, 3.0, 2.0, -2.0, -10.0, -34.0, -44.0, 2.0, -31.0, -23.0, -33.0, -16.0, -23.0, -9.0, -20.0, -1.0, -17.0, 4.0, 2.0, 26.0, 1.0, 24.0, -23.0, -3.0, -14.0, 2.0, 43.0, 10.0, 12.0, 32.0, -37.0, 18.0, 19.0, 37.0, 86.0, 33.0, -4.0, -9.0, -42.0, -50.0, 0.0, -37.0, -21.0, -34.0, -14.0, -22.0, -17.0, -19.0, -2.0, -19.0, 0.0, -5.0, 25.0, -4.0, 22.0, -30.0, -4.0, -25.0, 0.0, 31.0, 7.0, 12.0, 31.0, -48.0, 18.0, -4.0, 37.0, 83.0, 35.0, -3.0, -9.0, -47.0, -54.0, 0.0, -42.0, -21.0, -34.0, ' -13.0]']","['[22.0', ' 12.0', ' -16.0', -21.0, 3.0, 23.0, 8.0, -19.0, -29.0, 64.0, -15.0, 14.0, -16.0, -50.0, 0.0, -81.0, 12.0, -56.0, 6.0, -57.0, 14.0, -38.0, 9.0, 11.0, -27.0, -50.0, 11.0, -26.0, 3.0, 14.0, 14.0, 64.0, 56.0, 21.0, 11.0, 34.0, 40.0, 61.0, 19.0, 70.0, 25.0, 9.0, 31.0, 33.0, 17.0, 22.0, 60.0, 13.0, 45.0, -31.0, 74.0, -24.0, 52.0, -25.0, -3.0, -32.0, -73.0, 27.0, 25.0, -6.0, -28.0, -3.0, -62.0, 3.0, -81.0, -75.0, -53.0, 2.0, -44.0, -15.0, -27.0, -13.0, -11.0, -11.0, 17.0, -107.0, -25.0, -38.0, -14.0, -26.0, -19.0, ' 23.0]']","['[7.0', ' -19.0', ' -17.0', 9.0, 23.0, 2.0, -21.0, -16.0, 11.0, -99.0, -28.0, -37.0, -15.0, -35.0, -19.0, 10.0, 29.0, -51.0, 26.0, -23.0, 20.0, 34.0, 33.0, 86.0, -15.0, 8.0, 0.0, 60.0, 2.0, 66.0, -17.0, 51.0, 50.0, 52.0, -12.0, 28.0, -11.0, -17.0, 1.0, -47.0, -5.0, -31.0, 113.0, 6.0, 35.0, -3.0, -14.0, 13.0, -68.0, -11.0, -10.0, -11.0, -30.0, -1.0, -52.0, -13.0, -45.0, -10.0, -45.0, 9.0, -59.0, 1.0, -30.0, 22.0, 14.0, 11.0, -18.0, 16.0, 7.0, 38.0, 59.0, 12.0, 84.0, 20.0, 28.0, -51.0, 20.0, -8.0, 18.0, 55.0, 2.0, ' 78.0]']","['[-31.0', ' 70.0', 78.0, -11.0, -88.0, -50.0, 50.0, 88.0, -76.0, 31.0, -12.0, -20.0, 51.0, -53.0, -16.0, -108.0, 17.0, -21.0, -102.0, -16.0, -63.0, 28.0, 46.0, 61.0, 60.0, -15.0, 66.0, -23.0, -40.0, -10.0, -32.0, 79.0, -37.0, 32.0, 14.0, 32.0, 120.0, -25.0, 46.0, -55.0, -42.0, 67.0, -39.0, 62.0, 0.0, -26.0, 36.0, -23.0, 76.0, -65.0, 36.0, 40.0, 19.0, 94.0, -17.0, -6.0, -88.0, -11.0, 1.0, -89.0, 3.0, -30.0, 38.0, 32.0, -1.0, 12.0, -27.0, 70.0, -50.0, -71.0, -19.0, -74.0, 33.0, -26.0, -16.0, 23.0, -70.0, 21.0, -13.0, 4.0, 48.0, ' -5.0]']","['[85.0', 57.0, -45.0, -90.0, -21.0, 75.0, 74.0, -19.0, -19.0, 22.0, -71.0, 20.0, -12.0, 1.0, 47.0, -1.0, 74.0, -30.0, 43.0, -12.0, -70.0, -2.0, -34.0, 62.0, -42.0, 15.0, 59.0, 19.0, 79.0, -44.0, -13.0, -75.0, 16.0, 7.0, -113.0, 38.0, -9.0, 51.0, 58.0, 10.0, 79.0, -42.0, 5.0, 38.0, -28.0, 47.0, -38.0, -44.0, -76.0, -39.0, 7.0, -104.0, -5.0, 0.0, 22.0, 57.0, 5.0, 73.0, -21.0, 5.0, -29.0, -83.0, 24.0, -16.0, 110.0, -38.0, 19.0, 90.0, -4.0, 97.0, -55.0, -6.0, -47.0, -87.0, 78.0, -32.0, 17.0, 18.0, -52.0, 53.0, 16.0, ' 106.0]']",,,,,,
1740060656.731442,ble-pd-B43A31EF7B26,2636d5d2-6e7c-2339-f7af-651b6c437363,6329,29,-67.0,-81.0,-73.0,-70.0,,,-58.0,2.727617577942426,-1.536933434586212,0.3055956045577205,-1.503693722072606,,,-0.9305683935921856,0.3663122485916237,0.4621205007821466,0.1497171740431543,0.2436391591678446,,,0.5232471050777611,,,,-3.54,6.84,1.96,"['[27.0', -40.0, -52.0, 6.0, 56.0, 31.0, -36.0, -54.0, 68.0, -47.0, 63.0, -63.0, 86.0, -81.0, 34.0, -67.0, 3.0, -36.0, 42.0, -88.0, 0.0, -34.0, 29.0, -93.0, -28.0, 10.0, 52.0, -100.0, -34.0, 8.0, -4.0, -60.0, -53.0, 20.0, 23.0, -67.0, 16.0, 73.0, 11.0, -85.0, -58.0, 60.0, -50.0, 68.0, -55.0, 82.0, -88.0, 41.0, -55.0, -3.0, -53.0, 38.0, -77.0, -4.0, -46.0, 40.0, -106.0, -26.0, -8.0, 48.0, -93.0, -42.0, -10.0, 6.0, -68.0, -58.0, 4.0, 21.0, -62.0, 11.0, 55.0, 11.0, -89.0, -57.0, 51.0, -52.0, 69.0, -42.0, 74.0, -92.0, 46.0, ' -45.0]']","['[-50.0', -41.0, 24.0, 57.0, 12.0, -48.0, -45.0, 19.0, 39.0, 23.0, -27.0, -39.0, 12.0, 42.0, -36.0, -55.0, 41.0, 84.0, 11.0, -56.0, 33.0, 84.0, -51.0, 72.0, 0.0, 102.0, 15.0, -28.0, 53.0, 97.0, -56.0, 54.0, 25.0, 88.0, 15.0, -34.0, 26.0, 98.0, 4.0, 34.0, 10.0, 52.0, 13.0, -16.0, -49.0, 29.0, 28.0, -29.0, -65.0, 41.0, 76.0, 20.0, -71.0, 33.0, 79.0, -45.0, 50.0, -5.0, 102.0, 25.0, -48.0, 46.0, 98.0, -54.0, 43.0, 15.0, 90.0, 19.0, -45.0, 28.0, 109.0, 5.0, 21.0, 0.0, 62.0, 5.0, -4.0, -60.0, 42.0, 10.0, -23.0, ' -70.0]']","['[0.0', 11.0, ' 3.0', -10.0, -7.0, 8.0, 9.0, -4.0, -5.0, -31.0, -24.0, -7.0, -30.0, -11.0, -6.0, 0.0, 0.0, -19.0, 4.0, -7.0, -24.0, -17.0, -39.0, 1.0, -33.0, -14.0, -35.0, -20.0, -56.0, -14.0, -39.0, -6.0, -2.0, -9.0, -59.0, 15.0, -125.0, 19.0, -12.0, 36.0, -8.0, -3.0, -29.0, -19.0, -5.0, -27.0, -7.0, -5.0, 0.0, 2.0, -18.0, 7.0, -5.0, -21.0, -18.0, -40.0, -1.0, -33.0, -14.0, -34.0, -21.0, -54.0, -16.0, -43.0, -6.0, -6.0, -11.0, -55.0, 13.0, -125.0, 18.0, -21.0, 35.0, -8.0, -2.0, -25.0, -13.0, -7.0, -21.0, -4.0, 0.0, ' 0.0]']","['[10.0', ' 1.0', ' -9.0', -5.0, 9.0, 8.0, -6.0, -11.0, 11.0, 24.0, 43.0, 2.0, 32.0, 29.0, 22.0, 10.0, 16.0, 20.0, 20.0, 9.0, 15.0, -15.0, -6.0, -31.0, -6.0, -5.0, 13.0, -2.0, 10.0, -8.0, -37.0, -8.0, -28.0, -20.0, 45.0, -24.0, 5.0, -19.0, -76.0, -15.0, -10.0, 12.0, 26.0, 48.0, 2.0, 37.0, 30.0, 24.0, 10.0, 15.0, 22.0, 19.0, 10.0, 19.0, -13.0, -2.0, -31.0, -2.0, -3.0, 17.0, 0.0, 17.0, -7.0, -31.0, -5.0, -27.0, -19.0, 52.0, -26.0, 22.0, -22.0, -73.0, -20.0, -7.0, 12.0, 30.0, 50.0, 3.0, 39.0, 33.0, 23.0, ' 10.0]']","['[21.0', ' 11.0', ' -14.0', -19.0, 4.0, 22.0, 7.0, -16.0, 16.0, 103.0, 0.0, 22.0, -1.0, -29.0, -2.0, -62.0, 15.0, -41.0, -1.0, -45.0, 2.0, -67.0, -10.0, -51.0, -33.0, -45.0, 13.0, -36.0, -18.0, -19.0, 21.0, 24.0, 26.0, 15.0, 19.0, 21.0, 54.0, 43.0, 17.0, 56.0, 22.0, -8.0, -37.0, 6.0, 5.0, 15.0, 58.0, -4.0, 49.0, -5.0, 67.0, -9.0, 48.0, -1.0, 30.0, -19.0, -18.0, 55.0, 37.0, -14.0, -6.0, -1.0, -34.0, -15.0, -67.0, -66.0, -63.0, -11.0, -64.0, -47.0, -75.0, -22.0, -77.0, -15.0, -3.0, -56.0, -8.0, -31.0, -20.0, -53.0, 8.0, ' -6.0]']","['[6.0', ' -19.0', ' -16.0', 8.0, 21.0, 2.0, -20.0, -13.0, -4.0, -59.0, -7.0, -32.0, -19.0, -53.0, 7.0, -6.0, -7.0, -53.0, 16.0, -20.0, 0.0, 22.0, 40.0, 78.0, -43.0, -5.0, 4.0, 45.0, 19.0, 66.0, 0.0, 68.0, 68.0, 74.0, -4.0, 68.0, 9.0, 64.0, 11.0, 53.0, -3.0, 14.0, 114.0, 6.0, 39.0, 12.0, 16.0, -8.0, -38.0, 16.0, 8.0, -13.0, -17.0, 1.0, -64.0, -36.0, -91.0, 5.0, -27.0, 5.0, -57.0, -25.0, -60.0, 13.0, -29.0, -30.0, -40.0, 15.0, -32.0, 29.0, -14.0, 3.0, 2.0, 18.0, -16.0, -108.0, 0.0, -25.0, 1.0, 28.0, 2.0, ' 62.0]']","['[-5.0', ' 43.0', 35.0, -15.0, -48.0, -18.0, 34.0, 42.0, -67.0, 54.0, -20.0, 10.0, 41.0, -26.0, 59.0, -76.0, 30.0, -5.0, -43.0, -30.0, -90.0, 21.0, 25.0, -3.0, -17.0, -6.0, 59.0, -23.0, 25.0, -16.0, -47.0, -2.0, -11.0, 7.0, -93.0, 24.0, 50.0, -15.0, 110.0, -64.0, -19.0, 64.0, -57.0, 68.0, -10.0, 10.0, 5.0, -83.0, 89.0, -34.0, 15.0, 1.0, 34.0, 78.0, -9.0, 17.0, 0.0, 39.0, 8.0, -36.0, 7.0, -71.0, 24.0, 14.0, -2.0, -69.0, 6.0, 100.0, -30.0, 25.0, -31.0, -83.0, 6.0, -12.0, -34.0, 34.0, -84.0, 4.0, -59.0, 16.0, 71.0, ' -63.0]']","['[48.0', 20.0, -32.0, -44.0, 0.0, 45.0, 33.0, -21.0, -18.0, 21.0, -81.0, 3.0, -69.0, 20.0, 62.0, -47.0, 13.0, -17.0, 51.0, -19.0, -14.0, -11.0, -58.0, 2.0, -39.0, -6.0, -15.0, 15.0, 79.0, -17.0, 38.0, 8.0, 122.0, -19.0, -43.0, 15.0, -106.0, 67.0, 0.0, 69.0, 45.0, -26.0, 15.0, 46.0, 6.0, 81.0, -32.0, -11.0, -15.0, 9.0, 10.0, -68.0, -5.0, -48.0, 22.0, 62.0, -3.0, 18.0, 2.0, 48.0, -28.0, -46.0, 1.0, -60.0, -7.0, -102.0, 18.0, -26.0, 3.0, 113.0, -62.0, 72.0, -96.0, -46.0, 59.0, -47.0, 4.0, -9.0, -56.0, 29.0, -45.0, ' 66.0]']",,,,,,
1740060657.731383,ble-pd-B43A31EF7B26,3b95b29b-5c52-e671-1e90-eb202fb67779,6330,11,-66.0,-90.0,-69.0,-72.0,-53.0,-50.0,-62.0,2.666800033392722,-1.5581079620973228,0.3474365284439554,-1.4939295082519397,-1.0359865673877169,-2.368788815670728,-0.5911870600006446,0.3933840467310925,0.8674796510918622,0.1522933163446152,0.2561472445043765,0.9506573206213652,0.2154910312616108,0.7101443879343742,-3.2202391624450684,7.052830696105957,1.816325306892395,-3.54,6.84,1.96,"['[-14.0', 21.0, 28.0, -2.0, -30.0, -16.0, 20.0, 29.0, -13.0, -60.0, 18.0, -1.0, -10.0, -77.0, 61.0, 23.0, -32.0, -68.0, -14.0, 26.0, -16.0, -115.0, 50.0, -41.0, -9.0, -59.0, -8.0, 34.0, -44.0, -77.0, -2.0, 0.0, -30.0, -85.0, -12.0, 17.0, 5.0, -67.0, -18.0, 3.0, 27.0, -11.0, -71.0, 23.0, -1.0, -9.0, -87.0, 67.0, 15.0, -32.0, -70.0, -12.0, 28.0, -20.0, -117.0, 52.0, -43.0, -9.0, -61.0, -4.0, 32.0, -43.0, -75.0, -1.0, 0.0, -30.0, -85.0, -12.0, 15.0, 8.0, -61.0, -13.0, 2.0, 27.0, -10.0, -75.0, 28.0, -2.0, -7.0, -93.0, 70.0, ' 9.0]']","['[27.0', 23.0, -13.0, -30.0, -8.0, 26.0, 24.0, -9.0, 5.0, -68.0, 53.0, -3.0, 14.0, -93.0, 47.0, -68.0, 10.0, -23.0, 14.0, 13.0, -32.0, -18.0, 18.0, -31.0, 3.0, -21.0, 29.0, -19.0, 0.0, 19.0, 16.0, -3.0, -3.0, 19.0, -4.0, -14.0, 16.0, 44.0, 41.0, -18.0, -12.0, 7.0, -57.0, 51.0, -3.0, 15.0, -81.0, 39.0, -71.0, 11.0, -15.0, 16.0, 10.0, -30.0, -2.0, 12.0, -27.0, 3.0, -17.0, 29.0, -23.0, 2.0, 26.0, 16.0, -3.0, -1.0, 25.0, -2.0, -16.0, 15.0, 51.0, 44.0, -19.0, -15.0, 7.0, -51.0, 49.0, -3.0, 16.0, -74.0, 34.0, ' -73.0]']","['[1.0', -3.0, ' -2.0', 4.0, 3.0, -3.0, -4.0, 3.0, -18.0, 62.0, -29.0, -1.0, -15.0, -27.0, -38.0, -34.0, -8.0, 13.0, -26.0, 5.0, 27.0, 9.0, 63.0, -28.0, 56.0, 17.0, 59.0, 8.0, 55.0, 21.0, 35.0, -10.0, 62.0, 49.0, 58.0, 51.0, 115.0, 56.0, 47.0, 6.0, 3.0, -28.0, 46.0, -45.0, -4.0, -22.0, -37.0, -38.0, -33.0, -11.0, 4.0, -30.0, 0.0, 21.0, 4.0, 56.0, -25.0, 39.0, 19.0, 47.0, 5.0, 48.0, 17.0, 40.0, -8.0, 63.0, 45.0, 33.0, 54.0, 102.0, 58.0, 66.0, 4.0, 4.0, -36.0, 23.0, -61.0, -9.0, -31.0, -43.0, -36.0, ' -27.0]']","['[-5.0', ' -1.0', ' 5.0', 3.0, -3.0, -3.0, 3.0, 3.0, -42.0, -75.0, -79.0, -23.0, -45.0, -42.0, -1.0, 9.0, -11.0, -45.0, -19.0, -38.0, -28.0, -32.0, -23.0, 11.0, -71.0, 19.0, -65.0, -20.0, -32.0, -25.0, 24.0, 12.0, 12.0, -15.0, -96.0, 18.0, -49.0, 19.0, 87.0, -11.0, 1.0, -36.0, -89.0, -74.0, -22.0, -42.0, -33.0, 5.0, 17.0, -8.0, -48.0, -12.0, -38.0, -35.0, -34.0, -37.0, 18.0, -81.0, 14.0, -76.0, -23.0, -42.0, -29.0, 17.0, 14.0, -2.0, -23.0, -108.0, 7.0, -72.0, 7.0, 75.0, -12.0, 0.0, -28.0, -96.0, -61.0, -21.0, -36.0, -25.0, 14.0, ' 24.0]']","['[-13.0', ' 24.0', ' 26.0', -11.0, -32.0, -6.0, 28.0, 24.0, 24.0, 3.0, 31.0, 28.0, 44.0, 55.0, 3.0, 67.0, -4.0, 60.0, -27.0, 60.0, -49.0, 60.0, -41.0, -41.0, 13.0, 67.0, -14.0, -19.0, -30.0, -48.0, -31.0, -63.0, -10.0, -80.0, 15.0, -73.0, -9.0, -69.0, -34.0, -29.0, 5.0, 26.0, -106.0, 30.0, -61.0, 22.0, -25.0, 25.0, 44.0, -3.0, -43.0, 18.0, 18.0, 48.0, 6.0, 48.0, 64.0, 15.0, -14.0, 4.0, 45.0, 20.0, 94.0, 23.0, 50.0, 4.0, 88.0, -30.0, 86.0, -28.0, 60.0, -20.0, -15.0, -32.0, -52.0, 108.0, -66.0, 36.0, -70.0, -26.0, -31.0, ' -114.0]']","['[29.0', ' 21.0', ' -17.0', -30.0, 1.0, 31.0, 14.0, -22.0, -44.0, 120.0, -57.0, 54.0, -55.0, -4.0, -33.0, -93.0, 6.0, 13.0, -3.0, -61.0, -25.0, -46.0, -30.0, -50.0, -25.0, -26.0, 3.0, -41.0, -5.0, -81.0, -6.0, -17.0, 1.0, -54.0, 25.0, -56.0, 39.0, -28.0, 45.0, 35.0, 34.0, 44.0, -59.0, 58.0, -6.0, 68.0, 48.0, 21.0, 105.0, -7.0, 44.0, -22.0, 83.0, -29.0, 75.0, -18.0, -7.0, 24.0, 71.0, -14.0, 4.0, -22.0, 3.0, -22.0, -43.0, -9.0, -39.0, -1.0, -32.0, -31.0, -44.0, -52.0, -44.0, -12.0, -1.0, -56.0, -5.0, -49.0, -18.0, -47.0, 10.0, ' -20.0]']","['[2.0', ' 20.0', 12.0, -11.0, -20.0, -3.0, 18.0, 16.0, -56.0, -13.0, 0.0, 44.0, 44.0, -25.0, -28.0, -78.0, 33.0, -50.0, -48.0, 26.0, -67.0, 63.0, -15.0, 78.0, 19.0, -10.0, 61.0, -8.0, -18.0, -8.0, -33.0, 17.0, -93.0, 21.0, -29.0, 27.0, 47.0, -43.0, 114.0, -92.0, 4.0, 84.0, 8.0, 71.0, -39.0, 13.0, -39.0, 15.0, 26.0, -47.0, 25.0, -4.0, 12.0, 79.0, -39.0, 41.0, -90.0, 46.0, -22.0, -64.0, 0.0, -42.0, 43.0, -6.0, 30.0, 3.0, 6.0, 61.0, -20.0, 7.0, -23.0, -88.0, 37.0, -23.0, -34.0, 4.0, -78.0, -2.0, -58.0, 66.0, 11.0, ' 46.0]']","['[21.0', 5.0, -17.0, -17.0, 4.0, 20.0, 9.0, -15.0, -63.0, -1.0, -84.0, 18.0, -43.0, 61.0, -1.0, 17.0, 34.0, 1.0, 36.0, -32.0, -51.0, 6.0, -39.0, 57.0, -63.0, 33.0, 36.0, 4.0, 63.0, -44.0, 28.0, -46.0, 50.0, -22.0, -54.0, 6.0, -42.0, 52.0, 34.0, 12.0, 23.0, -13.0, -10.0, 46.0, 27.0, 60.0, -54.0, -23.0, -76.0, 8.0, -44.0, -61.0, 40.0, -29.0, 51.0, 7.0, 35.0, 48.0, -27.0, 32.0, -9.0, -52.0, 15.0, -43.0, 39.0, -106.0, 30.0, 2.0, 19.0, 63.0, -63.0, 82.0, -83.0, -9.0, 79.0, 12.0, 33.0, -48.0, -20.0, -4.0, 25.0, ' 65.0]']",,,,,,
1740060658.730355,ble-pd-B43A31EF7B26,c4a35f7f-cb29-708e-b58a-2f7ae0d7734b,6331,33,-63.0,-77.0,-70.0,-67.0,-58.0,-50.0,-58.0,2.7953678634418235,-1.533971733137935,0.3562364116339042,-1.4873352550767944,-0.9149008054087095,-2.353897040783973,-0.0923901547561081,0.4944047376756595,0.6737313528372352,0.1607719723728299,0.2254858214658603,0.5021740092526361,0.1995996247825868,0.7134693982222438,-3.232334613800049,7.049329280853272,1.7918477058410645,-3.54,6.84,1.96,"['[-67.0', -65.0, 21.0, 81.0, 34.0, -58.0, -71.0, 13.0, 83.0, -9.0, -18.0, -69.0, 52.0, 7.0, -50.0, -9.0, 62.0, 60.0, -9.0, -80.0, 54.0, 10.0, -26.0, 21.0, 25.0, 120.0, 14.0, -34.0, 10.0, 26.0, -24.0, 31.0, 13.0, 94.0, 8.0, -19.0, 44.0, 66.0, -29.0, -15.0, -5.0, 98.0, -12.0, -2.0, -73.0, 67.0, 4.0, -40.0, -16.0, 60.0, 48.0, 2.0, -98.0, 58.0, 3.0, -22.0, 0.0, 25.0, 115.0, 19.0, -62.0, 7.0, 15.0, -15.0, 17.0, 4.0, 91.0, 11.0, -31.0, 40.0, 59.0, -23.0, -21.0, -27.0, 105.0, -13.0, 13.0, -74.0, 81.0, 0.0, -27.0, ' -17.0]']","['[-47.0', 46.0, 79.0, 7.0, -73.0, -56.0, 39.0, 81.0, -61.0, 9.0, -63.0, 29.0, -75.0, 15.0, -38.0, 25.0, 2.0, 47.0, -47.0, 79.0, -24.0, 26.0, -21.0, 70.0, -7.0, 7.0, -15.0, 111.0, 14.0, 39.0, -34.0, 59.0, 35.0, 3.0, -14.0, 59.0, 8.0, 24.0, -27.0, 28.0, 81.0, -37.0, 5.0, -66.0, 12.0, -62.0, 17.0, -51.0, 22.0, 15.0, 63.0, -48.0, 56.0, -8.0, 28.0, -26.0, 74.0, 0.0, 32.0, -10.0, 99.0, 15.0, 43.0, -39.0, 64.0, 36.0, 22.0, -13.0, 53.0, 19.0, 37.0, -32.0, 24.0, 77.0, -9.0, 1.0, -64.0, -4.0, -43.0, 16.0, -60.0, ' 15.0]']","['[-11.0', 18.0, ' 15.0', -14.0, -18.0, 8.0, 22.0, 0.0, -12.0, -14.0, -26.0, 8.0, -35.0, 5.0, 21.0, 0.0, 0.0, -3.0, 2.0, 0.0, -3.0, 4.0, -12.0, 14.0, -35.0, -19.0, -26.0, -16.0, -50.0, -19.0, -57.0, -15.0, -18.0, -9.0, -41.0, 26.0, -110.0, 4.0, -39.0, 31.0, -5.0, -13.0, -10.0, -17.0, 6.0, -27.0, 7.0, 21.0, 1.0, 1.0, 0.0, 2.0, 3.0, 0.0, 4.0, -10.0, 10.0, -35.0, -19.0, -25.0, -16.0, -48.0, -16.0, -59.0, -13.0, -24.0, -13.0, -37.0, 25.0, -105.0, 4.0, -43.0, 29.0, -5.0, -16.0, -6.0, -10.0, 5.0, -23.0, 9.0, 28.0, ' 6.0]']","['[19.0', ' 12.0', ' -17.0', -17.0, 11.0, 21.0, -5.0, -22.0, -20.0, 43.0, 56.0, -6.0, 54.0, 27.0, 34.0, 29.0, 25.0, 40.0, 22.0, 27.0, 29.0, 2.0, 38.0, -41.0, -15.0, 2.0, 0.0, -2.0, 19.0, 21.0, -19.0, 16.0, -54.0, -24.0, 43.0, -18.0, 46.0, -10.0, -45.0, -10.0, -21.0, -17.0, 43.0, 59.0, -6.0, 58.0, 28.0, 31.0, 30.0, 25.0, 40.0, 21.0, 26.0, 29.0, 1.0, 40.0, -42.0, -12.0, 5.0, 0.0, 0.0, 26.0, 21.0, -13.0, 18.0, -52.0, -21.0, 48.0, -20.0, 55.0, -10.0, -41.0, -10.0, -19.0, -18.0, 44.0, 62.0, -7.0, 62.0, 26.0, 28.0, ' 28.0]']","['[25.0', ' -21.0', ' -38.0', 1.0, 38.0, 19.0, -28.0, -34.0, 31.0, -79.0, 24.0, -48.0, 20.0, -19.0, 2.0, 51.0, 8.0, -45.0, 13.0, -5.0, 4.0, 29.0, 44.0, 83.0, -53.0, 8.0, -48.0, 66.0, -17.0, 66.0, -42.0, 44.0, 71.0, 65.0, -6.0, 66.0, -12.0, 15.0, 9.0, -36.0, 9.0, -19.0, 120.0, 1.0, 45.0, -5.0, 5.0, 11.0, -66.0, 8.0, -8.0, 18.0, -43.0, 25.0, -57.0, -8.0, -50.0, 17.0, -32.0, 53.0, -62.0, 29.0, -35.0, 55.0, 25.0, -30.0, -28.0, 7.0, -13.0, 40.0, 14.0, -7.0, 76.0, 15.0, -2.0, -100.0, -24.0, -21.0, -12.0, 13.0, -19.0, ' 46.0]']","['[-30.0', ' -32.0', ' 12.0', 40.0, 9.0, -35.0, -27.0, 19.0, -7.0, -92.0, -25.0, -15.0, -14.0, 14.0, -19.0, 41.0, -23.0, 64.0, -40.0, 67.0, -46.0, 51.0, -40.0, -18.0, 32.0, 39.0, -27.0, 21.0, -23.0, -25.0, -35.0, -87.0, -35.0, -30.0, -2.0, -51.0, -46.0, -38.0, 1.0, -72.0, -38.0, 25.0, 14.0, 34.0, -19.0, 25.0, -25.0, 15.0, 4.0, 22.0, -78.0, 37.0, -52.0, 38.0, -19.0, 59.0, 70.0, -60.0, -24.0, -13.0, 30.0, 3.0, 62.0, -2.0, 95.0, 73.0, 66.0, -2.0, 81.0, 26.0, 39.0, 6.0, 29.0, 35.0, -31.0, 67.0, -26.0, 45.0, -22.0, 22.0, -5.0, ' -50.0]']","['[44.0', ' 36.0', -18.0, -49.0, -20.0, 35.0, 44.0, -2.0, -51.0, 46.0, -58.0, 46.0, -5.0, 1.0, 55.0, -16.0, 51.0, -72.0, -10.0, -8.0, -78.0, 8.0, 1.0, 4.0, -24.0, -56.0, 52.0, -31.0, 47.0, -36.0, -24.0, -47.0, 36.0, 19.0, -82.0, 16.0, 31.0, -22.0, 107.0, -19.0, 33.0, 29.0, -23.0, 63.0, -49.0, 46.0, -18.0, -67.0, -4.0, -43.0, 73.0, -40.0, 24.0, 53.0, 14.0, 23.0, 27.0, 34.0, 26.0, -28.0, 27.0, -71.0, 40.0, -8.0, 43.0, -95.0, -16.0, 79.0, -27.0, 35.0, -12.0, -70.0, -22.0, -51.0, 4.0, -10.0, -45.0, 32.0, -69.0, 28.0, 54.0, ' 21.0]']","['[22.0', -33.0, -45.0, -1.0, 45.0, 34.0, -21.0, -51.0, 21.0, -28.0, -25.0, 18.0, -71.0, 29.0, 37.0, 32.0, 2.0, -25.0, 82.0, -31.0, 17.0, -35.0, -44.0, -49.0, -23.0, 30.0, -22.0, -3.0, 56.0, -17.0, 48.0, -7.0, 114.0, 0.0, -20.0, 23.0, -103.0, 47.0, -31.0, 64.0, 39.0, -48.0, 50.0, -10.0, 12.0, 56.0, -24.0, 0.0, -35.0, 28.0, -21.0, -73.0, 20.0, -59.0, 33.0, 36.0, 41.0, 3.0, -60.0, 49.0, -15.0, -18.0, -6.0, -54.0, -20.0, -72.0, 10.0, -31.0, -8.0, 102.0, -51.0, 87.0, -63.0, -11.0, 56.0, -54.0, 46.0, -40.0, -19.0, 8.0, -39.0, ' 28.0]']",,,,,,
1740060659.731423,ble-pd-B43A31EF7B26,2f65d631-4bdb-2831-ec11-ff847e27df1a,6332,19,-70.0,-84.0,-69.0,-62.0,-54.0,-53.0,-62.0,2.601149916728961,-1.5271580354889671,0.3219079988666739,-1.5117754838746151,-0.8521817547970099,-2.3713728376801697,-0.4598483034033884,0.496511131650344,0.8163802476759668,0.2469729042204057,0.2051737919632851,0.3499088370461666,0.2029793442904677,0.8005963783985501,-3.237386703491211,7.036646842956543,1.7707481384277344,-3.54,6.84,1.96,"['[-2.0', 28.0, 20.0, -13.0, -30.0, -6.0, 25.0, 24.0, -48.0, -24.0, -51.0, 69.0, -44.0, 47.0, -33.0, 111.0, -31.0, -24.0, -28.0, 78.0, 23.0, -33.0, 13.0, 33.0, 2.0, -9.0, -41.0, 74.0, 2.0, -67.0, 17.0, -22.0, 12.0, -19.0, -35.0, 53.0, -7.0, -103.0, -49.0, 3.0, 24.0, -45.0, -23.0, -54.0, 69.0, -45.0, 52.0, -38.0, 112.0, -29.0, -21.0, -28.0, 79.0, 24.0, -24.0, 3.0, 33.0, 3.0, -5.0, -41.0, 75.0, 5.0, -65.0, 16.0, -17.0, 13.0, -12.0, -34.0, 53.0, -7.0, -102.0, -49.0, 2.0, 26.0, -44.0, -14.0, -56.0, 69.0, -47.0, 58.0, -44.0, ' 112.0]']","['[30.0', 12.0, -21.0, -27.0, 3.0, 30.0, 16.0, -21.0, -38.0, -96.0, 60.0, 0.0, 17.0, -95.0, 118.0, -19.0, -22.0, -92.0, -8.0, 19.0, -27.0, -96.0, 82.0, -93.0, -4.0, -87.0, -4.0, 6.0, -59.0, -69.0, 8.0, -54.0, -13.0, -112.0, -15.0, 37.0, 2.0, -33.0, 1.0, -4.0, -19.0, -42.0, -96.0, 59.0, 4.0, 15.0, -93.0, 117.0, -11.0, -26.0, -94.0, -9.0, 20.0, -26.0, -100.0, 83.0, -92.0, -4.0, -87.0, -6.0, 13.0, -58.0, -71.0, 10.0, -56.0, -12.0, -113.0, -19.0, 38.0, 2.0, -36.0, -1.0, -3.0, -18.0, -43.0, -98.0, 54.0, 8.0, 11.0, -89.0, 115.0, ' -6.0]']","['[-8.0', 2.0, ' 7.0', 1.0, -7.0, -4.0, 7.0, 5.0, -24.0, -43.0, -40.0, 14.0, -33.0, 19.0, 8.0, 23.0, 15.0, -42.0, 8.0, -20.0, -22.0, -20.0, -43.0, 0.0, -64.0, 31.0, -65.0, 3.0, -81.0, -37.0, -28.0, 5.0, 0.0, -7.0, -92.0, -4.0, -98.0, -21.0, 41.0, 23.0, 3.0, -26.0, -39.0, -33.0, 16.0, -27.0, 22.0, 16.0, 25.0, 16.0, -39.0, 9.0, -18.0, -21.0, -18.0, -45.0, 0.0, -65.0, 28.0, -63.0, 7.0, -82.0, -34.0, -34.0, 5.0, -2.0, -8.0, -92.0, -4.0, -104.0, -28.0, 28.0, 19.0, 2.0, -26.0, -36.0, -25.0, 17.0, -20.0, 28.0, 21.0, ' 25.0]']","['[2.0', ' 9.0', ' -1.0', -8.0, -2.0, 8.0, 4.0, -7.0, 0.0, 18.0, 53.0, 17.0, 50.0, 33.0, 48.0, 7.0, 14.0, 14.0, 25.0, 19.0, 4.0, 21.0, -17.0, -11.0, -5.0, -24.0, 5.0, 24.0, -7.0, 22.0, -48.0, -2.0, -38.0, -6.0, 12.0, -2.0, -66.0, -52.0, -78.0, -40.0, -8.0, 0.0, 25.0, 57.0, 14.0, 55.0, 28.0, 47.0, 4.0, 11.0, 19.0, 23.0, 21.0, 8.0, 23.0, -10.0, -12.0, 2.0, -27.0, 16.0, 22.0, 4.0, 27.0, -43.0, -1.0, -40.0, -5.0, 21.0, -2.0, -53.0, -50.0, -84.0, -41.0, -11.0, 4.0, 30.0, 61.0, 12.0, 56.0, 26.0, 47.0, ' 0.0]']","['[-18.0', ' 20.0', ' 27.0', -4.0, -29.0, -10.0, 23.0, 26.0, 1.0, -7.0, 1.0, -4.0, 18.0, 64.0, 14.0, 80.0, -10.0, 60.0, -11.0, 64.0, -7.0, 12.0, -3.0, -31.0, 5.0, 6.0, -23.0, -53.0, -24.0, -49.0, -1.0, -57.0, -59.0, -43.0, -4.0, -52.0, -13.0, -51.0, 2.0, -44.0, -4.0, 10.0, -90.0, -3.0, -26.0, -8.0, -24.0, -24.0, -8.0, 25.0, -37.0, 18.0, -14.0, 21.0, 21.0, 22.0, 59.0, 8.0, 21.0, 23.0, 85.0, 38.0, 82.0, 3.0, 77.0, 19.0, 25.0, -33.0, 12.0, -33.0, 0.0, -14.0, -19.0, -21.0, -14.0, 121.0, 1.0, 38.0, -8.0, -33.0, 18.0, ' -70.0]']","['[25.0', ' 22.0', ' -12.0', -29.0, -2.0, 28.0, 17.0, -16.0, -14.0, 121.0, 2.0, 39.0, -5.0, -22.0, 19.0, -58.0, -22.0, 0.0, -14.0, -32.0, -21.0, -39.0, -25.0, -51.0, -16.0, -33.0, -10.0, -66.0, -28.0, -66.0, -2.0, -50.0, 26.0, 3.0, 48.0, 27.0, 51.0, 40.0, 17.0, 62.0, 31.0, 10.0, -82.0, 0.0, -28.0, 18.0, 64.0, -1.0, 100.0, 7.0, 47.0, 0.0, 70.0, 8.0, 35.0, 13.0, 8.0, 14.0, 26.0, -11.0, 2.0, 0.0, 3.0, 0.0, -9.0, -62.0, -35.0, -34.0, -58.0, -42.0, -64.0, -7.0, -73.0, -22.0, 0.0, -14.0, -3.0, -2.0, -18.0, -60.0, -18.0, ' -69.0]']","['[71.0', ' 59.0', -27.0, -80.0, -26.0, 60.0, 71.0, -6.0, 15.0, -28.0, -60.0, -18.0, 4.0, 11.0, 51.0, 19.0, 47.0, 9.0, 46.0, -5.0, -60.0, -25.0, -56.0, 20.0, -62.0, 28.0, 41.0, 45.0, 77.0, 0.0, -11.0, -37.0, -2.0, 12.0, -103.0, 6.0, -60.0, 31.0, 83.0, 10.0, 62.0, -53.0, 30.0, 36.0, 12.0, 35.0, -10.0, -34.0, -74.0, -17.0, -26.0, -84.0, -32.0, -17.0, 26.0, 63.0, 16.0, 66.0, -12.0, 18.0, -33.0, -72.0, -19.0, -30.0, 30.0, -36.0, 5.0, 48.0, 17.0, 117.0, -12.0, -10.0, -1.0, -75.0, 58.0, -14.0, 13.0, 2.0, -51.0, 1.0, -2.0, ' 79.0]']","['[33.0', -53.0, -73.0, 0.0, 74.0, 51.0, -36.0, -77.0, 58.0, -16.0, 5.0, 0.0, -50.0, 2.0, 0.0, 84.0, -18.0, 27.0, 73.0, 47.0, 79.0, -11.0, -33.0, -38.0, -32.0, -8.0, -64.0, 0.0, 28.0, 27.0, 53.0, -3.0, 51.0, -18.0, 30.0, -30.0, -102.0, -9.0, -67.0, -5.0, 45.0, -29.0, -11.0, -48.0, -13.0, 36.0, 6.0, 37.0, -43.0, 47.0, -12.0, -16.0, -36.0, -99.0, -8.0, -15.0, 40.0, -24.0, 26.0, 74.0, 32.0, 38.0, -18.0, -46.0, -24.0, -36.0, 22.0, -96.0, 25.0, 25.0, 29.0, 106.0, 11.0, 15.0, -20.0, 30.0, 60.0, 18.0, 0.0, -13.0, -51.0, ' -24.0]']",,,,,,
1740060660.732645,ble-pd-B43A31EF7B26,d3b48da5-3882-7847-f592-4676d52314ee,6333,33,-65.0,-80.0,-67.0,-72.0,,-47.0,,2.6951216863212792,-1.5709940665058348,0.3815481598984534,-1.5439719030311825,,-2.408804152588739,,0.5625629528750301,0.734680857018952,0.220128423524732,0.1913068120357834,,0.1965971963466365,,-3.25487232208252,7.024024963378906,1.7478344440460205,-3.54,6.84,1.96,"['[61.0', -1.0, -61.0, -42.0, 31.0, 63.0, 6.0, -60.0, -23.0, -9.0, 35.0, 36.0, -16.0, 22.0, 51.0, -36.0, -7.0, -37.0, 3.0, 22.0, -24.0, -17.0, 36.0, -71.0, 21.0, -50.0, -7.0, -14.0, -7.0, -57.0, 45.0, -61.0, -5.0, -30.0, -11.0, -22.0, -5.0, -44.0, 9.0, -36.0, -52.0, -46.0, -7.0, 27.0, 58.0, -31.0, 21.0, 61.0, -25.0, -16.0, -34.0, 0.0, 51.0, -26.0, -15.0, 41.0, -56.0, 22.0, -54.0, -11.0, 11.0, 0.0, -58.0, 45.0, -44.0, 5.0, -39.0, -10.0, -9.0, -5.0, -54.0, 5.0, -22.0, -40.0, -67.0, -6.0, 18.0, 77.0, -45.0, 20.0, 69.0, ' -12.0]']","['[-20.0', -64.0, -21.0, 47.0, 55.0, -13.0, -64.0, -29.0, 103.0, -2.0, 26.0, -95.0, 70.0, -3.0, -50.0, -42.0, 33.0, -6.0, 17.0, -116.0, 10.0, -1.0, -20.0, -60.0, -7.0, 19.0, 13.0, -100.0, -27.0, 15.0, -8.0, -64.0, -48.0, 42.0, -2.0, -53.0, 0.0, 50.0, 16.0, -52.0, -41.0, 96.0, -3.0, 34.0, -81.0, 63.0, 1.0, -36.0, -50.0, 30.0, -16.0, 17.0, -107.0, 4.0, -6.0, -11.0, -74.0, -2.0, 5.0, 11.0, -102.0, -29.0, 1.0, 1.0, -78.0, -48.0, 33.0, -5.0, -57.0, 0.0, 40.0, 16.0, -61.0, -53.0, 82.0, -5.0, 39.0, -65.0, 55.0, 8.0, -18.0, ' -53.0]']","['[0.0', 15.0, ' 2.0', -14.0, -7.0, 12.0, 11.0, -8.0, -8.0, 7.0, -5.0, 0.0, -8.0, -9.0, 12.0, 6.0, 7.0, 11.0, 11.0, -1.0, -14.0, -6.0, -39.0, 0.0, -19.0, -8.0, -18.0, -21.0, -53.0, -13.0, -58.0, -18.0, -15.0, -25.0, -39.0, 12.0, -103.0, 14.0, -45.0, 36.0, -7.0, -8.0, 8.0, 0.0, 0.0, -4.0, -5.0, 16.0, 7.0, 7.0, 13.0, 14.0, 1.0, -10.0, -6.0, -36.0, 0.0, -22.0, -6.0, -15.0, -19.0, -49.0, -13.0, -56.0, -18.0, -16.0, -26.0, -33.0, 11.0, -101.0, 13.0, -50.0, 38.0, -11.0, -8.0, 11.0, 2.0, 1.0, 2.0, -3.0, 16.0, ' 8.0]']","['[14.0', ' 1.0', ' -15.0', -5.0, 13.0, 9.0, -9.0, -12.0, -4.0, 34.0, 41.0, 15.0, 50.0, 26.0, 37.0, 11.0, 17.0, 37.0, 23.0, 19.0, 39.0, -11.0, 27.0, -27.0, 0.0, 22.0, 26.0, 3.0, 35.0, 0.0, -17.0, -3.0, -15.0, -3.0, 71.0, -22.0, 62.0, -13.0, -46.0, -22.0, -10.0, -6.0, 33.0, 43.0, 14.0, 52.0, 24.0, 37.0, 9.0, 18.0, 36.0, 21.0, 18.0, 41.0, -8.0, 32.0, -26.0, 0.0, 24.0, 27.0, 6.0, 41.0, 2.0, -9.0, -3.0, -13.0, 0.0, 74.0, -23.0, 66.0, -14.0, -41.0, -23.0, -12.0, -5.0, 33.0, 42.0, 13.0, 52.0, 28.0, 38.0, ' 6.0]']","['[29.0', ' -31.0', ' -46.0', 7.0, 49.0, 18.0, -39.0, -40.0, 37.0, -33.0, -16.0, -40.0, -13.0, -52.0, -28.0, -6.0, 14.0, -76.0, -1.0, -47.0, -16.0, 3.0, 0.0, 59.0, -35.0, 0.0, 7.0, 51.0, -3.0, 57.0, 0.0, 58.0, 99.0, 66.0, 18.0, 62.0, 35.0, 36.0, 8.0, 15.0, 11.0, -34.0, 101.0, 9.0, 62.0, 11.0, 40.0, 21.0, -41.0, 4.0, 24.0, 3.0, 0.0, 20.0, -47.0, -11.0, -74.0, 6.0, -24.0, -28.0, -73.0, -30.0, -48.0, -11.0, -32.0, -66.0, -60.0, 10.0, -35.0, 18.0, -21.0, 15.0, -5.0, 24.0, 14.0, -118.0, 3.0, -49.0, -3.0, -9.0, -4.0, ' 65.0]']","['[-40.0', ' -38.0', ' 20.0', 48.0, 5.0, -46.0, -30.0, 28.0, 10.0, -115.0, 5.0, -46.0, -1.0, -3.0, -3.0, 67.0, -23.0, 49.0, -3.0, 55.0, -11.0, 67.0, 17.0, 42.0, 28.0, 38.0, 34.0, 50.0, 48.0, 7.0, 17.0, -16.0, -11.0, 20.0, -37.0, -13.0, -65.0, -7.0, -33.0, -8.0, -50.0, 18.0, 63.0, -16.0, 7.0, -9.0, -33.0, -17.0, -54.0, 26.0, -88.0, 1.0, -73.0, -2.0, -47.0, -13.0, 8.0, -44.0, -28.0, -21.0, -2.0, -38.0, 33.0, -12.0, 50.0, 75.0, 29.0, 42.0, 51.0, 73.0, 29.0, 30.0, 16.0, 42.0, -35.0, 15.0, 18.0, 37.0, 13.0, 51.0, 26.0, ' 12.0]']","['[-21.0', ' 23.0', 38.0, 4.0, -35.0, -30.0, 14.0, 38.0, 0.0, -30.0, 20.0, 0.0, 61.0, -46.0, -20.0, -25.0, 14.0, -14.0, -54.0, 2.0, -27.0, 12.0, 28.0, -6.0, 0.0, -3.0, 42.0, -8.0, -27.0, 22.0, -38.0, 8.0, -102.0, 9.0, -4.0, -11.0, 93.0, -34.0, 71.0, -40.0, -32.0, 22.0, 12.0, -1.0, -4.0, -52.0, 48.0, -19.0, 57.0, -26.0, 17.0, 36.0, 9.0, 54.0, -22.0, -32.0, -15.0, 23.0, 7.0, -52.0, 13.0, -8.0, -11.0, 24.0, -20.0, 50.0, -14.0, 53.0, 0.0, -66.0, 31.0, -91.0, 41.0, 15.0, -35.0, 9.0, -18.0, 3.0, 24.0, -31.0, 56.0, ' -72.0]']","['[33.0', 31.0, -9.0, -40.0, -17.0, 26.0, 36.0, 1.0, -36.0, 23.0, -25.0, 5.0, 3.0, -17.0, 66.0, -65.0, 25.0, -8.0, 14.0, -19.0, -51.0, 20.0, 12.0, 32.0, -40.0, -7.0, 29.0, -7.0, 50.0, -11.0, 9.0, 24.0, 55.0, 13.0, -94.0, 18.0, -10.0, -6.0, 54.0, -16.0, 24.0, 29.0, -34.0, 31.0, -4.0, 33.0, -13.0, -67.0, 41.0, -13.0, -1.0, -44.0, 16.0, 24.0, -9.0, 7.0, -31.0, 31.0, 3.0, 0.0, 0.0, -57.0, 22.0, -28.0, -16.0, -105.0, -4.0, 77.0, -21.0, 64.0, -15.0, 0.0, -8.0, -36.0, -10.0, 35.0, -26.0, 0.0, -58.0, 37.0, 44.0, ' -1.0]']",,,,,,
1740060661.731973,ble-pd-B43A31EF7B26,f6f4c8b6-df18-79dc-2376-24a596ceb4e1,6334,1,-82.0,-66.0,-65.0,-63.0,-55.0,,,2.9264672944231545,-1.5768295850864165,0.3992049179256787,-1.5234032446680643,-0.6799205757867095,,,0.4594230514930327,0.6420912680323851,0.0994247250823097,0.2593463334743206,0.421989266285237,,,,,,-3.54,6.84,1.96,"['[1.0', 5.0, 1.0, -4.0, -4.0, 1.0, 6.0, 4.0, 13.0, -24.0, 29.0, 33.0, -47.0, -36.0, -11.0, -2.0, -19.0, -49.0, -7.0, 27.0, -40.0, -45.0, -4.0, -52.0, 9.0, -28.0, -15.0, 0.0, -42.0, -16.0, -19.0, -3.0, -41.0, -72.0, -58.0, 7.0, -9.0, -110.0, 1.0, 18.0, 2.0, -2.0, -57.0, 63.0, 28.0, -34.0, -60.0, 7.0, -17.0, -17.0, -66.0, 1.0, 20.0, -43.0, -47.0, 4.0, -45.0, 8.0, -56.0, -2.0, -6.0, -41.0, -30.0, -12.0, 9.0, -33.0, -84.0, -57.0, 22.0, -14.0, -112.0, 10.0, 22.0, 0.0, -17.0, -88.0, 88.0, 22.0, -19.0, -78.0, 28.0, ' -30.0]']","['[5.0', 0.0, -5.0, -3.0, 3.0, 5.0, 0.0, -6.0, -48.0, -117.0, 108.0, -8.0, 31.0, -83.0, 64.0, -50.0, 4.0, -64.0, 24.0, -19.0, -16.0, -8.0, 35.0, 16.0, -2.0, -85.0, 41.0, -22.0, -3.0, -51.0, 21.0, 42.0, 16.0, -49.0, -5.0, 55.0, -19.0, -26.0, 32.0, 13.0, -7.0, -51.0, -102.0, 91.0, -17.0, 44.0, -67.0, 65.0, -47.0, 9.0, -45.0, 25.0, -26.0, -3.0, 3.0, 35.0, 32.0, -5.0, -69.0, 44.0, -21.0, 9.0, -43.0, 27.0, 41.0, 29.0, -24.0, 13.0, 51.0, -15.0, 6.0, 30.0, 7.0, -7.0, -48.0, -79.0, 66.0, -25.0, 52.0, -46.0, 59.0, ' -40.0]']","['[12.0', 81.0, ' 8.0', -78.0, -32.0, 70.0, 51.0, -55.0, 46.0, -69.0, -5.0, 3.0, -43.0, 8.0, 1.0, -11.0, -17.0, -5.0, -59.0, 32.0, -74.0, 28.0, -65.0, 48.0, -91.0, -8.0, -95.0, 5.0, -53.0, -22.0, 17.0, -6.0, -51.0, 13.0, -122.0, -45.0, -123.0, -55.0, -51.0, 19.0, -67.0, 58.0, -59.0, 24.0, -9.0, -31.0, 9.0, -4.0, -2.0, 6.0, 1.0, -37.0, 42.0, -62.0, 35.0, -60.0, 40.0, -73.0, -11.0, -87.0, 19.0, -59.0, -9.0, 2.0, -11.0, -57.0, 12.0, -117.0, -38.0, -123.0, -48.0, -58.0, 35.0, -75.0, 64.0, -46.0, 49.0, -22.0, -16.0, 12.0, -6.0, ' 8.0]']","['[81.0', ' 0.0', ' -80.0', -19.0, 75.0, 42.0, -64.0, -59.0, 45.0, 22.0, 97.0, -42.0, 30.0, 9.0, -17.0, 29.0, 81.0, 22.0, 74.0, 36.0, 27.0, 33.0, 9.0, -27.0, 46.0, -17.0, 16.0, 46.0, -29.0, 45.0, -46.0, -20.0, -27.0, 0.0, 0.0, 25.0, -15.0, 12.0, -26.0, 55.0, -39.0, 28.0, 42.0, 94.0, -40.0, 41.0, 8.0, -17.0, 31.0, 83.0, 22.0, 88.0, 26.0, 46.0, 22.0, 28.0, -40.0, 70.0, -16.0, 41.0, 42.0, -13.0, 49.0, -48.0, -17.0, -10.0, -4.0, 37.0, 36.0, 17.0, 29.0, -10.0, 49.0, -17.0, 9.0, 57.0, 83.0, -34.0, 49.0, 5.0, -13.0, ' 25.0]']","['[-15.0', ' 34.0', ' 32.0', -16.0, -41.0, -5.0, 39.0, 28.0, 0.0, 20.0, 12.0, 30.0, -4.0, 49.0, -7.0, 79.0, 16.0, 98.0, 13.0, 32.0, -16.0, 30.0, -23.0, -22.0, -9.0, 77.0, 8.0, 2.0, -4.0, -56.0, 0.0, -93.0, -14.0, -64.0, 2.0, -101.0, -8.0, -92.0, -17.0, -3.0, 19.0, 49.0, -116.0, 1.0, -75.0, 26.0, -13.0, 21.0, 32.0, -2.0, -70.0, -9.0, 28.0, -7.0, 56.0, -7.0, 112.0, 42.0, 37.0, 13.0, 51.0, 15.0, 63.0, 5.0, 37.0, 37.0, 78.0, 35.0, 43.0, 17.0, 48.0, 6.0, -47.0, -43.0, -38.0, 67.0, -15.0, 26.0, -16.0, -39.0, -7.0, ' -100.0]']","['[39.0', ' 25.0', ' -25.0', -38.0, 6.0, 41.0, 15.0, -33.0, -53.0, 115.0, -7.0, 68.0, -27.0, -6.0, -20.0, -64.0, -3.0, 32.0, 4.0, -44.0, 16.0, -73.0, 17.0, -111.0, -42.0, -68.0, -18.0, -56.0, -14.0, -43.0, -5.0, -2.0, -34.0, -60.0, -39.0, 0.0, -14.0, -14.0, 1.0, 54.0, 39.0, 21.0, -27.0, 15.0, -1.0, 6.0, 48.0, 0.0, 96.0, 16.0, 77.0, 11.0, 47.0, -21.0, 56.0, -27.0, 23.0, 6.0, 97.0, 15.0, 23.0, 1.0, -34.0, 1.0, -85.0, 0.0, -37.0, 17.0, -92.0, -3.0, -79.0, -15.0, -25.0, 4.0, 37.0, -98.0, -5.0, -69.0, 22.0, -31.0, 20.0, ' -11.0]']","['[-75.0', ' -46.0', 45.0, 75.0, 10.0, -67.0, -58.0, 26.0, -5.0, 1.0, 38.0, 72.0, 60.0, 15.0, -75.0, -103.0, 3.0, -23.0, -32.0, -41.0, -5.0, 37.0, 25.0, 101.0, 52.0, 57.0, 30.0, -3.0, -74.0, -52.0, -49.0, 26.0, -15.0, -25.0, 76.0, 62.0, 48.0, 53.0, 16.0, -3.0, -74.0, 70.0, 88.0, 25.0, -18.0, -48.0, -53.0, -10.0, 12.0, 0.0, 8.0, 39.0, 33.0, 81.0, 61.0, 11.0, -68.0, 10.0, -20.0, -86.0, -80.0, -24.0, 47.0, 53.0, 32.0, 13.0, 39.0, -11.0, 2.0, -73.0, -65.0, -58.0, -108.0, 21.0, -42.0, -61.0, -54.0, -61.0, -26.0, 21.0, 85.0, ' 93.0]']","['[-20.0', 63.0, 63.0, -18.0, -77.0, -38.0, 51.0, 71.0, -73.0, -94.0, -39.0, -4.0, 31.0, 51.0, 43.0, 23.0, 0.0, 0.0, -30.0, -20.0, -84.0, -77.0, -21.0, 31.0, -29.0, 0.0, 81.0, 84.0, 49.0, -32.0, -38.0, -44.0, -8.0, -32.0, -15.0, -24.0, 60.0, 50.0, 55.0, 117.0, 4.0, 18.0, 36.0, 49.0, 71.0, 47.0, -2.0, -87.0, -105.0, 4.0, -23.0, -22.0, -34.0, 22.0, 60.0, 30.0, 83.0, 58.0, 53.0, 1.0, -28.0, -86.0, -38.0, -34.0, 40.0, -14.0, -12.0, 77.0, 66.0, 25.0, 35.0, -1.0, -43.0, -70.0, 60.0, 72.0, 6.0, -41.0, -62.0, -49.0, 19.0, ' 45.0]']",,,,,,
1740060662.731866,ble-pd-B43A31EF7B26,64fb59e2-1cf6-07f7-0472-dd8955a06902,6335,24,-69.0,-79.0,-71.0,-63.0,-53.0,-49.0,-63.0,2.9149246216265325,-1.4828298523026524,0.3341231198385403,-1.437026943662707,-0.7605783112908646,-2.391287366203371,-0.904443659454354,0.4509855579484163,0.5908121678219367,0.1644954876956811,0.3032316829056253,0.3120056202828256,0.1935461495785446,0.8814065244009519,-3.264340400695801,7.01241159439087,1.7407426834106443,-3.54,6.84,1.96,"['[39.0', 27.0, -22.0, -40.0, -4.0, 37.0, 28.0, -20.0, -39.0, -83.0, 48.0, 45.0, -5.0, -60.0, 78.0, 1.0, -31.0, -100.0, -4.0, 34.0, -26.0, -112.0, 81.0, -89.0, -3.0, -88.0, -6.0, 26.0, -43.0, -111.0, 43.0, -51.0, -14.0, -43.0, -33.0, 24.0, 7.0, -71.0, -22.0, -26.0, -17.0, -44.0, -76.0, 44.0, 52.0, -10.0, -56.0, 74.0, 10.0, -34.0, -98.0, -5.0, 41.0, -25.0, -112.0, 80.0, -83.0, -4.0, -90.0, -7.0, 31.0, -40.0, -115.0, 44.0, -48.0, -14.0, -47.0, -31.0, 26.0, 5.0, -77.0, -23.0, -22.0, -13.0, -54.0, -70.0, 41.0, 58.0, -17.0, -49.0, 70.0, ' 23.0]']","['[13.0', -33.0, -34.0, 10.0, 41.0, 18.0, -29.0, -37.0, 74.0, -64.0, 42.0, -82.0, 71.0, -57.0, 36.0, -105.0, 41.0, -19.0, 27.0, -77.0, -4.0, 2.0, 4.0, -81.0, 11.0, 13.0, 23.0, -66.0, -13.0, 50.0, -20.0, -54.0, 1.0, 52.0, -14.0, -27.0, 15.0, 92.0, 12.0, -50.0, -37.0, 71.0, -72.0, 46.0, -77.0, 71.0, -62.0, 43.0, -105.0, 37.0, -31.0, 27.0, -76.0, -6.0, -15.0, 16.0, -88.0, 11.0, 6.0, 23.0, -62.0, -18.0, 36.0, -18.0, -57.0, 1.0, 49.0, -17.0, -25.0, 16.0, 86.0, 9.0, -52.0, -40.0, 64.0, -80.0, 50.0, -74.0, 70.0, -68.0, 52.0, ' -102.0]']","['[0.0', 23.0, ' 6.0', -20.0, -12.0, 17.0, 17.0, -12.0, 0.0, -96.0, -57.0, -8.0, -65.0, 15.0, -20.0, 26.0, 10.0, -35.0, -9.0, -13.0, -18.0, -35.0, -27.0, 0.0, -71.0, 24.0, -103.0, -3.0, -92.0, -39.0, -45.0, -26.0, -41.0, -5.0, -120.0, -4.0, -107.0, 0.0, -1.0, 41.0, -14.0, 0.0, -94.0, -40.0, -9.0, -59.0, 24.0, -14.0, 31.0, 20.0, -39.0, -1.0, -10.0, -15.0, -35.0, -25.0, -3.0, -73.0, 21.0, -103.0, 0.0, -95.0, -37.0, -51.0, -22.0, -45.0, -11.0, -121.0, -4.0, -112.0, -5.0, -8.0, 32.0, -17.0, -2.0, -85.0, -31.0, -9.0, -48.0, 30.0, -11.0, ' 40.0]']","['[23.0', ' 4.0', ' -23.0', -9.0, 20.0, 16.0, -15.0, -20.0, -1.0, 20.0, 65.0, 0.0, 45.0, 58.0, 34.0, 43.0, 59.0, -16.0, 57.0, 12.0, 26.0, 2.0, 9.0, -35.0, -2.0, -8.0, -3.0, 23.0, -24.0, 18.0, -54.0, 25.0, -31.0, -18.0, -26.0, -3.0, -40.0, -53.0, -45.0, -47.0, -17.0, -4.0, 36.0, 75.0, 0.0, 55.0, 54.0, 36.0, 39.0, 56.0, -8.0, 58.0, 13.0, 28.0, 7.0, 13.0, -33.0, 6.0, -11.0, 11.0, 23.0, -12.0, 25.0, -48.0, 29.0, -23.0, -15.0, -12.0, -3.0, -19.0, -52.0, -44.0, -53.0, -17.0, -3.0, 51.0, 80.0, 2.0, 63.0, 50.0, 39.0, ' 31.0]']","['[5.0', ' -22.0', ' -18.0', 13.0, 25.0, 1.0, -25.0, -15.0, 4.0, 6.0, -8.0, -8.0, -22.0, -73.0, -2.0, -106.0, 2.0, -42.0, 2.0, -47.0, -6.0, -15.0, 3.0, 37.0, -6.0, -13.0, 29.0, 35.0, 24.0, 51.0, 17.0, 75.0, 55.0, 54.0, 8.0, 74.0, 26.0, 73.0, 11.0, 41.0, -7.0, -17.0, 71.0, 0.0, 27.0, 16.0, 33.0, 9.0, 22.0, -8.0, 35.0, -18.0, 9.0, -11.0, -31.0, -31.0, -94.0, -11.0, -21.0, -35.0, -73.0, -49.0, -84.0, -20.0, -82.0, -27.0, -28.0, 18.0, -33.0, 17.0, -16.0, 13.0, 15.0, 24.0, 18.0, -97.0, 9.0, -27.0, 2.0, 26.0, -11.0, ' 75.0]']","['[-25.0', ' -13.0', ' 18.0', 22.0, -5.0, -26.0, -9.0, 22.0, 18.0, -96.0, 7.0, -28.0, 0.0, 18.0, -11.0, 58.0, 7.0, -9.0, 22.0, 29.0, 20.0, 55.0, 38.0, 90.0, 21.0, 40.0, 21.0, 65.0, 43.0, 67.0, 12.0, 41.0, -10.0, -8.0, -32.0, -20.0, -48.0, -38.0, -27.0, -56.0, -27.0, -9.0, 66.0, -12.0, 12.0, -16.0, -67.0, 6.0, -120.0, -2.0, -26.0, -12.0, -54.0, -17.0, -48.0, -22.0, -28.0, -19.0, -37.0, 7.0, -15.0, -10.0, -6.0, 4.0, 28.0, 50.0, 48.0, 28.0, 68.0, 52.0, 82.0, 27.0, 68.0, 13.0, -6.0, 5.0, 6.0, 12.0, 24.0, 70.0, 4.0, ' 95.0]']","['[-96.0', ' -54.0', 59.0, 94.0, 8.0, -88.0, -73.0, 37.0, 31.0, -18.0, 77.0, 1.0, 29.0, -42.0, -62.0, -57.0, -76.0, 29.0, -45.0, -14.0, 78.0, 31.0, 50.0, 8.0, 31.0, 9.0, -49.0, -51.0, -67.0, 14.0, 1.0, 85.0, 13.0, -24.0, 113.0, -20.0, 53.0, -31.0, -71.0, -32.0, -90.0, 50.0, 7.0, -54.0, -9.0, -62.0, 35.0, 36.0, 87.0, 40.0, -2.0, 104.0, 26.0, -13.0, -29.0, -68.0, -77.0, -65.0, 2.0, 0.0, 18.0, 59.0, 24.0, 29.0, -61.0, 15.0, -12.0, -61.0, -10.0, -114.0, 28.0, 19.0, 30.0, 89.0, -106.0, 8.0, 0.0, 11.0, 58.0, -7.0, 13.0, ' -63.0]']","['[-19.0', 82.0, 78.0, -27.0, -97.0, -45.0, 66.0, 90.0, -105.0, 8.0, -2.0, 12.0, 57.0, -8.0, 11.0, -66.0, 21.0, -26.0, -101.0, -22.0, -62.0, 9.0, 47.0, 95.0, 62.0, -14.0, 51.0, 23.0, -15.0, -50.0, -43.0, 3.0, -35.0, 40.0, -28.0, 37.0, 107.0, -8.0, 44.0, -10.0, -37.0, 98.0, -19.0, 56.0, -6.0, -18.0, -25.0, -53.0, 4.0, -70.0, 41.0, 36.0, 5.0, 99.0, 15.0, -2.0, -60.0, -22.0, 16.0, -72.0, -53.0, -36.0, 46.0, 33.0, 58.0, 35.0, -46.0, 98.0, -41.0, -38.0, -16.0, -81.0, -17.0, -37.0, -30.0, 19.0, -79.0, -2.0, -31.0, 41.0, 63.0, ' 51.0]']",,,,,,
1740060663.731349,ble-pd-B43A31EF7B26,ea9fc45e-18a3-9b7c-6c0f-fb51c79beb4d,6336,14,-73.0,-80.0,-66.0,-70.0,,-49.0,-64.0,2.833793549546141,-1.5554145741288714,0.377064994519414,-1.453210840449064,,-2.373791714864879,-0.6269030658077589,0.3688429507069851,0.6000980113317976,0.207638048209449,0.3202405604186616,,0.1904372585931014,0.9136212797712872,-3.268134117126465,6.999547004699707,1.7387681007385254,-3.54,6.84,1.96,"['[-2.0', 17.0, 13.0, -9.0, -19.0, -3.0, 17.0, 14.0, -36.0, -6.0, -4.0, 41.0, -19.0, 26.0, -5.0, 77.0, -44.0, -41.0, -6.0, 43.0, 0.0, -65.0, 31.0, -1.0, -5.0, -41.0, -28.0, 55.0, -37.0, -82.0, 17.0, -17.0, -17.0, -78.0, -4.0, 34.0, -25.0, -94.0, -20.0, 24.0, 13.0, -37.0, -12.0, 1.0, 39.0, -18.0, 19.0, 4.0, 75.0, -45.0, -44.0, -5.0, 43.0, 0.0, -71.0, 37.0, -5.0, -5.0, -49.0, -26.0, 54.0, -41.0, -85.0, 16.0, -17.0, -18.0, -84.0, -6.0, 33.0, -25.0, -95.0, -21.0, 22.0, 11.0, -39.0, -16.0, 5.0, 37.0, -16.0, 11.0, 10.0, ' 73.0]']","['[20.0', 8.0, -14.0, -17.0, 2.0, 18.0, 9.0, -14.0, -11.0, -99.0, 58.0, -17.0, 26.0, -116.0, 100.0, -22.0, -5.0, -84.0, 4.0, 3.0, -26.0, -95.0, 59.0, -63.0, 8.0, -82.0, 20.0, -6.0, -51.0, -43.0, -6.0, -10.0, -10.0, -62.0, -15.0, 6.0, 4.0, -17.0, -15.0, -14.0, -15.0, -10.0, -100.0, 58.0, -21.0, 28.0, -118.0, 100.0, -29.0, 0.0, -83.0, 4.0, 0.0, -26.0, -91.0, 55.0, -64.0, 8.0, -79.0, 23.0, -9.0, -49.0, -37.0, -7.0, -8.0, -8.0, -56.0, -14.0, 4.0, 6.0, -9.0, -14.0, -15.0, -17.0, -6.0, -99.0, 58.0, -25.0, 29.0, -120.0, 99.0, ' -34.0]']","['[14.0', 4.0, ' -14.0', -7.0, 11.0, 9.0, -9.0, -11.0, 35.0, 18.0, 63.0, 17.0, 35.0, 16.0, 14.0, -10.0, 12.0, 39.0, 33.0, 21.0, 11.0, 12.0, -9.0, -8.0, 44.0, -6.0, 38.0, 17.0, 20.0, 3.0, -9.0, -15.0, -10.0, 2.0, 74.0, -14.0, -1.0, -18.0, -64.0, -6.0, -9.0, 34.0, 21.0, 64.0, 15.0, 33.0, 18.0, 8.0, -12.0, 9.0, 39.0, 29.0, 23.0, 16.0, 12.0, -1.0, -11.0, 52.0, -8.0, 47.0, 18.0, 29.0, 4.0, -7.0, -19.0, -3.0, 11.0, 92.0, -11.0, 23.0, -13.0, -62.0, -5.0, -6.0, 31.0, 24.0, 60.0, 14.0, 32.0, 16.0, 1.0, ' -17.0]']","['[1.0', ' -13.0', ' -6.0', 12.0, 8.0, -10.0, -11.0, 8.0, -2.0, 22.0, 1.0, -2.0, 3.0, 1.0, -29.0, -19.0, -12.0, 5.0, -6.0, 10.0, 31.0, 6.0, 37.0, -15.0, 51.0, -10.0, 49.0, 0.0, 42.0, 7.0, 17.0, -16.0, 35.0, 37.0, 91.0, 20.0, 108.0, 22.0, 0.0, -4.0, 12.0, -10.0, 18.0, -11.0, -6.0, -2.0, -1.0, -31.0, -15.0, -16.0, -1.0, -14.0, 4.0, 27.0, 2.0, 39.0, -13.0, 41.0, -9.0, 42.0, -2.0, 39.0, 6.0, 18.0, -12.0, 35.0, 34.0, 72.0, 23.0, 105.0, 25.0, 9.0, -1.0, 12.0, -18.0, 16.0, -23.0, -9.0, -8.0, -5.0, -32.0, ' -13.0]']","['[1.0', ' 35.0', ' 16.0', -27.0, -31.0, 10.0, 36.0, 12.0, 26.0, 5.0, 40.0, 28.0, 46.0, 37.0, 23.0, 77.0, -13.0, 47.0, -16.0, 59.0, -19.0, 37.0, -23.0, -39.0, 14.0, 31.0, -18.0, -31.0, -40.0, -38.0, -27.0, -61.0, -2.0, -28.0, 0.0, -42.0, -3.0, -17.0, -20.0, 2.0, 22.0, 10.0, -73.0, -6.0, -61.0, -2.0, -2.0, 5.0, 32.0, 10.0, -37.0, 31.0, 16.0, 44.0, 0.0, 43.0, 67.0, 2.0, -4.0, 5.0, 47.0, 33.0, 58.0, 27.0, 42.0, 0.0, 44.0, -16.0, 47.0, -20.0, 30.0, -23.0, -22.0, -37.0, -38.0, 78.0, -32.0, 39.0, -43.0, -35.0, -29.0, ' -115.0]']","['[37.0', ' 7.0', ' -33.0', -24.0, 19.0, 35.0, 0.0, -34.0, -31.0, 83.0, -17.0, 54.0, -30.0, -23.0, -22.0, -92.0, -2.0, 12.0, -26.0, -56.0, -40.0, -26.0, -36.0, -55.0, -12.0, -15.0, 4.0, -35.0, -12.0, -46.0, -14.0, -10.0, 2.0, -33.0, 19.0, -29.0, 27.0, -25.0, 42.0, 26.0, 29.0, 39.0, -44.0, 43.0, -5.0, 55.0, 43.0, 31.0, 116.0, -9.0, 32.0, 0.0, 80.0, 7.0, 45.0, 1.0, 0.0, 17.0, 35.0, -17.0, -5.0, -26.0, -6.0, -15.0, -45.0, -4.0, -4.0, -11.0, -18.0, -18.0, 0.0, -41.0, -13.0, 2.0, -13.0, -35.0, -29.0, -48.0, -33.0, -25.0, -13.0, ' -32.0]']","['[28.0', ' -1.0', -29.0, -19.0, 14.0, 30.0, 6.0, -26.0, -35.0, 3.0, -72.0, 0.0, -55.0, 67.0, -5.0, 74.0, 13.0, 37.0, 55.0, -20.0, -16.0, -24.0, -23.0, 1.0, -69.0, 11.0, 12.0, 16.0, 64.0, -27.0, 49.0, -56.0, 89.0, -40.0, -37.0, -16.0, -63.0, 42.0, 18.0, 54.0, 30.0, -27.0, -29.0, 22.0, 32.0, 50.0, -21.0, -20.0, -77.0, 28.0, -45.0, -50.0, 13.0, -50.0, 60.0, -9.0, 77.0, 23.0, 16.0, 50.0, -2.0, -22.0, -7.0, -42.0, -2.0, -116.0, 24.0, -25.0, 30.0, 73.0, -32.0, 85.0, -88.0, -6.0, 69.0, 28.0, 47.0, -39.0, -5.0, -43.0, 28.0, ' 14.0]']","['[-11.0', -30.0, -10.0, 22.0, 26.0, -3.0, -29.0, -18.0, 60.0, 32.0, 22.0, -42.0, -23.0, -20.0, 27.0, 43.0, -45.0, 28.0, 22.0, -2.0, 72.0, -55.0, 27.0, -95.0, 19.0, -27.0, -70.0, -8.0, -15.0, 28.0, 17.0, 41.0, 79.0, -1.0, 56.0, -25.0, -45.0, 10.0, -119.0, 68.0, -12.0, -64.0, -14.0, -72.0, 26.0, -30.0, 68.0, -20.0, 38.0, 38.0, 13.0, 32.0, -15.0, -54.0, 12.0, -34.0, 55.0, -69.0, 23.0, 49.0, 19.0, 62.0, -36.0, 30.0, -71.0, 30.0, -32.0, -61.0, 2.0, -26.0, 30.0, 85.0, 5.0, 32.0, 12.0, -14.0, 59.0, 13.0, 59.0, -56.0, -3.0, ' -83.0]']",,,,,,
1740060664.73165,ble-pd-B43A31EF7B26,22b542dc-4be3-f735-c75b-2921a12e36a4,6337,0,-62.0,-66.0,-62.0,-61.0,-55.0,-50.0,-56.0,2.8648364204765406,-1.6527429919591252,0.417902971939125,-1.460606571954269,-0.6936286676794488,-1.5707963266393243,-0.71419907912231,0.3797475633959372,0.5369908140348986,0.2683209533212922,0.286787728438822,0.3442788693271463,0.872664625997165,0.8050126634627258,-3.2349753379821777,6.9766716957092285,1.6808315515518188,-3.54,6.84,1.96,"['[-57.0', -12.0, 49.0, 43.0, -20.0, -56.0, -15.0, 46.0, 45.0, 89.0, -113.0, -13.0, -15.0, 80.0, -85.0, 76.0, -5.0, 61.0, -66.0, -4.0, 23.0, -8.0, -55.0, 13.0, 0.0, 58.0, -59.0, 40.0, -1.0, -3.0, -22.0, -9.0, -20.0, 12.0, 1.0, -26.0, 0.0, -28.0, -29.0, -26.0, 53.0, 50.0, 74.0, -98.0, -6.0, -22.0, 55.0, -80.0, 73.0, -9.0, 44.0, -61.0, 9.0, 8.0, -34.0, -44.0, -3.0, 4.0, 35.0, -52.0, 44.0, -20.0, -19.0, -16.0, -17.0, -34.0, -8.0, -7.0, -22.0, -9.0, -45.0, -26.0, -26.0, 57.0, 50.0, 54.0, -75.0, 0.0, -27.0, 23.0, -68.0, ' 63.0]']","['[4.0', 55.0, 27.0, -36.0, -53.0, 2.0, 54.0, 35.0, 20.0, -35.0, 34.0, 19.0, -27.0, -80.0, 9.0, 1.0, -15.0, -61.0, 8.0, 47.0, -51.0, -94.0, 27.0, -55.0, 14.0, -78.0, 17.0, 18.0, -58.0, -54.0, 12.0, -29.0, -55.0, -81.0, -28.0, 7.0, -31.0, -72.0, 5.0, -4.0, 20.0, 7.0, -59.0, 68.0, 21.0, -20.0, -101.0, 32.0, -22.0, -12.0, -74.0, 27.0, 46.0, -56.0, -89.0, 42.0, -57.0, 13.0, -91.0, 32.0, 4.0, -55.0, -51.0, 18.0, -26.0, -46.0, -82.0, -27.0, 14.0, -30.0, -62.0, 12.0, 2.0, 3.0, -6.0, -79.0, 93.0, 22.0, -13.0, -113.0, 55.0, ' -45.0]']","['[1.0', -63.0, ' -15.0', 59.0, 33.0, -50.0, -46.0, 36.0, -59.0, 29.0, -5.0, 0.0, 31.0, 4.0, -8.0, -24.0, 0.0, -15.0, 51.0, -3.0, 72.0, -27.0, 52.0, -64.0, 91.0, 27.0, 94.0, 24.0, 26.0, 12.0, -45.0, 0.0, 66.0, 39.0, 118.0, 55.0, 86.0, 41.0, 29.0, -32.0, 49.0, -69.0, 19.0, -27.0, -5.0, 29.0, 3.0, -2.0, -19.0, -24.0, -25.0, 30.0, -14.0, 68.0, -31.0, 55.0, -58.0, 66.0, 18.0, 83.0, 14.0, 37.0, 5.0, -32.0, 1.0, 63.0, 37.0, 107.0, 52.0, 87.0, 36.0, 29.0, -41.0, 57.0, -74.0, 9.0, -45.0, -10.0, 21.0, 0.0, 5.0, ' -15.0]']","['[-64.0', ' -10.0', ' 61.0', 24.0, -54.0, -40.0, 44.0, 51.0, -40.0, -35.0, -76.0, -18.0, -9.0, -10.0, 26.0, 15.0, -91.0, -39.0, -66.0, -37.0, -9.0, -12.0, 14.0, 14.0, -75.0, -34.0, -27.0, -35.0, 41.0, -25.0, 35.0, 5.0, -3.0, -2.0, -20.0, -1.0, 11.0, -13.0, 2.0, -46.0, 37.0, -24.0, -41.0, -73.0, -18.0, -18.0, -11.0, 27.0, 20.0, -88.0, -33.0, -79.0, -34.0, -27.0, -4.0, 0.0, 30.0, -97.0, -40.0, -54.0, -41.0, 30.0, -28.0, 47.0, 4.0, -21.0, -12.0, -51.0, -17.0, -13.0, -24.0, -4.0, -37.0, 23.0, -4.0, -45.0, -62.0, -14.0, -26.0, -11.0, 27.0, ' 31.0]']","['[-7.0', ' 74.0', ' 43.0', -52.0, -70.0, 15.0, 78.0, 32.0, 37.0, 63.0, 13.0, 62.0, 8.0, 22.0, -7.0, 31.0, 30.0, 70.0, 30.0, 62.0, -1.0, 38.0, -3.0, -15.0, -51.0, 39.0, -30.0, -42.0, -45.0, -58.0, -24.0, -79.0, -27.0, -118.0, -7.0, -113.0, -21.0, -105.0, -12.0, -3.0, 51.0, 25.0, -84.0, 11.0, -65.0, 34.0, 7.0, 24.0, 59.0, 44.0, 0.0, 14.0, 42.0, 9.0, 34.0, -11.0, 80.0, 58.0, 56.0, 29.0, 92.0, 47.0, 61.0, 30.0, 19.0, 20.0, 40.0, 11.0, 4.0, -24.0, 18.0, -42.0, -12.0, -75.0, -56.0, 4.0, -23.0, -11.0, -36.0, -28.0, -13.0, ' -74.0]']","['[79.0', ' 27.0', ' -66.0', -58.0, 32.0, 77.0, 7.0, -72.0, -42.0, 64.0, -18.0, 46.0, -41.0, -18.0, -24.0, -76.0, -59.0, -31.0, -27.0, -68.0, -10.0, -57.0, 13.0, -81.0, -41.0, -80.0, -20.0, -83.0, -30.0, -40.0, -22.0, 14.0, -10.0, 7.0, -9.0, 46.0, 35.0, 30.0, 50.0, 14.0, 58.0, 51.0, 34.0, 19.0, 41.0, 24.0, 28.0, 3.0, 60.0, 50.0, 77.0, 38.0, 83.0, 3.0, 58.0, -7.0, 18.0, -32.0, 70.0, -19.0, -8.0, -30.0, -36.0, -12.0, -79.0, -22.0, -110.0, -3.0, -123.0, -33.0, -109.0, -32.0, -6.0, 27.0, 1.0, -91.0, 2.0, -78.0, 21.0, -3.0, 21.0, ' 30.0]']","['[-96.0', ' -62.0', 53.0, 98.0, 16.0, -86.0, -77.0, 28.0, -23.0, 0.0, 48.0, 49.0, 62.0, 17.0, -77.0, -118.0, -17.0, -57.0, -55.0, -57.0, -13.0, 59.0, 35.0, 48.0, 62.0, 58.0, 37.0, -42.0, -80.0, -23.0, -50.0, 47.0, -22.0, 19.0, 86.0, 82.0, 68.0, 43.0, 12.0, -17.0, -95.0, 46.0, 65.0, 18.0, 38.0, -88.0, -49.0, -27.0, 51.0, -21.0, 24.0, 43.0, 81.0, 83.0, 7.0, -4.0, -75.0, 13.0, -54.0, -100.0, -69.0, -24.0, 36.0, 61.0, 2.0, 54.0, 53.0, 13.0, -56.0, -72.0, -76.0, -67.0, -76.0, 36.0, -10.0, -44.0, -62.0, -77.0, 2.0, 18.0, 96.0, ' 80.0]']","['[-26.0', 79.0, 84.0, -20.0, -99.0, -51.0, 63.0, 94.0, -40.0, -68.0, -39.0, -57.0, 69.0, 46.0, 57.0, -9.0, 29.0, -5.0, -25.0, -65.0, -83.0, -31.0, -9.0, 61.0, -38.0, 36.0, 92.0, 90.0, 55.0, -30.0, -46.0, -19.0, -49.0, -64.0, -44.0, 29.0, 52.0, 65.0, 66.0, 88.0, -2.0, -7.0, 21.0, 59.0, 66.0, 31.0, 0.0, -93.0, -106.0, -26.0, -52.0, -43.0, -30.0, 17.0, 66.0, 36.0, 23.0, 71.0, 40.0, 0.0, -72.0, -95.0, -12.0, -31.0, 50.0, -2.0, 41.0, 96.0, 66.0, 45.0, 18.0, -11.0, -45.0, -89.0, 45.0, 53.0, -2.0, 11.0, -94.0, -46.0, 9.0, ' 81.0]']",,,,,,
1740060665.731333,ble-pd-B43A31EF7B26,612299cf-5e21-9709-9e5b-7801def0b4b5,6338,19,-67.0,-79.0,-67.0,-65.0,-54.0,-51.0,-66.0,2.8587063562793964,-1.611550947272488,0.4136301962862019,-1.4897395569089176,-0.8164793550160405,-1.9839377263715063,-0.6328511564609424,0.2835680665494571,0.5392520708269712,0.3290353503130256,0.2389856014133105,0.2442666017790534,0.6887120976709293,0.6957176328732824,-3.2193844318389893,6.953991413116455,1.6329317092895508,-3.54,6.84,1.96,"['[-40.0', 0.0, 40.0, 25.0, -23.0, -42.0, -3.0, 40.0, 0.0, 89.0, -97.0, 34.0, -53.0, 92.0, -103.0, 51.0, 22.0, 75.0, -38.0, 26.0, 23.0, 92.0, -84.0, 106.0, -9.0, 61.0, -29.0, 33.0, 63.0, 71.0, -48.0, 52.0, 39.0, 41.0, 0.0, 7.0, 33.0, 15.0, -3.0, 21.0, 40.0, -1.0, 89.0, -98.0, 27.0, -51.0, 92.0, -105.0, 46.0, 25.0, 78.0, -37.0, 23.0, 24.0, 98.0, -87.0, 106.0, -7.0, 66.0, -27.0, 30.0, 63.0, 75.0, -50.0, 54.0, 40.0, 43.0, 0.0, 6.0, 35.0, 22.0, -5.0, 19.0, 38.0, 3.0, 90.0, -100.0, 25.0, -49.0, 92.0, -108.0, ' 42.0]']","['[15.0', 43.0, 14.0, -35.0, -36.0, 11.0, 43.0, 17.0, -48.0, -15.0, 30.0, 58.0, -26.0, 6.0, 37.0, 96.0, -58.0, -54.0, -5.0, 53.0, -1.0, -62.0, 51.0, 5.0, -22.0, -69.0, -35.0, 48.0, -1.0, -92.0, 47.0, -17.0, -20.0, -89.0, -2.0, 33.0, -17.0, -120.0, 29.0, 24.0, 20.0, -48.0, -11.0, 26.0, 61.0, -29.0, 12.0, 32.0, 99.0, -56.0, -51.0, -7.0, 54.0, 0.0, -52.0, 47.0, 13.0, -22.0, -66.0, -37.0, 51.0, 2.0, -89.0, 45.0, -11.0, -16.0, -88.0, -1.0, 33.0, -16.0, -119.0, 27.0, 26.0, 22.0, -49.0, -5.0, 18.0, 62.0, -32.0, 18.0, 23.0, ' 99.0]']","['[13.0', 12.0, ' -10.0', -14.0, 6.0, 15.0, -2.0, -17.0, 7.0, 33.0, 60.0, -6.0, 45.0, 27.0, 37.0, 50.0, 48.0, 11.0, 32.0, 14.0, 2.0, 10.0, -5.0, -14.0, -10.0, -23.0, -6.0, 4.0, -3.0, 29.0, -39.0, 48.0, -51.0, -49.0, -2.0, -22.0, -49.0, -24.0, -62.0, -20.0, -16.0, 8.0, 40.0, 68.0, -5.0, 53.0, 26.0, 37.0, 44.0, 48.0, 23.0, 33.0, 18.0, 6.0, 11.0, 0.0, -17.0, 1.0, -21.0, 1.0, 8.0, 6.0, 35.0, -32.0, 50.0, -50.0, -46.0, 10.0, -26.0, -30.0, -24.0, -65.0, -20.0, -15.0, 9.0, 47.0, 73.0, -3.0, 58.0, 24.0, 35.0, ' 39.0]']","['[10.0', ' -11.0', ' -13.0', 8.0, 15.0, -3.0, -16.0, 0.0, 12.0, 61.0, 54.0, 8.0, 46.0, -10.0, -7.0, -31.0, 3.0, 68.0, 21.0, 16.0, 26.0, 2.0, 36.0, -25.0, 80.0, 6.0, 65.0, 22.0, 70.0, 42.0, 39.0, 31.0, 13.0, 8.0, 103.0, -20.0, 107.0, 6.0, -18.0, 0.0, 2.0, 9.0, 58.0, 45.0, 10.0, 39.0, -14.0, -11.0, -38.0, -3.0, 66.0, 16.0, 12.0, 27.0, 0.0, 37.0, -23.0, 80.0, 9.0, 65.0, 20.0, 72.0, 37.0, 45.0, 28.0, 18.0, 15.0, 100.0, -14.0, 116.0, 8.0, -9.0, 4.0, 3.0, 9.0, 53.0, 38.0, 11.0, 32.0, -17.0, -15.0, ' -47.0]']","['[-24.0', ' -43.0', ' 2.0', 44.0, 22.0, -32.0, -39.0, 6.0, 5.0, -101.0, 26.0, -58.0, 15.0, -4.0, 27.0, 16.0, 24.0, -9.0, 32.0, -9.0, 36.0, 29.0, 43.0, 71.0, 28.0, 2.0, 22.0, 70.0, 47.0, 72.0, 14.0, 84.0, -10.0, 61.0, -14.0, 70.0, -32.0, 25.0, -10.0, -18.0, -39.0, -55.0, 92.0, -59.0, 58.0, -62.0, -58.0, -33.0, -102.0, -22.0, -34.0, -21.0, -75.0, -27.0, -54.0, -13.0, -64.0, -31.0, -23.0, 2.0, -50.0, -20.0, -34.0, -4.0, -24.0, 42.0, -29.0, 22.0, -25.0, 45.0, -7.0, 42.0, 57.0, 45.0, 64.0, -22.0, 50.0, -13.0, 63.0, 80.0, 14.0, ' 112.0]']","['[-37.0', ' 13.0', ' 45.0', 9.0, -39.0, -32.0, 22.0, 46.0, 67.0, -36.0, 53.0, -24.0, 67.0, 80.0, 19.0, 117.0, 8.0, 56.0, 0.0, 103.0, 4.0, 46.0, -19.0, 24.0, 18.0, 28.0, -22.0, 6.0, -11.0, -15.0, -6.0, -44.0, -47.0, -13.0, -17.0, -22.0, -33.0, -9.0, -47.0, -59.0, -26.0, -36.0, -57.0, -14.0, -26.0, -30.0, -57.0, 8.0, -63.0, 12.0, -45.0, 25.0, -71.0, 25.0, -8.0, 45.0, 39.0, 9.0, -16.0, 32.0, 50.0, 44.0, 66.0, 14.0, 93.0, 23.0, 55.0, 0.0, 69.0, -3.0, 24.0, 21.0, 24.0, -15.0, -19.0, 107.0, -34.0, 62.0, -27.0, -9.0, -30.0, ' -39.0]']","['[8.0', ' -57.0', -48.0, 21.0, 64.0, 23.0, -47.0, -59.0, 19.0, -7.0, -28.0, -47.0, -83.0, 47.0, -36.0, 67.0, -24.0, 14.0, 75.0, -7.0, 57.0, -15.0, -36.0, -65.0, -52.0, -5.0, -47.0, -16.0, 32.0, 22.0, 93.0, 0.0, 117.0, 1.0, 11.0, -31.0, -98.0, 4.0, -56.0, 59.0, 21.0, -44.0, -13.0, -12.0, 63.0, 44.0, 6.0, 74.0, -40.0, 57.0, -25.0, -31.0, 14.0, -95.0, 8.0, -25.0, 62.0, -3.0, -5.0, 64.0, 41.0, 36.0, -35.0, -73.0, -49.0, -99.0, -11.0, -86.0, 9.0, 41.0, 10.0, 113.0, -21.0, 32.0, 40.0, 24.0, 43.0, -38.0, 24.0, -61.0, -66.0, ' -10.0]']","['[-64.0', -29.0, 43.0, 61.0, 1.0, -60.0, -44.0, 27.0, 40.0, 24.0, 41.0, -42.0, 20.0, -57.0, -68.0, -9.0, -55.0, 20.0, -31.0, -12.0, 77.0, 2.0, 68.0, -25.0, 51.0, 12.0, -42.0, -39.0, -81.0, 26.0, 15.0, 66.0, 27.0, 13.0, 109.0, 17.0, 29.0, -18.0, -104.0, -26.0, -64.0, -12.0, -22.0, -49.0, -5.0, -74.0, 74.0, 19.0, 54.0, 20.0, -3.0, 75.0, 2.0, -4.0, -13.0, -73.0, -31.0, -73.0, -13.0, -6.0, 15.0, 79.0, 0.0, 58.0, -45.0, 68.0, -7.0, -67.0, -35.0, -94.0, 15.0, 31.0, 63.0, 58.0, -24.0, 4.0, 26.0, 50.0, 83.0, -42.0, 40.0, ' -64.0]']",,,,,,
1740060666.731088,ble-pd-B43A31EF7B26,a523d92c-b1ef-0bdd-2243-4675eaf6b990,6339,33,-62.0,-78.0,-74.0,-63.0,,,-63.0,2.8184207184697674,-1.6338535898213566,0.3970067447619273,-1.4938485481548012,,,-0.9991002190175868,0.4015195710976074,0.4196644199736171,0.3422465268220954,0.2220922385125564,,,0.7733025248401609,-3.189816236495972,6.924373149871826,1.5907148122787476,-3.54,6.84,1.96,"['[-23.0', -90.0, -38.0, 65.0, 81.0, -12.0, -88.0, -46.0, 86.0, -18.0, 39.0, -91.0, 64.0, 21.0, -60.0, -54.0, 28.0, 3.0, 15.0, -117.0, 29.0, 23.0, -23.0, -32.0, 6.0, 36.0, 1.0, -115.0, -6.0, 13.0, 3.0, -30.0, -16.0, 79.0, -7.0, -77.0, 19.0, 37.0, 1.0, -33.0, -63.0, 82.0, -17.0, 51.0, -79.0, 61.0, 23.0, -45.0, -63.0, 21.0, -8.0, 25.0, -108.0, 21.0, 22.0, -14.0, -54.0, 4.0, 19.0, 3.0, -119.0, -4.0, 6.0, 14.0, -45.0, -20.0, 64.0, -1.0, -86.0, 20.0, 31.0, 8.0, -39.0, -78.0, 75.0, -15.0, 67.0, -60.0, 54.0, 23.0, -24.0, ' -64.0]']","['[-87.0', -11.0, 82.0, 63.0, -41.0, -91.0, -17.0, 79.0, 1.0, 0.0, -76.0, -37.0, 4.0, -8.0, -58.0, 42.0, 26.0, 49.0, -41.0, -21.0, 25.0, 3.0, -32.0, 91.0, 10.0, 61.0, -11.0, 26.0, -3.0, 29.0, -39.0, 60.0, 17.0, 54.0, -21.0, 46.0, -5.0, 26.0, -29.0, 27.0, 63.0, 22.0, -4.0, -67.0, -59.0, 19.0, -3.0, -70.0, 30.0, 33.0, 48.0, -36.0, -49.0, 33.0, 9.0, -37.0, 81.0, 12.0, 69.0, -11.0, -6.0, -5.0, 32.0, -38.0, 51.0, 11.0, 73.0, -23.0, 26.0, -2.0, 35.0, -29.0, 17.0, 47.0, 43.0, -8.0, -50.0, -77.0, 32.0, 2.0, -80.0, ' 15.0]']","['[15.0', 2.0, ' -15.0', -5.0, 13.0, 9.0, -10.0, -12.0, 5.0, 52.0, 49.0, 1.0, 44.0, 7.0, 37.0, 2.0, 23.0, 36.0, 19.0, 13.0, 25.0, 0.0, 14.0, -15.0, 10.0, 18.0, 35.0, 1.0, 36.0, 6.0, -16.0, -5.0, 1.0, -19.0, 64.0, -20.0, 52.0, -17.0, -35.0, -18.0, -10.0, 4.0, 53.0, 51.0, 0.0, 46.0, 6.0, 37.0, 1.0, 21.0, 37.0, 18.0, 14.0, 26.0, 1.0, 18.0, -14.0, 12.0, 21.0, 38.0, 3.0, 42.0, 6.0, -11.0, -5.0, 2.0, -17.0, 70.0, -23.0, 65.0, -16.0, -29.0, -19.0, -9.0, 1.0, 55.0, 51.0, 3.0, 47.0, 6.0, 36.0, ' -1.0]']","['[-1.0', ' -16.0', ' -3.0', 15.0, 8.0, -12.0, -12.0, 9.0, -8.0, 18.0, 3.0, 12.0, 17.0, -5.0, 3.0, -10.0, -10.0, 6.0, -5.0, 3.0, 8.0, 6.0, 33.0, 4.0, 18.0, 29.0, 20.0, 14.0, 47.0, 5.0, 48.0, 2.0, 14.0, 27.0, 53.0, -8.0, 108.0, -3.0, 53.0, -27.0, 11.0, -10.0, 15.0, -1.0, 11.0, 15.0, -6.0, 0.0, -11.0, -13.0, 2.0, -7.0, 1.0, 6.0, 7.0, 31.0, 6.0, 16.0, 29.0, 16.0, 14.0, 43.0, 5.0, 50.0, 1.0, 13.0, 29.0, 45.0, -7.0, 102.0, -1.0, 57.0, -26.0, 10.0, -11.0, 11.0, -7.0, 13.0, 10.0, -6.0, -2.0, ' -12.0]']","['[24.0', ' 24.0', ' -11.0', -30.0, -5.0, 26.0, 19.0, -17.0, -12.0, 108.0, 32.0, 40.0, 12.0, 19.0, 24.0, -30.0, -21.0, 15.0, -20.0, -7.0, 0.0, -51.0, -54.0, -66.0, 5.0, -7.0, -13.0, -58.0, -36.0, -69.0, 20.0, -66.0, -8.0, -52.0, 36.0, -25.0, 44.0, 16.0, -18.0, 63.0, 31.0, -5.0, -115.0, -17.0, -15.0, -2.0, 25.0, 28.0, 67.0, 5.0, 15.0, 25.0, 35.0, 3.0, 51.0, 32.0, 38.0, 7.0, 40.0, -17.0, 44.0, 30.0, 26.0, -9.0, -3.0, -50.0, -19.0, -27.0, -30.0, -63.0, -68.0, 6.0, -100.0, -28.0, 21.0, 64.0, -9.0, -13.0, -11.0, -56.0, -65.0, ' -68.0]']","['[17.0', ' -18.0', ' -28.0', 3.0, 30.0, 12.0, -22.0, -26.0, 23.0, 48.0, -10.0, -20.0, -10.0, -57.0, -67.0, -66.0, 15.0, -40.0, -16.0, -43.0, -4.0, -22.0, 11.0, 18.0, -17.0, -50.0, 38.0, 0.0, -2.0, 39.0, -7.0, 81.0, 88.0, 81.0, 1.0, 74.0, 44.0, 81.0, 9.0, 76.0, 7.0, -25.0, 31.0, 31.0, 41.0, 16.0, 56.0, 65.0, 28.0, -25.0, 42.0, -1.0, 27.0, 4.0, -17.0, -45.0, -60.0, 15.0, 32.0, -36.0, -38.0, -22.0, -74.0, 18.0, -105.0, -70.0, -93.0, 24.0, -71.0, -3.0, -47.0, -20.0, -17.0, 13.0, 14.0, -101.0, -33.0, -41.0, -14.0, -23.0, -29.0, ' 21.0]']","['[-15.0', ' 81.0', 74.0, -26.0, -94.0, -44.0, 64.0, 89.0, -57.0, -2.0, 7.0, -27.0, 60.0, -26.0, 17.0, -101.0, 26.0, -32.0, -84.0, -33.0, -48.0, 0.0, 13.0, 39.0, 52.0, -11.0, 51.0, 7.0, -7.0, -21.0, -49.0, 40.0, -35.0, 46.0, 21.0, 13.0, 104.0, -15.0, 94.0, -77.0, -49.0, 60.0, -18.0, 38.0, 22.0, -38.0, 14.0, -32.0, 76.0, -57.0, 28.0, 41.0, 15.0, 67.0, 0.0, -4.0, -69.0, -25.0, 0.0, -73.0, -24.0, -30.0, 20.0, 24.0, -4.0, 33.0, -46.0, 41.0, -17.0, -50.0, -6.0, -109.0, 67.0, -2.0, -40.0, 35.0, -70.0, -9.0, 3.0, 1.0, 38.0, ' -30.0]']","['[94.0', 49.0, -60.0, -91.0, -9.0, 85.0, 71.0, -34.0, -20.0, 39.0, -77.0, 0.0, -18.0, 11.0, 34.0, 9.0, 62.0, -3.0, 42.0, 22.0, -50.0, 0.0, -12.0, 63.0, -28.0, 17.0, 56.0, 31.0, 66.0, -6.0, 26.0, -45.0, -8.0, 17.0, -104.0, 12.0, -55.0, 31.0, 54.0, -5.0, 83.0, -14.0, -35.0, 66.0, -16.0, 51.0, -23.0, -20.0, -65.0, -35.0, -15.0, -82.0, -37.0, 13.0, 0.0, 18.0, -29.0, 53.0, -22.0, -14.0, -21.0, -58.0, -6.0, -51.0, 61.0, -12.0, 13.0, 100.0, -3.0, 107.0, -33.0, 8.0, -38.0, -96.0, 48.0, 17.0, -32.0, 27.0, -63.0, 26.0, -3.0, ' 94.0]']",,,,,,
1740060667.730929,ble-pd-B43A31EF7B26,3248ed8c-9b3f-4dfe-f96b-1255bd2ca1cb,6340,10,-63.0,-76.0,-74.0,-70.0,-57.0,-48.0,-61.0,2.861764197843025,-1.6607049115120809,0.3446175724301065,-1.4679904523926222,-0.790280564919132,-1.9963103434330307,-1.0110935653323387,0.3085058071284182,0.4142601004630329,0.2749098635295005,0.1892947272532013,0.2118967497934263,0.724594076958273,0.68536122822837,-3.182566404342652,6.903719425201416,1.5777082443237305,-3.54,6.84,1.96,"['[35.0', -11.0, -43.0, -16.0, 33.0, 37.0, -8.0, -42.0, 15.0, 26.0, 3.0, 6.0, 2.0, 37.0, -42.0, -37.0, 43.0, 52.0, 19.0, -14.0, -1.0, 100.0, -34.0, 12.0, 9.0, 58.0, 11.0, -43.0, 42.0, 93.0, 6.0, -17.0, 31.0, 89.0, -1.0, -33.0, 5.0, 97.0, 31.0, -16.0, -42.0, 14.0, 46.0, -9.0, 6.0, 3.0, 53.0, -54.0, -28.0, 40.0, 61.0, 17.0, -19.0, 4.0, 107.0, -40.0, 15.0, 5.0, 66.0, 7.0, -44.0, 42.0, 96.0, 3.0, -15.0, 32.0, 91.0, 0.0, -37.0, 5.0, 90.0, 26.0, -11.0, -42.0, 12.0, 55.0, -16.0, 7.0, 2.0, 67.0, -64.0, ' -22.0]']","['[-24.0', -42.0, -2.0, 40.0, 27.0, -21.0, -42.0, -6.0, -3.0, 90.0, -58.0, 0.0, 1.0, 109.0, -76.0, 43.0, -9.0, 62.0, -11.0, -37.0, 34.0, 58.0, -41.0, 20.0, -12.0, 65.0, -33.0, -12.0, 9.0, 23.0, -13.0, -1.0, 11.0, 16.0, 13.0, -16.0, -13.0, -29.0, -8.0, 12.0, 0.0, -4.0, 82.0, -58.0, 0.0, 1.0, 102.0, -68.0, 49.0, -16.0, 53.0, -14.0, -34.0, 33.0, 45.0, -36.0, 16.0, -13.0, 56.0, -34.0, -6.0, 4.0, 8.0, -16.0, 0.0, 6.0, 3.0, 12.0, -9.0, -14.0, -43.0, -12.0, 12.0, 7.0, -6.0, 73.0, -57.0, -2.0, -1.0, 94.0, -59.0, ' 56.0]']","['[22.0', 17.0, ' -18.0', -21.0, 12.0, 26.0, -5.0, -26.0, 42.0, 115.0, 81.0, 23.0, 39.0, 17.0, -30.0, -35.0, 50.0, 44.0, 28.0, 40.0, -1.0, 39.0, 11.0, -26.0, 83.0, -11.0, 62.0, 22.0, 36.0, 17.0, 1.0, -9.0, 4.0, 43.0, 82.0, -12.0, 41.0, -27.0, -48.0, 21.0, -26.0, 33.0, 122.0, 69.0, 24.0, 35.0, 8.0, -40.0, -49.0, 47.0, 45.0, 31.0, 39.0, 10.0, 37.0, 18.0, -39.0, 98.0, -8.0, 77.0, 24.0, 42.0, 24.0, 2.0, -9.0, 17.0, 57.0, 93.0, 2.0, 67.0, -18.0, -30.0, 15.0, -20.0, 26.0, 119.0, 51.0, 21.0, 26.0, 0.0, -49.0, ' -59.0]']","['[14.0', ' -20.0', ' -19.0', 15.0, 24.0, -9.0, -27.0, 2.0, -35.0, 40.0, -41.0, 2.0, -16.0, -41.0, -48.0, -47.0, -4.0, 12.0, 11.0, -5.0, 43.0, -7.0, 37.0, -61.0, 71.0, 8.0, 65.0, 6.0, 27.0, 22.0, -1.0, -7.0, 63.0, 55.0, 62.0, 59.0, 110.0, 38.0, 60.0, -23.0, 7.0, -44.0, 7.0, -62.0, -2.0, -24.0, -43.0, -40.0, -34.0, -16.0, 3.0, 5.0, -17.0, 43.0, -15.0, 35.0, -53.0, 50.0, 10.0, 50.0, 0.0, 21.0, 15.0, -3.0, -5.0, 61.0, 44.0, 39.0, 62.0, 100.0, 43.0, 72.0, -28.0, 14.0, -53.0, -25.0, -79.0, -10.0, -30.0, -44.0, -28.0, ' -23.0]']","['[17.0', ' 12.0', ' -9.0', -17.0, 0.0, 18.0, 8.0, -13.0, -62.0, 107.0, -48.0, 43.0, -39.0, 3.0, -13.0, -95.0, 17.0, 44.0, 8.0, -45.0, 8.0, -53.0, -19.0, -56.0, -27.0, -13.0, -6.0, -22.0, -6.0, -93.0, 17.0, -49.0, -13.0, -42.0, 16.0, -46.0, 21.0, 10.0, 43.0, 54.0, 21.0, 34.0, -55.0, 34.0, -14.0, 25.0, 38.0, -5.0, 104.0, -20.0, 13.0, -25.0, 57.0, -35.0, 92.0, -24.0, 20.0, 31.0, 82.0, 6.0, 0.0, 5.0, -25.0, -34.0, -51.0, 0.0, -29.0, 21.0, -32.0, 3.0, -50.0, -9.0, -48.0, -7.0, 30.0, -52.0, 13.0, -28.0, 14.0, -41.0, 19.0, ' -6.0]']","['[7.0', ' -13.0', ' -15.0', 5.0, 18.0, 4.0, -17.0, -15.0, -1.0, 3.0, -13.0, -9.0, -6.0, -46.0, 14.0, -67.0, 13.0, -42.0, 23.0, -40.0, 35.0, -74.0, 39.0, 8.0, -21.0, -87.0, -3.0, 12.0, -3.0, 79.0, 28.0, 84.0, 6.0, 60.0, -33.0, 62.0, -17.0, 51.0, -13.0, 23.0, -4.0, -54.0, 93.0, -36.0, 41.0, -30.0, 26.0, -19.0, -51.0, 8.0, 59.0, -4.0, -20.0, -11.0, -10.0, -36.0, -52.0, -13.0, 33.0, -4.0, -25.0, -2.0, -119.0, 1.0, -82.0, -14.0, -68.0, 31.0, -71.0, 26.0, -16.0, 44.0, 36.0, 20.0, 56.0, -95.0, 49.0, -34.0, 36.0, 21.0, 3.0, ' 116.0]']","['[28.0', ' 23.0', -10.0, -31.0, -10.0, 23.0, 28.0, -2.0, 66.0, -9.0, -12.0, -87.0, -6.0, -10.0, 90.0, 58.0, -20.0, 68.0, 36.0, 13.0, 49.0, -70.0, 9.0, -106.0, -8.0, -37.0, -39.0, 48.0, 47.0, 52.0, 15.0, 10.0, 64.0, -6.0, 5.0, -40.0, -48.0, -6.0, -63.0, 62.0, 26.0, -86.0, -27.0, -37.0, 42.0, 16.0, 76.0, -18.0, -6.0, 17.0, -3.0, 2.0, -73.0, -60.0, 7.0, 12.0, 73.0, -41.0, 90.0, 66.0, 20.0, 15.0, -45.0, -10.0, -37.0, 21.0, -18.0, -52.0, 31.0, 3.0, 95.0, 36.0, 58.0, -20.0, 17.0, 35.0, 48.0, 43.0, -9.0, -61.0, -66.0, ' -55.0]']","['[14.0', -21.0, -30.0, 0.0, 30.0, 20.0, -14.0, -28.0, 61.0, 36.0, 50.0, 0.0, -15.0, -80.0, -25.0, -27.0, -10.0, -37.0, -25.0, 76.0, 39.0, 31.0, -17.0, -27.0, 50.0, -82.0, -54.0, -52.0, -46.0, 23.0, 3.0, 37.0, -61.0, 25.0, 57.0, -14.0, 21.0, -102.0, -8.0, -103.0, 11.0, 25.0, -26.0, -34.0, -76.0, 2.0, 28.0, 90.0, 64.0, -14.0, 78.0, 42.0, -26.0, 21.0, -79.0, 16.0, -82.0, -31.0, 7.0, -9.0, 68.0, 62.0, 36.0, 14.0, -11.0, 87.0, -18.0, -23.0, -29.0, -53.0, 43.0, -50.0, 104.0, 16.0, -88.0, -12.0, -16.0, 75.0, 13.0, 52.0, -64.0, ' -34.0]']",,,,,,
1740060668.731551,ble-pd-B43A31EF7B26,ca10f066-6daa-ff44-927a-6baa93892a75,6341,8,-61.0,-73.0,-72.0,-66.0,-55.0,-50.0,-61.0,2.8466342470580672,-1.708618641632023,0.3561091125337984,-1.5072005725960225,-0.7605783112908646,-2.2584995389297746,-1.0540354074884606,0.3258114939449439,0.3596745526011966,0.2156355708972274,0.2083625445392483,0.3120056202828256,0.4894098502433027,0.6690271013834441,-3.186573028564453,6.899038314819336,1.5610249042510986,-3.54,6.84,1.96,"['[24.0', -44.0, -52.0, 11.0, 59.0, 27.0, -40.0, -54.0, 1.0, 59.0, -23.0, 0.0, 10.0, 84.0, -70.0, -13.0, 29.0, 75.0, 14.0, -41.0, 19.0, 118.0, -50.0, 3.0, -5.0, 80.0, -3.0, -49.0, 31.0, 97.0, -2.0, -15.0, 39.0, 84.0, 2.0, -31.0, 2.0, 76.0, 9.0, -6.0, -49.0, 0.0, 71.0, -35.0, -1.0, 9.0, 95.0, -78.0, -9.0, 24.0, 79.0, 9.0, -46.0, 22.0, 120.0, -54.0, 6.0, -7.0, 85.0, -10.0, -48.0, 29.0, 92.0, -7.0, -11.0, 39.0, 80.0, 3.0, -30.0, 2.0, 64.0, 4.0, -4.0, -44.0, -1.0, 80.0, -46.0, -4.0, 9.0, 103.0, -84.0, ' -3.0]']","['[-54.0', -40.0, 29.0, 58.0, 11.0, -52.0, -44.0, 22.0, -9.0, 71.0, -73.0, -17.0, -3.0, 78.0, -56.0, 39.0, -32.0, 38.0, -34.0, -35.0, 32.0, 12.0, -29.0, 16.0, -18.0, 36.0, -41.0, 8.0, -6.0, -17.0, -30.0, 21.0, 6.0, -19.0, 9.0, -1.0, 1.0, -58.0, -28.0, 20.0, 30.0, -8.0, 59.0, -69.0, -17.0, -5.0, 63.0, -46.0, 41.0, -37.0, 27.0, -35.0, -29.0, 31.0, -4.0, -21.0, 15.0, -17.0, 22.0, -40.0, 17.0, -11.0, -33.0, -29.0, 23.0, 0.0, -31.0, 8.0, 3.0, 1.0, -71.0, -29.0, 21.0, 38.0, -7.0, 47.0, -61.0, -16.0, -6.0, 52.0, -31.0, ' 43.0]']","['[-43.0', 0.0, ' 42.0', 10.0, -39.0, -22.0, 32.0, 29.0, -21.0, -93.0, -45.0, -27.0, -13.0, 16.0, 45.0, 48.0, -53.0, -70.0, -51.0, -34.0, -34.0, -26.0, -17.0, 61.0, -121.0, 1.0, -88.0, -33.0, -20.0, -40.0, 10.0, 9.0, -48.0, -55.0, -102.0, -24.0, -77.0, 0.0, 1.0, -19.0, 21.0, -9.0, -80.0, -30.0, -24.0, -10.0, 24.0, 47.0, 49.0, -43.0, -65.0, -50.0, -26.0, -44.0, -11.0, -23.0, 70.0, -121.0, -5.0, -95.0, -32.0, -22.0, -43.0, 12.0, 11.0, -60.0, -59.0, -111.0, -39.0, -97.0, -14.0, -12.0, -12.0, 13.0, 10.0, -63.0, -10.0, -20.0, -4.0, 28.0, 49.0, ' 54.0]']","['[4.0', ' 43.0', ' 5.0', -42.0, -18.0, 37.0, 27.0, -27.0, 64.0, 57.0, 69.0, 9.0, 24.0, 26.0, 20.0, 14.0, 32.0, 14.0, -5.0, 24.0, -57.0, 46.0, -33.0, 36.0, -15.0, -31.0, -36.0, -4.0, -10.0, -18.0, 13.0, 5.0, -63.0, -16.0, -51.0, -66.0, -85.0, -56.0, -61.0, 39.0, -34.0, 69.0, 71.0, 77.0, 15.0, 28.0, 24.0, 9.0, 6.0, 43.0, 31.0, 6.0, 30.0, -50.0, 50.0, -30.0, 19.0, 9.0, -31.0, -18.0, 3.0, -4.0, -8.0, 9.0, 3.0, -51.0, -3.0, -27.0, -59.0, -65.0, -54.0, -60.0, 42.0, -36.0, 70.0, 88.0, 82.0, 19.0, 29.0, 19.0, -1.0, ' -4.0]']","['[25.0', ' -3.0', ' -28.0', -10.0, 20.0, 21.0, -9.0, -28.0, 5.0, 39.0, 4.0, 17.0, -9.0, -43.0, -3.0, -65.0, 7.0, -40.0, 15.0, -48.0, 24.0, -88.0, 33.0, -13.0, -27.0, -107.0, -1.0, -8.0, -1.0, 72.0, 26.0, 80.0, 8.0, 23.0, -39.0, 53.0, -21.0, 22.0, -30.0, 28.0, 10.0, -47.0, 77.0, -38.0, 38.0, -23.0, 38.0, -9.0, -36.0, 20.0, 93.0, 7.0, 2.0, -11.0, 9.0, -40.0, -37.0, -16.0, 52.0, -16.0, -8.0, -23.0, -112.0, -1.0, -95.0, -14.0, -63.0, 25.0, -91.0, 18.0, -29.0, 37.0, 24.0, 15.0, 40.0, -118.0, 36.0, -55.0, 33.0, 4.0, 10.0, ' 107.0]']","['[-11.0', ' -27.0', ' -3.0', 25.0, 16.0, -16.0, -26.0, 2.0, 49.0, -111.0, 42.0, -53.0, 33.0, -21.0, 11.0, 85.0, -28.0, -83.0, -18.0, 24.0, 0.0, 40.0, 27.0, 50.0, 32.0, -2.0, 18.0, 13.0, 27.0, 88.0, -12.0, 63.0, 13.0, 57.0, -7.0, 75.0, -9.0, 20.0, -24.0, -45.0, -26.0, -18.0, 90.0, -20.0, 40.0, -24.0, -27.0, -8.0, -100.0, 19.0, 6.0, 22.0, -55.0, 19.0, -96.0, 13.0, -39.0, -39.0, -95.0, -10.0, -11.0, -15.0, 18.0, 29.0, 39.0, 1.0, -8.0, -30.0, 8.0, -12.0, 10.0, -14.0, 47.0, 24.0, -30.0, 17.0, -25.0, 12.0, -9.0, 47.0, -4.0, ' 16.0]']","['[38.0', ' 51.0', -1.0, -53.0, -34.0, 29.0, 55.0, 11.0, 42.0, -17.0, -23.0, -97.0, -2.0, 0.0, 93.0, 75.0, 1.0, 72.0, 27.0, 15.0, 18.0, -73.0, -3.0, -89.0, -25.0, -41.0, -21.0, 67.0, 62.0, 49.0, 16.0, -9.0, 33.0, -15.0, -19.0, -51.0, -46.0, -2.0, -15.0, 64.0, 38.0, -79.0, -39.0, -7.0, 50.0, 29.0, 72.0, -19.0, -39.0, 3.0, -17.0, -5.0, -82.0, -47.0, 8.0, 29.0, 73.0, -11.0, 90.0, 71.0, 25.0, 10.0, -58.0, -26.0, -26.0, 3.0, -19.0, -22.0, 54.0, 33.0, 88.0, 23.0, 50.0, -47.0, 32.0, 56.0, 31.0, 49.0, -25.0, -66.0, -73.0, ' -36.0]']","['[40.0', -21.0, -56.0, -17.0, 44.0, 47.0, -8.0, -51.0, 66.0, 55.0, 23.0, -6.0, -31.0, -78.0, -29.0, 2.0, -4.0, -19.0, -8.0, 86.0, 42.0, 32.0, -32.0, -35.0, 26.0, -79.0, -70.0, -62.0, -42.0, 40.0, 22.0, 38.0, -24.0, 29.0, 35.0, -33.0, -12.0, -98.0, -18.0, -97.0, 31.0, 5.0, -44.0, -30.0, -84.0, 12.0, 34.0, 96.0, 64.0, 3.0, 74.0, 28.0, -29.0, -5.0, -81.0, 13.0, -62.0, -35.0, 3.0, 16.0, 88.0, 74.0, 25.0, 3.0, -29.0, 42.0, -28.0, -35.0, -26.0, -35.0, 44.0, -4.0, 103.0, 16.0, -72.0, -13.0, 8.0, 85.0, 18.0, 45.0, -64.0, ' -64.0]']",,,,,,
1740060669.731981,ble-pd-B43A31EF7B26,565cbb58-e96c-3df9-04bb-dcef2463b016,6342,16,-72.0,-86.0,-69.0,-61.0,-61.0,-50.0,-59.0,2.8450656451760103,-1.706268268811974,0.3590436497389567,-1.504917577751552,-0.8448617368668315,-2.3501626501847315,-0.8351652292205858,0.2812346713813569,0.4634969223020405,0.2371352370879235,0.1446127764055834,0.3795336926427656,0.4426843706822834,0.7457170652719043,-3.192932367324829,6.900099277496338,1.5550918579101562,-3.54,6.84,1.96,"['[-6.0', 17.0, 18.0, -5.0, -21.0, -7.0, 16.0, 18.0, -23.0, -16.0, 31.0, 14.0, 7.0, -40.0, 50.0, 42.0, -38.0, -61.0, -6.0, 13.0, 2.0, -92.0, 38.0, -41.0, 0.0, -70.0, -7.0, 21.0, -34.0, -101.0, 20.0, -27.0, -38.0, -125.0, 1.0, 24.0, -49.0, -99.0, -6.0, 4.0, 16.0, -21.0, -15.0, 34.0, 13.0, 8.0, -42.0, 49.0, 40.0, -38.0, -62.0, -5.0, 13.0, 3.0, -91.0, 38.0, -43.0, 0.0, -70.0, -8.0, 20.0, -34.0, -101.0, 19.0, -28.0, -40.0, -124.0, 0.0, 24.0, -49.0, -99.0, -5.0, 4.0, 17.0, -22.0, -14.0, 33.0, 13.0, 10.0, -43.0, 50.0, ' 39.0]']","['[20.0', 11.0, -12.0, -20.0, -1.0, 20.0, 14.0, -10.0, 26.0, -78.0, 66.0, -9.0, 41.0, -101.0, 78.0, -59.0, 7.0, -43.0, 27.0, -11.0, -17.0, -68.0, 71.0, -56.0, -11.0, -31.0, 44.0, -25.0, -34.0, -29.0, 34.0, -3.0, -39.0, 0.0, 13.0, -27.0, 2.0, 34.0, -1.0, -10.0, -10.0, 26.0, -78.0, 66.0, -9.0, 42.0, -101.0, 80.0, -61.0, 9.0, -43.0, 27.0, -12.0, -15.0, -72.0, 71.0, -54.0, -8.0, -31.0, 46.0, -26.0, -33.0, -28.0, 34.0, -3.0, -38.0, 1.0, 12.0, -27.0, 2.0, 30.0, -2.0, -9.0, -11.0, 26.0, -78.0, 65.0, -9.0, 42.0, -101.0, 79.0, ' -60.0]']","['[-6.0', 0.0, ' 6.0', 2.0, -5.0, -2.0, 5.0, 3.0, 6.0, 3.0, 34.0, -19.0, 6.0, 18.0, 22.0, 44.0, 22.0, -18.0, 15.0, -10.0, -24.0, 0.0, -32.0, -14.0, -11.0, -54.0, -14.0, -8.0, -15.0, -3.0, -32.0, 0.0, -40.0, -55.0, -24.0, -29.0, -78.0, -35.0, -65.0, -6.0, 2.0, 7.0, 14.0, 43.0, -15.0, 14.0, 18.0, 19.0, 42.0, 22.0, -5.0, 17.0, -6.0, -22.0, 1.0, -29.0, -15.0, -1.0, -52.0, -4.0, -5.0, -6.0, 1.0, -29.0, 4.0, -37.0, -58.0, -8.0, -33.0, -62.0, -35.0, -71.0, -8.0, 2.0, 10.0, 26.0, 57.0, -11.0, 22.0, 18.0, 17.0, ' 40.0]']","['[0.0', ' 4.0', ' 1.0', -4.0, -1.0, 5.0, 4.0, -4.0, 9.0, 73.0, 55.0, 15.0, 51.0, 3.0, -8.0, -4.0, 9.0, 80.0, 14.0, 14.0, 22.0, 7.0, 17.0, -7.0, 63.0, 8.0, 56.0, 17.0, 45.0, 35.0, 15.0, 13.0, 8.0, -21.0, 95.0, -19.0, 88.0, -2.0, -42.0, -6.0, -1.0, 8.0, 71.0, 52.0, 18.0, 47.0, 0.0, -11.0, -14.0, 5.0, 82.0, 10.0, 16.0, 22.0, 9.0, 22.0, -5.0, 62.0, 18.0, 59.0, 17.0, 47.0, 35.0, 21.0, 11.0, 15.0, -12.0, 99.0, -14.0, 102.0, 1.0, -30.0, -4.0, -3.0, 8.0, 68.0, 43.0, 19.0, 47.0, -2.0, -13.0, ' -22.0]']","['[-12.0', ' 27.0', ' 27.0', -12.0, -34.0, -4.0, 32.0, 26.0, 20.0, 10.0, -3.0, 30.0, 3.0, 54.0, -35.0, 106.0, -11.0, 34.0, -33.0, 60.0, -23.0, 9.0, -25.0, -63.0, -19.0, 66.0, -21.0, -13.0, -25.0, -28.0, 22.0, -87.0, -16.0, -75.0, -6.0, -100.0, -23.0, -69.0, -51.0, -55.0, 6.0, 66.0, -86.0, 50.0, -66.0, 36.0, -18.0, 20.0, -19.0, 28.0, -31.0, 29.0, 10.0, 31.0, 27.0, 3.0, 123.0, 38.0, -19.0, 4.0, 55.0, 31.0, 57.0, -5.0, 53.0, -7.0, 71.0, 1.0, 89.0, 0.0, 54.0, 29.0, -37.0, -35.0, -95.0, 95.0, -58.0, 47.0, -49.0, -29.0, 10.0, ' -86.0]']","['[32.0', ' 20.0', ' -20.0', -32.0, 4.0, 34.0, 14.0, -26.0, -93.0, 98.0, -60.0, 60.0, -48.0, -15.0, 0.0, -56.0, -27.0, 13.0, -10.0, -60.0, -21.0, -42.0, 13.0, -105.0, -33.0, -21.0, 9.0, -57.0, -20.0, -51.0, -10.0, -4.0, 21.0, -32.0, 3.0, -38.0, 19.0, -16.0, 3.0, 88.0, 39.0, 69.0, -51.0, 34.0, -12.0, 33.0, 52.0, -28.0, 118.0, 6.0, 19.0, -20.0, 85.0, -6.0, 31.0, -28.0, 11.0, 3.0, 67.0, -22.0, 23.0, -8.0, 6.0, 23.0, -69.0, -26.0, -40.0, -8.0, -58.0, -31.0, -45.0, -41.0, -97.0, -18.0, 10.0, -33.0, 19.0, -48.0, 9.0, -48.0, 34.0, ' -83.0]']","['[64.0', ' 61.0', -18.0, -75.0, -35.0, 51.0, 71.0, 3.0, -20.0, 10.0, -7.0, 30.0, 50.0, -6.0, 57.0, -18.0, 73.0, -26.0, 0.0, 19.0, -88.0, 10.0, -17.0, 40.0, -9.0, 6.0, 63.0, 27.0, 41.0, -19.0, -67.0, -55.0, -67.0, 15.0, -114.0, 14.0, 20.0, 15.0, 108.0, -11.0, 59.0, 24.0, -1.0, 45.0, -36.0, 19.0, -46.0, -56.0, -28.0, -43.0, 20.0, -64.0, -25.0, 51.0, -16.0, 67.0, -5.0, 67.0, -4.0, -23.0, -31.0, -82.0, 2.0, 1.0, 58.0, -9.0, 17.0, 101.0, 3.0, 73.0, -17.0, -91.0, -33.0, -76.0, -9.0, -10.0, -47.0, 13.0, -75.0, 63.0, 12.0, ' 51.0]']","['[40.0', -44.0, -74.0, -9.0, 67.0, 56.0, -26.0, -77.0, -14.0, -8.0, -51.0, 20.0, -65.0, 62.0, 24.0, 49.0, -2.0, -6.0, 83.0, 15.0, 2.0, 13.0, -72.0, -25.0, -79.0, 0.0, -21.0, 19.0, 71.0, 13.0, 53.0, -31.0, 69.0, -34.0, -40.0, -14.0, -109.0, 9.0, 30.0, 51.0, 51.0, -7.0, 13.0, 23.0, 12.0, 81.0, -44.0, 30.0, -45.0, 61.0, -16.0, -53.0, 6.0, -71.0, -2.0, 32.0, 47.0, 40.0, 5.0, 62.0, 9.0, -7.0, -23.0, -86.0, -26.0, -96.0, 32.0, -62.0, 20.0, 86.0, 6.0, 66.0, -41.0, 15.0, 22.0, -9.0, 19.0, -35.0, -36.0, -7.0, -62.0, ' 10.0]']",,,,,,
1740060670.729054,ble-pd-B43A31EF7B26,850eb8cd-6eaa-8e63-3be1-ac85ea329817,6343,32,-65.0,-81.0,-75.0,-61.0,-54.0,-51.0,-64.0,2.880222567358365,-1.6610802840677277,0.3241551741944827,-1.513574582349018,-0.8614546293099562,-2.398645242297628,-1.5439284444284078,0.2792131989559323,0.4424891752541957,0.2284971076446833,0.0997137779291242,0.2697370343594942,0.316853611697513,0.9946031870738008,-3.207811117172241,6.916978359222412,1.5588287115097046,-3.54,6.84,1.96,"['[-50.0', 4.0, 54.0, 29.0, -34.0, -52.0, 0.0, 52.0, -27.0, 16.0, -88.0, 22.0, -35.0, 24.0, -55.0, 49.0, -29.0, 28.0, -58.0, 17.0, -35.0, 30.0, -18.0, 37.0, -31.0, 0.0, -33.0, 25.0, -20.0, 11.0, -29.0, 40.0, -25.0, -2.0, -6.0, 40.0, -31.0, 0.0, -3.0, 37.0, 46.0, -16.0, 8.0, -95.0, 21.0, -30.0, 26.0, -77.0, 54.0, -21.0, 34.0, -64.0, 16.0, -30.0, 38.0, -31.0, 48.0, -27.0, 12.0, -38.0, 24.0, -19.0, 22.0, -35.0, 47.0, -17.0, 19.0, -16.0, 39.0, -27.0, 8.0, -12.0, 43.0, 39.0, -7.0, 2.0, -98.0, 19.0, -22.0, 29.0, -97.0, ' 56.0]']","['[23.0', 55.0, 13.0, -46.0, -43.0, 17.0, 55.0, 19.0, -36.0, 29.0, 43.0, 2.0, -19.0, -15.0, 106.0, -25.0, -32.0, -35.0, 34.0, 0.0, -15.0, -46.0, 52.0, -56.0, -16.0, -54.0, 28.0, 5.0, -2.0, -43.0, 28.0, -27.0, -32.0, -95.0, 40.0, -1.0, -9.0, -45.0, 40.0, -31.0, 29.0, -43.0, 33.0, 22.0, 6.0, -25.0, -11.0, 92.0, -13.0, -36.0, -28.0, 20.0, 4.0, -23.0, -39.0, 47.0, -46.0, -23.0, -52.0, 19.0, 10.0, -8.0, -39.0, 21.0, -17.0, -37.0, -94.0, 38.0, 7.0, -17.0, -44.0, 38.0, -22.0, 38.0, -45.0, 33.0, 1.0, 12.0, -32.0, -4.0, 71.0, ' -1.0]']","['[-5.0', 7.0, ' 8.0', -4.0, -9.0, 2.0, 12.0, 1.0, 19.0, -27.0, -36.0, 19.0, -47.0, -5.0, -46.0, -24.0, -9.0, -24.0, -21.0, 0.0, -30.0, 3.0, -29.0, 22.0, 15.0, 27.0, -1.0, 22.0, -20.0, -1.0, 25.0, 19.0, 41.0, 34.0, -51.0, 7.0, -17.0, 17.0, 63.0, 23.0, 0.0, 19.0, -31.0, -39.0, 17.0, -48.0, -5.0, -47.0, -25.0, -9.0, -25.0, -21.0, -1.0, -32.0, 2.0, -33.0, 20.0, 13.0, 26.0, -2.0, 22.0, -23.0, -3.0, 18.0, 17.0, 41.0, 36.0, -54.0, 12.0, -24.0, 19.0, 60.0, 27.0, 0.0, 16.0, -35.0, -42.0, 15.0, -51.0, -5.0, -44.0, ' -24.0]']","['[8.0', ' 6.0', ' -7.0', -9.0, 4.0, 11.0, 0.0, -10.0, -13.0, -39.0, -28.0, -17.0, -17.0, -6.0, 12.0, -5.0, 3.0, -18.0, 8.0, 0.0, -13.0, 1.0, -27.0, -13.0, -14.0, -24.0, -12.0, 5.0, -49.0, -9.0, -54.0, -17.0, 6.0, 13.0, -44.0, 39.0, -124.0, 12.0, -39.0, 41.0, -9.0, -15.0, -37.0, -22.0, -20.0, -14.0, -6.0, 16.0, -2.0, 3.0, -16.0, 11.0, -1.0, -10.0, 1.0, -23.0, -15.0, -16.0, -27.0, -13.0, 2.0, -48.0, -9.0, -57.0, -19.0, 3.0, 9.0, -39.0, 38.0, -124.0, 10.0, -43.0, 38.0, -11.0, -17.0, -34.0, -21.0, -20.0, -9.0, -5.0, 20.0, ' 0.0]']","['[16.0', ' -18.0', ' -28.0', 4.0, 29.0, 11.0, -22.0, -20.0, 90.0, -80.0, 58.0, -32.0, 47.0, -35.0, -46.0, 37.0, -11.0, 7.0, -10.0, -4.0, -4.0, 66.0, -21.0, 45.0, -14.0, 16.0, 25.0, 32.0, 93.0, 10.0, 85.0, 17.0, 61.0, -3.0, 59.0, -21.0, 75.0, -17.0, 76.0, -33.0, 1.0, -6.0, 86.0, -3.0, 5.0, -37.0, -14.0, -1.0, -58.0, 46.0, -50.0, 20.0, -12.0, -42.0, -53.0, -33.0, -25.0, 3.0, 9.0, -4.0, -25.0, -88.0, 33.0, -114.0, 33.0, -20.0, 11.0, -43.0, 32.0, -45.0, 23.0, -58.0, 17.0, 16.0, -79.0, -43.0, -53.0, 21.0, 9.0, 53.0, 47.0, ' 53.0]']","['[-24.0', ' -23.0', ' 9.0', 28.0, 3.0, -26.0, -19.0, 17.0, -84.0, -37.0, -60.0, 23.0, 7.0, 54.0, 50.0, 48.0, -54.0, 69.0, -19.0, 22.0, 66.0, 9.0, 70.0, -14.0, 9.0, -33.0, -20.0, 0.0, 29.0, -59.0, 73.0, -68.0, -34.0, -11.0, 0.0, -26.0, -17.0, -15.0, 4.0, 11.0, -26.0, 123.0, -27.0, 82.0, -38.0, 26.0, -64.0, -67.0, -11.0, 31.0, -48.0, 7.0, -20.0, -53.0, 37.0, -67.0, 42.0, -15.0, 35.0, 32.0, 21.0, 40.0, 50.0, 6.0, 60.0, 67.0, 5.0, 42.0, 4.0, 65.0, 0.0, 47.0, -32.0, 21.0, -97.0, 78.0, -62.0, 32.0, -45.0, 37.0, 49.0, ' -30.0]']","['[-73.0', ' -79.0', 15.0, 89.0, 49.0, -51.0, -88.0, -10.0, 59.0, -69.0, 74.0, -1.0, -31.0, -3.0, -52.0, 0.0, -63.0, -20.0, 28.0, -23.0, 101.0, -13.0, -11.0, -33.0, 3.0, 63.0, -69.0, -6.0, -28.0, 6.0, 47.0, 25.0, 6.0, -6.0, 117.0, 30.0, -23.0, 41.0, -57.0, 27.0, -43.0, -29.0, 76.0, -100.0, 25.0, -37.0, 10.0, 73.0, 32.0, 66.0, -24.0, 29.0, 26.0, -84.0, -5.0, -35.0, -6.0, -26.0, -82.0, 38.0, -19.0, 64.0, -23.0, -25.0, -47.0, 39.0, 19.0, -111.0, -20.0, -30.0, -33.0, 55.0, -18.0, 83.0, -12.0, -53.0, 86.0, -39.0, 91.0, -12.0, -65.0, ' -46.0]']","['[-54.0', 45.0, 89.0, 17.0, -76.0, -74.0, 21.0, 90.0, -31.0, -29.0, 64.0, -40.0, 104.0, -12.0, -49.0, -52.0, -24.0, 68.0, -89.0, -13.0, 2.0, 25.0, 79.0, 56.0, 40.0, 54.0, 25.0, 42.0, -70.0, 29.0, -21.0, 42.0, -80.0, -23.0, 30.0, -7.0, 87.0, 1.0, -17.0, -4.0, -79.0, 61.0, -17.0, -11.0, 31.0, -104.0, 7.0, 8.0, 41.0, -18.0, -68.0, 89.0, -2.0, 55.0, -28.0, -72.0, -65.0, -30.0, -9.0, -62.0, -38.0, 40.0, -19.0, 45.0, -18.0, 71.0, 15.0, 45.0, 24.0, -86.0, 23.0, -20.0, 20.0, 36.0, -67.0, 58.0, -51.0, -10.0, 60.0, 0.0, 36.0, ' -17.0]']",,,,,,
1740060671.729722,ble-pd-B43A31EF7B26,78112902-f3d2-8ed9-7f4d-eb386b75c7ff,6344,10,-62.0,-86.0,,-59.0,-55.0,-56.0,-62.0,2.7661620410313605,-1.662222513859262,,-1.5051370222253746,-0.7747471354937733,-1.5901767608457265,-1.3176303803304812,0.5180710851502167,0.4139395557363282,,0.1191267825043375,0.4055694238114894,0.8375889051781281,1.1734849021605052,-3.2089502811431885,6.9288105964660645,1.5463898181915283,-3.54,6.84,1.96,"['[37.0', 54.0, -1.0, -56.0, -34.0, 33.0, 56.0, 5.0, 22.0, -42.0, 82.0, 0.0, -26.0, -28.0, 77.0, -8.0, -10.0, -24.0, 68.0, 12.0, -64.0, -20.0, 73.0, -10.0, -14.0, 0.0, 62.0, -4.0, -44.0, 16.0, 18.0, 16.0, -42.0, 12.0, 81.0, -20.0, -4.0, -15.0, 18.0, 27.0, -3.0, 18.0, -43.0, 86.0, -2.0, -25.0, -27.0, 70.0, -8.0, -15.0, -21.0, 71.0, 14.0, -64.0, -16.0, 56.0, -6.0, -12.0, 1.0, 64.0, -6.0, -38.0, 18.0, 7.0, 19.0, -43.0, 14.0, 73.0, -14.0, 0.0, -14.0, 9.0, 27.0, -11.0, 14.0, -45.0, 86.0, -3.0, -23.0, -25.0, 58.0, ' -10.0]']","['[45.0', -21.0, -58.0, -17.0, 47.0, 47.0, -15.0, -57.0, -20.0, -16.0, 25.0, -5.0, 0.0, 12.0, -54.0, -5.0, -33.0, 14.0, 24.0, 17.0, -6.0, 42.0, -91.0, 22.0, 13.0, 6.0, 14.0, -13.0, 31.0, 13.0, -67.0, 21.0, -6.0, 12.0, -51.0, 28.0, 29.0, 0.0, -46.0, 2.0, -56.0, -24.0, -10.0, 10.0, -4.0, 3.0, 14.0, -63.0, -4.0, -32.0, 18.0, 15.0, 15.0, 3.0, 44.0, -102.0, 23.0, 15.0, 6.0, 2.0, -12.0, 38.0, 10.0, -69.0, 18.0, 0.0, 9.0, -63.0, 31.0, 29.0, 2.0, -50.0, -2.0, -56.0, -26.0, -1.0, 0.0, -4.0, 8.0, 18.0, -74.0, ' -1.0]']","['[-4.0', -3.0, ' 4.0', 3.0, -3.0, -4.0, 1.0, 4.0, -4.0, -42.0, -33.0, -5.0, -5.0, -12.0, 27.0, 0.0, -41.0, -28.0, -3.0, -3.0, -46.0, -2.0, -55.0, 11.0, -34.0, -10.0, -40.0, -8.0, -54.0, -33.0, 5.0, 5.0, 37.0, -9.0, -71.0, -4.0, -110.0, -10.0, -12.0, 28.0, 3.0, 4.0, -38.0, -23.0, -5.0, -1.0, -10.0, 29.0, 0.0, -44.0, -21.0, -3.0, 0.0, -44.0, 0.0, -57.0, 7.0, -40.0, -13.0, -34.0, -5.0, -54.0, -33.0, -2.0, -2.0, 21.0, -9.0, -65.0, -4.0, -119.0, -17.0, -23.0, 27.0, 3.0, 11.0, -30.0, -12.0, -6.0, 6.0, -9.0, 31.0, ' 0.0]']","['[-1.0', ' 4.0', ' 3.0', -3.0, -3.0, 2.0, 4.0, 0.0, 31.0, 19.0, 37.0, -4.0, 22.0, 3.0, 12.0, -7.0, -14.0, 32.0, -2.0, 14.0, 0.0, 13.0, -14.0, -21.0, -27.0, -15.0, 16.0, 14.0, -3.0, 0.0, -30.0, -36.0, -60.0, 0.0, 15.0, -2.0, -48.0, -29.0, -55.0, 4.0, -2.0, 32.0, 25.0, 46.0, -4.0, 24.0, 5.0, 6.0, -6.0, -4.0, 38.0, -1.0, 14.0, 12.0, 13.0, -2.0, -22.0, -17.0, -11.0, 26.0, 15.0, 8.0, 6.0, -31.0, -37.0, -68.0, 3.0, 31.0, 0.0, -21.0, -25.0, -51.0, -1.0, -2.0, 30.0, 36.0, 49.0, -3.0, 24.0, 7.0, 0.0, ' -5.0]']",,,"['[-9.0', 60.0, 53.0, -23.0, -69.0, -25.0, 51.0, 61.0, -75.0, 10.0, 10.0, 23.0, 75.0, 31.0, 5.0, -52.0, 30.0, -1.0, -59.0, -21.0, -80.0, 3.0, 14.0, 45.0, 32.0, -37.0, 106.0, 7.0, -6.0, -48.0, -67.0, -35.0, -49.0, 11.0, -32.0, -12.0, 92.0, -14.0, 69.0, -18.0, -1.0, 57.0, -19.0, 71.0, 19.0, -34.0, -41.0, -36.0, -6.0, -68.0, 29.0, -29.0, 13.0, 62.0, 21.0, 40.0, -16.0, 32.0, 41.0, -88.0, -28.0, -97.0, 20.0, 31.0, 42.0, -9.0, -57.0, 113.0, -17.0, 9.0, -33.0, -71.0, -36.0, -58.0, 21.0, 9.0, -83.0, -41.0, -44.0, ' 8.0', ' 32.0', ' 55.0]']","['[68.0', 33.0, -43.0, -65.0, 0.0, 64.0, 46.0, -32.0, -21.0, 15.0, -89.0, -34.0, -5.0, 29.0, 38.0, 38.0, 60.0, -32.0, 69.0, -4.0, -26.0, -26.0, -57.0, -8.0, -56.0, -26.0, 45.0, 27.0, 113.0, 2.0, 1.0, -28.0, 39.0, 59.0, -111.0, 26.0, -59.0, 45.0, 42.0, 53.0, 69.0, -57.0, 0.0, 54.0, 37.0, 68.0, 11.0, -16.0, -65.0, -1.0, 15.0, -86.0, -17.0, -56.0, 16.0, 41.0, 43.0, 56.0, -20.0, 69.0, -6.0, -66.0, -44.0, -59.0, -16.0, -63.0, -19.0, 24.0, -23.0, 110.0, -33.0, 39.0, -42.0, -38.0, 78.0, -16.0, 35.0, -1.0, -62.0, ' -42.0', ' -22.0', ' 27.0]']",,,,,,
1740060672.732168,ble-pd-B43A31EF7B26,dce3549d-5d8e-c736-5d6d-558fe8c636e2,6345,21,-66.0,-91.0,,-61.0,,,,2.7830352970658847,-1.559387344684997,,-1.4902241190692576,,,,0.5593091026551714,0.3112891100731736,,0.1412168465415689,,,,,,,-3.54,6.84,1.96,"['[49.0', -2.0, -51.0, -31.0, 29.0, 51.0, 3.0, -50.0, 10.0, -91.0, 82.0, -13.0, 75.0, -90.0, 97.0, -1.0, -17.0, -83.0, 42.0, -36.0, -2.0, -89.0, 91.0, -105.0, 8.0, -38.0, 36.0, -69.0, -49.0, -75.0, 56.0, -68.0, -73.0, -24.0, 27.0, -36.0, -50.0, -45.0, 33.0, -17.0, -49.0, 7.0, -90.0, 82.0, -10.0, 73.0, -90.0, 97.0, 4.0, -20.0, -90.0, 41.0, -29.0, -3.0, -92.0, 92.0, -102.0, 8.0, -44.0, 34.0, -66.0, -50.0, -82.0, 58.0, -71.0, -72.0, -29.0, 27.0, -35.0, -51.0, -48.0, 34.0, -17.0, -47.0, 4.0, -92.0, 81.0, -4.0, 72.0, -90.0, 98.0, ' 8.0]']","['[-19.0', -53.0, -14.0, 43.0, 44.0, -14.0, -53.0, -21.0, 62.0, 15.0, -12.0, -63.0, 29.0, 0.0, 6.0, -112.0, 48.0, 81.0, 17.0, -69.0, 6.0, 54.0, -14.0, -44.0, 11.0, 113.0, 48.0, -43.0, 1.0, 76.0, -14.0, 16.0, -7.0, 112.0, 5.0, -11.0, 30.0, 112.0, -16.0, -9.0, -22.0, 63.0, 12.0, -7.0, -63.0, 35.0, -4.0, 8.0, -112.0, 48.0, 73.0, 18.0, -73.0, 5.0, 50.0, -8.0, -49.0, 11.0, 112.0, 49.0, -48.0, -1.0, 68.0, -11.0, 13.0, -10.0, 111.0, 7.0, -13.0, 28.0, 110.0, -13.0, -10.0, -26.0, 63.0, 4.0, -7.0, -64.0, 39.0, -8.0, 13.0, ' -111.0]']","['[-3.0', 0.0, ' 3.0', 1.0, -2.0, -2.0, 2.0, 2.0, -18.0, -34.0, -54.0, -4.0, -24.0, -9.0, -37.0, -10.0, -30.0, -15.0, -29.0, -4.0, -20.0, -6.0, 0.0, 19.0, -9.0, 22.0, -25.0, -6.0, -13.0, -5.0, 30.0, 4.0, 4.0, 25.0, -33.0, 20.0, 31.0, 37.0, 65.0, 31.0, 1.0, -20.0, -41.0, -61.0, -4.0, -27.0, -10.0, -32.0, -9.0, -29.0, -25.0, -29.0, -5.0, -25.0, -6.0, -5.0, 20.0, -15.0, 22.0, -34.0, -6.0, -24.0, -8.0, 23.0, 3.0, 2.0, 23.0, -52.0, 20.0, 14.0, 37.0, 64.0, 33.0, 1.0, -20.0, -47.0, -65.0, -5.0, -31.0, -9.0, -26.0, ' -6.0]']","['[1.0', ' 3.0', ' 0.0', -3.0, -1.0, 2.0, 2.0, -2.0, -1.0, -44.0, -44.0, -5.0, -28.0, 1.0, 22.0, 6.0, 6.0, -62.0, 1.0, -18.0, -21.0, -4.0, -38.0, 15.0, -56.0, 5.0, -57.0, -7.0, -75.0, -27.0, -45.0, -10.0, -14.0, -13.0, -112.0, 7.0, -116.0, -7.0, 0.0, 14.0, -4.0, 2.0, -36.0, -37.0, -4.0, -25.0, 2.0, 29.0, 6.0, 11.0, -58.0, 7.0, -18.0, -17.0, -3.0, -38.0, 13.0, -54.0, 2.0, -52.0, -6.0, -74.0, -26.0, -47.0, -11.0, -14.0, -16.0, -105.0, 4.0, -121.0, -14.0, -9.0, 8.0, -5.0, 5.0, -30.0, -25.0, -3.0, -20.0, 4.0, 33.0, ' 10.0]']",,,"['[29.0', -62.0, -74.0, 9.0, 80.0, 47.0, -46.0, -81.0, 58.0, -17.0, 0.0, 13.0, -49.0, 24.0, 9.0, 80.0, -23.0, 19.0, 79.0, 40.0, 46.0, -28.0, -49.0, -87.0, -73.0, -26.0, -55.0, 18.0, 42.0, 28.0, 36.0, -15.0, 57.0, -49.0, -7.0, -45.0, -116.0, 0.0, -28.0, 64.0, 45.0, -47.0, 22.0, -30.0, 7.0, 29.0, 13.0, 36.0, -3.0, 72.0, -1.0, -26.0, -26.0, -80.0, 6.0, 20.0, 77.0, 20.0, 40.0, 81.0, 17.0, 17.0, -43.0, -47.0, -71.0, -64.0, 22.0, -84.0, 40.0, 66.0, 35.0, 66.0, -31.0, 22.0, 3.0, -14.0, 42.0, -24.0, 7.0, ' -42.0', ' -58.0', ' -73.0]']","['[-79.0', -55.0, 37.0, 82.0, 23.0, -68.0, -69.0, 16.0, 7.0, -14.0, 42.0, -23.0, 6.0, -41.0, -58.0, -70.0, -77.0, -15.0, -40.0, 0.0, 66.0, 19.0, 16.0, -25.0, 40.0, -30.0, -58.0, -43.0, -65.0, 33.0, 30.0, 108.0, 32.0, 17.0, 122.0, -16.0, 18.0, -47.0, -66.0, -18.0, -70.0, 36.0, -2.0, -28.0, 26.0, -40.0, 46.0, 45.0, 107.0, 36.0, 25.0, 84.0, 30.0, -11.0, -34.0, -48.0, -48.0, -81.0, 1.0, -2.0, 44.0, 76.0, -3.0, 5.0, -83.0, 17.0, -48.0, -88.0, -24.0, -97.0, 30.0, 25.0, 60.0, 80.0, -60.0, 19.0, -4.0, -12.0, 49.0, ' -21.0', ' -5.0', ' -74.0]']",,,,,,
1740060673.732068,ble-pd-B43A31EF7B26,9036da21-04ae-6392-d2f4-e3cb1fa4e75e,6346,17,-68.0,-77.0,,-68.0,-53.0,,,2.7024570972277933,-1.5778228110149617,,-1.5002803485034517,-0.7599409699918951,,,0.4347348158186983,0.4620741950686928,,0.1357422029334498,0.3678778512299021,,,,,,-3.54,6.84,1.96,"['[6.0', 30.0, 12.0, -19.0, -27.0, 3.0, 29.0, 15.0, -23.0, -12.0, 14.0, 61.0, -15.0, 6.0, 17.0, 69.0, -44.0, -58.0, -10.0, 40.0, 3.0, -57.0, 36.0, 5.0, -15.0, -69.0, -39.0, 33.0, -1.0, -93.0, 28.0, -6.0, -14.0, -90.0, -18.0, 17.0, -18.0, -120.0, 0.0, 40.0, 17.0, -20.0, -15.0, 14.0, 58.0, -14.0, 7.0, 17.0, 70.0, -41.0, -55.0, -10.0, 41.0, 4.0, -60.0, 33.0, 6.0, -16.0, -68.0, -39.0, 34.0, -1.0, -92.0, 26.0, -7.0, -15.0, -90.0, -19.0, 16.0, -17.0, -120.0, 0.0, 41.0, 18.0, -22.0, -14.0, 13.0, 57.0, -12.0, 9.0, 16.0, ' 69.0]']","['[29.0', 3.0, -26.0, -21.0, 11.0, 29.0, 7.0, -25.0, -3.0, -94.0, 73.0, -22.0, 40.0, -77.0, 84.0, -39.0, -25.0, -73.0, 29.0, -20.0, -22.0, -91.0, 67.0, -76.0, 8.0, -57.0, 22.0, -23.0, -56.0, -74.0, 34.0, -26.0, -39.0, -31.0, 0.0, 0.0, -38.0, -18.0, 1.0, -18.0, -24.0, -4.0, -93.0, 71.0, -24.0, 39.0, -76.0, 84.0, -40.0, -27.0, -76.0, 28.0, -21.0, -21.0, -89.0, 69.0, -76.0, 8.0, -59.0, 23.0, -23.0, -57.0, -72.0, 33.0, -28.0, -38.0, -29.0, 0.0, 0.0, -38.0, -22.0, 1.0, -17.0, -25.0, -7.0, -94.0, 70.0, -25.0, 40.0, -76.0, 84.0, ' -36.0]']","['[-12.0', -21.0, ' 6.0', 23.0, 0.0, -25.0, -7.0, 23.0, 14.0, 34.0, 24.0, 25.0, 1.0, -6.0, -42.0, -69.0, -23.0, 46.0, 3.0, -2.0, 26.0, -13.0, 40.0, -25.0, 105.0, -1.0, 86.0, 8.0, 72.0, -4.0, 47.0, -36.0, 72.0, 43.0, 120.0, 0.0, 123.0, 5.0, 23.0, 2.0, 26.0, 4.0, 27.0, 12.0, 24.0, -7.0, -10.0, -46.0, -68.0, -33.0, 41.0, -7.0, -5.0, 21.0, -10.0, 38.0, -19.0, 97.0, -2.0, 82.0, 3.0, 65.0, -11.0, 50.0, -44.0, 79.0, 48.0, 115.0, 5.0, 120.0, 12.0, 30.0, 5.0, 26.0, 0.0, 18.0, 0.0, 23.0, -14.0, -9.0, -52.0, ' -67.0]']","['[-20.0', ' 10.0', ' 22.0', -4.0, -23.0, -3.0, 22.0, 9.0, -30.0, -55.0, -87.0, -1.0, -57.0, -3.0, -43.0, 0.0, -63.0, -43.0, -57.0, -12.0, -25.0, 3.0, -17.0, 30.0, -37.0, 3.0, -27.0, -29.0, -31.0, -52.0, 11.0, -58.0, 40.0, 27.0, -35.0, 35.0, 0.0, 26.0, 63.0, 7.0, 5.0, -32.0, -59.0, -90.0, -5.0, -57.0, -3.0, -38.0, 9.0, -56.0, -52.0, -58.0, -12.0, -31.0, 7.0, -21.0, 34.0, -58.0, 3.0, -40.0, -29.0, -43.0, -51.0, 2.0, -52.0, 27.0, 20.0, -54.0, 37.0, -26.0, 25.0, 59.0, 5.0, 0.0, -31.0, -64.0, -93.0, -8.0, -55.0, -1.0, -28.0, ' 24.0]']",,,"['[9.0', -33.0, -32.0, 10.0, 40.0, 17.0, -27.0, -39.0, 21.0, 37.0, -29.0, -62.0, -59.0, 15.0, -40.0, 61.0, -29.0, 19.0, 58.0, -4.0, 48.0, -29.0, -10.0, -75.0, -47.0, -24.0, -48.0, -5.0, 18.0, 25.0, 70.0, 17.0, 125.0, 2.0, 14.0, -7.0, -80.0, 14.0, -55.0, 62.0, 13.0, -51.0, -37.0, -12.0, 41.0, 9.0, 51.0, 43.0, -12.0, 57.0, -5.0, -15.0, -8.0, -72.0, 22.0, -25.0, 56.0, -16.0, 11.0, 60.0, 24.0, 43.0, -39.0, -32.0, -74.0, -77.0, -10.0, -85.0, -6.0, 39.0, 0.0, 92.0, -12.0, 23.0, 45.0, 11.0, 45.0, 7.0, 47.0, ' -82.0', ' -17.0', ' -45.0]']","['[-39.0', -21.0, 24.0, 39.0, 4.0, -36.0, -30.0, 15.0, 49.0, 17.0, 41.0, -3.0, 38.0, -80.0, -24.0, -35.0, -49.0, -8.0, -30.0, 15.0, 54.0, -2.0, 43.0, -13.0, 57.0, 5.0, -39.0, -25.0, -69.0, 29.0, -18.0, 85.0, -3.0, 11.0, 101.0, 14.0, 18.0, -10.0, -75.0, -39.0, -41.0, -16.0, 17.0, -48.0, -44.0, -70.0, 64.0, -14.0, 68.0, 10.0, 20.0, 63.0, -13.0, 4.0, -20.0, -36.0, -49.0, -71.0, -22.0, -15.0, 11.0, 57.0, 1.0, 66.0, -42.0, 100.0, -6.0, -54.0, -13.0, -74.0, 16.0, 5.0, 73.0, 36.0, -30.0, -38.0, 23.0, 61.0, 55.0, ' -1.0', ' 42.0', ' -53.0]']",,,,,,
1740060674.732025,ble-pd-B43A31EF7B26,65077ede-7ac6-55fb-cb1c-196f87ad2b27,6347,9,-60.0,-80.0,,-66.0,-55.0,-50.0,-58.0,2.80735208834718,-1.56036099637953,,-1.5205456728184097,-0.879800717493757,-2.1543198495946507,-0.7732322304889605,0.3795206620710624,0.5205528183910343,,0.2013193323385862,0.4477179062711149,0.6142118236055638,0.7415843405678394,-3.215575218200684,6.945850372314453,1.5220882892608645,-3.54,6.84,1.96,"['[38.0', -38.0, -62.0, -1.0, 61.0, 42.0, -34.0, -64.0, -11.0, 72.0, -11.0, -8.0, -6.0, 79.0, -70.0, -9.0, 23.0, 67.0, 24.0, -26.0, 8.0, 115.0, -62.0, 36.0, -16.0, 77.0, 8.0, -40.0, 32.0, 112.0, -16.0, 2.0, 47.0, 75.0, 4.0, -28.0, 12.0, 95.0, 2.0, -13.0, -60.0, -14.0, 81.0, -21.0, -7.0, -5.0, 86.0, -80.0, -1.0, 21.0, 73.0, 16.0, -31.0, 15.0, 126.0, -67.0, 38.0, -18.0, 83.0, -1.0, -40.0, 34.0, 109.0, -22.0, 2.0, 48.0, 72.0, 2.0, -31.0, 13.0, 87.0, -2.0, -11.0, -58.0, -14.0, 90.0, -31.0, -7.0, -4.0, 98.0, -86.0, ' 6.0]']","['[-53.0', -53.0, 18.0, 66.0, 23.0, -49.0, -55.0, 11.0, -9.0, 70.0, -75.0, 2.0, 5.0, 78.0, -65.0, 62.0, -22.0, 41.0, -47.0, -36.0, 45.0, 19.0, -40.0, 20.0, -16.0, 36.0, -61.0, -6.0, 13.0, -11.0, -39.0, 6.0, 8.0, -18.0, -12.0, -20.0, 4.0, -68.0, -41.0, 13.0, 21.0, -5.0, 60.0, -73.0, 4.0, 4.0, 65.0, -52.0, 63.0, -24.0, 28.0, -51.0, -31.0, 43.0, 1.0, -33.0, 15.0, -14.0, 21.0, -62.0, -2.0, 6.0, -27.0, -35.0, 5.0, 3.0, -29.0, -13.0, -15.0, 1.0, -81.0, -42.0, 15.0, 26.0, -4.0, 46.0, -70.0, 5.0, 6.0, 51.0, -42.0, ' 64.0]']","['[4.0', 16.0, ' 0.0', -17.0, -4.0, 16.0, 9.0, -15.0, 23.0, -58.0, 8.0, -22.0, 26.0, -1.0, 84.0, 34.0, 9.0, -7.0, -1.0, 0.0, -20.0, 2.0, -31.0, 57.0, -95.0, 27.0, -85.0, 8.0, -32.0, -1.0, -10.0, 19.0, -71.0, -67.0, -84.0, -22.0, -85.0, -2.0, -68.0, -6.0, -16.0, 36.0, -46.0, 32.0, -20.0, 36.0, 1.0, 89.0, 29.0, 20.0, 0.0, 6.0, 4.0, -17.0, 7.0, -22.0, 56.0, -79.0, 25.0, -73.0, 11.0, -24.0, -1.0, -3.0, 18.0, -73.0, -61.0, -68.0, -29.0, -76.0, -9.0, -69.0, 0.0, -15.0, 46.0, -27.0, 58.0, -18.0, 48.0, 3.0, 85.0, ' 24.0]']","['[18.0', ' -1.0', ' -18.0', -2.0, 16.0, 8.0, -14.0, -11.0, 59.0, 66.0, 114.0, 9.0, 58.0, 7.0, 26.0, -19.0, 52.0, 35.0, 38.0, 27.0, 9.0, 24.0, 30.0, 4.0, 68.0, -8.0, 34.0, 12.0, 30.0, 0.0, 33.0, -7.0, -6.0, 20.0, 54.0, -36.0, 33.0, -30.0, -16.0, 29.0, -4.0, 54.0, 76.0, 111.0, 12.0, 54.0, 8.0, 3.0, -25.0, 49.0, 37.0, 37.0, 25.0, 14.0, 23.0, 35.0, -9.0, 89.0, -11.0, 55.0, 9.0, 36.0, 0.0, 33.0, -11.0, 6.0, 34.0, 73.0, -30.0, 51.0, -28.0, -1.0, 31.0, -2.0, 45.0, 85.0, 102.0, 17.0, 44.0, 7.0, -13.0, ' -32.0]']",,,"['[-54.0', -48.0, 19.0, 62.0, 26.0, -44.0, -56.0, 3.0, -27.0, 35.0, 55.0, 75.0, -2.0, -47.0, -77.0, -106.0, -18.0, -65.0, -59.0, 5.0, -41.0, 91.0, -20.0, 62.0, 51.0, 30.0, 1.0, -71.0, -82.0, 7.0, -50.0, 21.0, -74.0, 6.0, 67.0, 19.0, 81.0, -13.0, 76.0, -79.0, -52.0, 110.0, 30.0, 8.0, -73.0, -16.0, -37.0, 60.0, 90.0, -3.0, 27.0, 46.0, 72.0, 78.0, -52.0, 31.0, -101.0, -2.0, -82.0, -84.0, 16.0, 2.0, 40.0, 30.0, 16.0, 35.0, 22.0, 15.0, -34.0, -62.0, -46.0, -102.0, -27.0, 46.0, -84.0, -67.0, -63.0, -2.0, 18.0, ' 86.0', ' 15.0', ' 16.0]']","['[-32.0', 40.0, 59.0, 4.0, -56.0, -44.0, 26.0, 59.0, -112.0, -56.0, -43.0, 38.0, 20.0, 70.0, -24.0, -43.0, 15.0, 5.0, -21.0, -84.0, -66.0, 7.0, -22.0, 79.0, -27.0, 77.0, 95.0, 22.0, 40.0, -51.0, -5.0, -30.0, 3.0, -29.0, -55.0, 29.0, 26.0, 62.0, 74.0, 75.0, -22.0, 32.0, 59.0, 68.0, 45.0, -13.0, -77.0, -54.0, -70.0, -22.0, -59.0, -41.0, 45.0, -2.0, 76.0, -6.0, 14.0, 58.0, -11.0, -45.0, -72.0, -94.0, 33.0, -40.0, 33.0, -65.0, 21.0, 85.0, 2.0, 58.0, -43.0, 30.0, -105.0, -32.0, 76.0, 0.0, -28.0, -85.0, -7.0, ' 7.0', ' 80.0', ' 110.0]']",,,,,,
1740060675.729066,ble-pd-B43A31EF7B26,4eb5f350-d0d0-3dbe-dd52-dd9acb5d94b7,6348,10,-61.0,-78.0,,-64.0,-59.0,-51.0,-64.0,2.786667848792753,-1.563114438630563,,-1.5311636960845556,-0.9872728037909092,-2.262994037906463,-0.5897865310190444,0.3541077469746039,0.4665293639667728,,0.1680266229192876,0.6142118235420576,0.4065131995408292,0.8706444159900681,,,,-3.54,6.84,1.96,"['[-50.0', -23.0, 36.0, 45.0, -6.0, -49.0, -25.0, 30.0, -13.0, 2.0, -35.0, 21.0, 8.0, 0.0, -8.0, 54.0, -27.0, -24.0, -38.0, -17.0, 29.0, -55.0, 4.0, -6.0, -14.0, -22.0, -41.0, 0.0, -7.0, -59.0, -13.0, 0.0, -18.0, -61.0, 3.0, -21.0, 0.0, -103.0, -22.0, 13.0, 36.0, -9.0, -17.0, -29.0, 23.0, 10.0, -11.0, 7.0, 50.0, -27.0, -32.0, -38.0, -11.0, 27.0, -68.0, 13.0, -12.0, -11.0, -32.0, -39.0, 4.0, -10.0, -71.0, -6.0, -1.0, -23.0, -63.0, 3.0, -14.0, 0.0, -107.0, -20.0, 16.0, 41.0, -6.0, -35.0, -24.0, 24.0, 12.0, -24.0, 21.0, ' 46.0]']","['[-6.0', 45.0, 36.0, -22.0, -50.0, -9.0, 44.0, 39.0, 18.0, -110.0, 29.0, 13.0, 15.0, -81.0, 87.0, -22.0, -4.0, -58.0, -1.0, 32.0, -14.0, -89.0, 68.0, -39.0, 19.0, -64.0, 17.0, 31.0, -17.0, -81.0, 38.0, -2.0, -37.0, -25.0, -5.0, 36.0, 0.0, -50.0, 9.0, 14.0, 33.0, 20.0, -109.0, 34.0, 9.0, 14.0, -80.0, 88.0, -31.0, -1.0, -54.0, 3.0, 35.0, -17.0, -80.0, 68.0, -37.0, 21.0, -61.0, 23.0, 31.0, -15.0, -72.0, 40.0, -2.0, -34.0, -16.0, -5.0, 40.0, 0.0, -34.0, 12.0, 11.0, 27.0, 22.0, -103.0, 39.0, 5.0, 12.0, -78.0, 86.0, ' -40.0]']","['[6.0', 19.0, ' -2.0', -18.0, -3.0, 17.0, 8.0, -16.0, 3.0, -32.0, -24.0, -12.0, 0.0, 2.0, 61.0, 41.0, 5.0, -4.0, -5.0, 0.0, -18.0, 8.0, -32.0, 55.0, -109.0, 20.0, -84.0, 6.0, -24.0, 5.0, -16.0, 28.0, -65.0, -51.0, -80.0, -13.0, -84.0, -3.0, -54.0, -7.0, -20.0, 19.0, -20.0, -1.0, -8.0, 12.0, 3.0, 69.0, 34.0, 19.0, 5.0, 4.0, 4.0, -16.0, 13.0, -26.0, 55.0, -96.0, 22.0, -79.0, 13.0, -18.0, 8.0, -11.0, 29.0, -69.0, -48.0, -68.0, -21.0, -70.0, -9.0, -58.0, -3.0, -19.0, 33.0, -7.0, 23.0, -3.0, 27.0, 1.0, 73.0, ' 26.0]']","['[17.0', ' -4.0', ' -18.0', 0.0, 18.0, 7.0, -16.0, -10.0, 62.0, 49.0, 97.0, 15.0, 56.0, -3.0, 45.0, -26.0, 53.0, 44.0, 39.0, 22.0, 7.0, 20.0, 22.0, 9.0, 51.0, 15.0, 15.0, 26.0, 23.0, 12.0, 23.0, 0.0, -21.0, 1.0, 49.0, -25.0, 41.0, -21.0, -16.0, 16.0, -4.0, 59.0, 54.0, 101.0, 16.0, 56.0, -3.0, 28.0, -37.0, 51.0, 43.0, 40.0, 21.0, 11.0, 15.0, 29.0, -2.0, 75.0, 10.0, 35.0, 24.0, 28.0, 10.0, 27.0, -7.0, -6.0, 11.0, 65.0, -21.0, 61.0, -17.0, -5.0, 18.0, 1.0, 52.0, 58.0, 98.0, 18.0, 49.0, -3.0, 10.0, ' -46.0]']",,,"['[2.0', 57.0, 38.0, -31.0, -61.0, -13.0, 52.0, 49.0, -77.0, -68.0, -45.0, -11.0, 14.0, 64.0, 42.0, -11.0, 3.0, 56.0, 6.0, -58.0, -45.0, -8.0, -35.0, 44.0, -51.0, 48.0, 59.0, 62.0, 79.0, -24.0, 3.0, -25.0, 18.0, -25.0, -89.0, 14.0, -39.0, 29.0, 48.0, 65.0, 10.0, -2.0, 11.0, 55.0, 54.0, 15.0, -61.0, -52.0, -98.0, -12.0, -78.0, -42.0, -14.0, -43.0, 60.0, 15.0, 25.0, 50.0, 47.0, 12.0, -60.0, -78.0, 14.0, -64.0, 28.0, -48.0, 8.0, 53.0, 15.0, 101.0, 10.0, 50.0, -26.0, -53.0, 80.0, 58.0, -11.0, -41.0, -29.0, ' -4.0', ' 8.0', ' 102.0]']","['[61.0', 19.0, -50.0, -54.0, 10.0, 60.0, 33.0, -36.0, 47.0, 24.0, -39.0, -56.0, -25.0, 32.0, 36.0, 115.0, 12.0, 57.0, 44.0, 48.0, 75.0, -63.0, 3.0, -54.0, -29.0, -84.0, -49.0, 33.0, 44.0, -3.0, 70.0, -18.0, 44.0, 3.0, -9.0, -26.0, -94.0, -29.0, -87.0, -5.0, 58.0, -90.0, -72.0, -19.0, 18.0, 25.0, 40.0, 19.0, -63.0, -3.0, 19.0, -15.0, -76.0, -77.0, 22.0, -33.0, 65.0, -30.0, 85.0, 77.0, 38.0, 49.0, -19.0, -30.0, -13.0, -5.0, -23.0, -72.0, 25.0, 15.0, 40.0, 86.0, 58.0, -21.0, 42.0, 45.0, 58.0, 41.0, 0.0, ' -73.0', ' -54.0', ' -53.0]']",,,,,,
